511 818 408 290 960 745 941 424 450 442 352 11 981 590 761 136 927 118 104 984 977 425 824 195 901 66 816 969 363 980 770 555 512 205 689 313 
583 57 128 602 773 948 198 932 799 492 56 728 262 939 28 702 746 667 459 959 848 87 924 151 573 16 93 524 286 817 501 448 404 385 185 587 545 83 
715 495 247 142 769 732 506 238 429 82 509 212 342 611 467 955 953 907 870 841 316 152 748 329 31 76 94 426 453 63 806 531 433 103 854 470 386 235 15 
861 638 411 663 628 208 942 943 921 910 869 807 802 809 771 763 747 727 679 527 508 388 376 258 243 157 173 4 582 6 417 362 933 782 613 361 265 89 772 158 190 752 719 668 446 367 145 52 
201 364 443 138 85 588 738 966 548 186 246 140 77 79 435 224 447 
654 513 178 12 878 850 649 405 873 836 556 343 890 794 805 787 32 88 569 33 768 461 
820 744 624 297 852 815 798 793 225 692 844 740 557 699 114 116 131 148 
326 379 734 722 211 251 464 913 837 473 47 451 368 892 
456 423 493 303 395 616 110 968 724 189 345 578 811 926 81 
380 126 970 684 672 143 621 161 229 133 627 203 322 366 688 3 384 65 814 135 452 144 828 737 729 580 239 170 
846 281 96 437 476 482 255 528 696 845 550 449 620 264 800 897 779 710 644 867 893 673 321 216 120 311 883 69 
894 614 307 718 523 259 338 432 612 651 622 150 51 98 355 
930 640 575 279 101 454 544 730 757 231 480 123 801 840 358 909 337 
742 5 458 233 912 778 193 68 725 647 127 36 635 709 594 792 200 38 657 109 
619 786 634 50 373 979 90 832 880 315 538 584 694 278 219 857 397 99 631 826 132 726 821 703 
97 277 708 324 184 48 117 276 947 354 398 403 823 
498 864 407 517 965 468 705 751 570 202 92 24 704 714 412 339 731 853 20 
516 164 833 764 608 357 604 115 975 971 410 226 488 739 309 
896 230 428 414 183 272 788 240 172 70 232 156 691 918 466 332 274 1000 633 720 
374 534 296 884 922 213 445 661 430 210 876 863 105 486 827 
155 560 785 888 607 146 335 283 67 325 53 885 365 693 478 808 838 637 610 382 26 54 
113 572 188 289 59 875 457 147 934 928 317 330 86 520 898 862 
396 499 460 413 626 271 677 855 30 967 249 179 197 377 810 562 409 209 
207 436 176 678 522 796 642 561 250 598 822 982 214 701 119 294 112 
567 134 333 62 27 341 295 124 592 319 711 75 636 
929 475 804 755 234 646 418 42 284 181 
391 159 585 1 597 22 500 577 49 532 986 266 236 858 547 723 125 421 750 956 
781 990 935 915 477 444 791 64 615 275 700 695 305 988 797 549 603 985 46 
564 717 698 670 952 291 139 914 571 154 671 563 308 515 122 78 141 137 192 767 
973 298 630 487 434 712 273 950 304 351 469 813 491 416 237 519 13 881 686 
900 37 474 306 269 344 543 889 536 267 789 336 399 783 886 938 280 687 987 
165 766 221 680 961 859 301 
