781 511 818 408 290 960 745 941 424 450 442 352 11 981 421 590 761 136 927 118 104 984 977 425 824 195 901 66 816 969 363 409 980 988 770 555 512 205 
583 57 128 602 773 403 948 198 932 799 492 56 728 262 939 28 702 746 667 459 900 959 848 87 924 151 573 16 93 524 286 817 501 448 404 385 185 
629 477 558 227 600 350 973 951 944 914 889 895 874 887 849 843 775 790 766 741 735 686 653 596 617 606 525 554 505 392 389 310 287 215 239 270 106 868 665 645 471 139 883 530 515 378 643 393 401 248 91 
715 495 247 142 769 732 506 238 429 82 509 212 398 342 611 467 955 946 953 907 870 841 316 291 152 748 329 31 76 94 426 453 63 806 531 433 103 
334 926 935 908 546 915 430 25 759 69 559 936 268 902 753 829 360 830 856 503 568 415 729 539 300 356 39 180 597 222 625 323 854 
861 638 411 663 628 208 942 943 921 910 869 807 802 809 771 763 755 747 727 679 527 508 388 376 258 243 157 173 4 582 577 6 417 362 933 782 613 361 265 89 772 158 190 
148 201 768 364 913 443 138 85 588 491 605 738 966 548 671 186 246 140 77 79 623 54 435 224 
737 689 52 42 654 513 178 12 894 878 850 649 405 873 836 556 399 343 890 794 805 787 20 32 88 569 236 33 
485 820 744 624 109 297 852 815 798 793 367 225 154 692 844 740 557 209 
326 722 703 386 354 47 451 368 379 446 543 536 211 251 464 695 837 473 13 892 
456 823 423 493 303 726 395 616 110 968 853 724 189 345 578 811 
380 126 545 970 684 672 143 621 161 229 133 627 203 322 366 688 266 3 384 65 814 135 452 144 
846 281 96 437 476 482 255 528 696 845 550 699 449 620 264 800 897 141 779 710 644 867 893 673 321 313 216 120 311 
614 307 718 523 259 51 612 651 783 886 150 622 355 382 610 338 752 112 
930 640 575 474 670 279 101 454 544 916 637 730 862 757 336 231 480 123 196 801 840 358 
742 5 458 309 233 912 778 193 68 725 647 127 36 635 709 434 594 792 200 38 
619 786 634 50 373 979 90 832 880 315 538 584 694 278 219 857 397 99 687 631 294 826 296 580 132 
731 97 277 170 633 708 324 184 797 48 117 276 21 947 131 
498 587 864 407 517 98 680 965 468 705 125 751 719 570 202 275 92 24 704 714 412 339 
516 164 833 764 608 357 813 455 604 547 115 975 318 971 410 226 488 739 
681 896 230 428 414 183 272 788 240 172 70 232 156 526 691 918 603 83 466 332 274 
374 210 876 827 884 922 668 445 863 105 534 661 116 
18 64 444 717 
331 961 859 1000 228 187 720 9 750 213 
758 169 80 71 581 828 541 8 245 685 660 340 447 497 664 19 432 162 235 145 55 280 
734 155 585 560 785 888 607 146 15 351 335 283 67 723 325 53 885 365 693 478 808 838 
113 572 188 289 59 875 337 457 22 147 221 934 928 909 317 563 330 657 821 86 520 898 
396 499 108 460 413 626 271 677 855 30 304 967 249 571 179 197 267 377 137 599 810 562 
207 436 176 678 522 81 796 470 642 561 250 929 344 615 598 822 982 214 701 119 263 486 
567 589 134 333 62 487 698 27 341 295 124 114 592 23 319 519 711 75 636 
26 804 181 234 237 284 298 418 461 475 646 
1 301 165 
