818 290 960 745 941 424 442 11 590 761 136 927 118 104 984 977 425 824 195 969 363 980 770 555 512 205 704 113 134 739 241 
583 57 773 948 198 799 56 728 262 939 28 746 667 459 959 848 87 924 151 573 16 93 524 286 817 501 448 404 385 185 587 545 83 567 929 693 646 468 
364 443 588 738 966 548 246 77 79 224 447 475 789 797 357 922 516 94 
379 734 464 473 451 699 700 
456 423 493 968 189 345 578 869 892 914 144 
380 970 684 672 143 621 161 229 322 366 688 3 384 65 814 135 828 737 729 580 239 170 896 410 492 414 289 
846 281 96 437 476 482 255 528 696 550 620 264 800 779 710 644 867 893 673 216 120 311 883 313 
614 307 718 523 259 338 612 150 355 678 326 78 
640 935 279 337 454 909 705 757 480 123 358 938 98 840 
742 5 233 912 778 68 725 647 127 635 709 38 657 109 544 671 450 
619 786 50 373 983 726 979 703 832 933 880 584 538 694 766 278 219 857 397 99 631 132 
864 407 517 570 202 412 731 853 20 138 306 791 
604 115 309 833 226 608 967 4 702 953 
183 272 788 240 232 466 720 51 421 751 
296 661 876 105 827 500 234 70 110 744 
785 888 607 146 283 67 325 885 365 808 26 54 594 474 428 230 37 
572 188 317 330 520 898 862 804 221 506 27 210 
488 339 207 598 112 436 176 982 701 522 764 119 294 642 267 52 
62 341 295 592 711 636 368 
391 159 585 1 597 577 49 986 266 236 858 547 125 956 193 838 925 513 
781 990 915 477 444 64 615 275 695 305 549 603 985 713 
564 717 698 952 670 291 139 845 154 303 563 352 308 515 122 48 141 137 767 
269 344 543 889 536 156 336 399 783 886 280 687 201 987 418 562 
413 25 1000 727 811 692 884 793 406 39 75 997 498 638 755 458 126 
534 370 900 372 318 319 44 998 949 457 674 721 863 214 478 627 622 689 724 200 53 90 
429 964 834 894 356 333 220 140 181 192 73 560 836 36 69 
826 231 449 816 655 719 917 190 411 932 133 40 643 974 813 250 
758 142 271 633 324 716 875 860 228 43 218 203 327 747 284 213 
844 155 360 730 675 735 656 395 340 712 913 691 856 293 315 435 
499 589 182 722 610 723 430 186 164 158 809 321 837 902 329 965 
571 774 128 251 263 124 762 465 821 750 86 923 486 382 
801 878 66 85 432 575 651 859 
24 971 33 42 211 866 897 
