962 983 978 609 950 952 855 842 828 777 780 795 830 756 733 723 697 662 985 991 987 365 372 387 402 289 353 73 102 989 988 504 420 421 453 990 992 172 46 996 1000 997 998 999 993 994 995 986 593 263 35 
824 726 818 450 195 66 745 566 501 442 409 690 487 522 363 424 374 290 32 317 325 590 408 980 984 981 982 977 979 969 967 960 947 941 927 917 816 742 445 136 188 196 11 104 901 425 
812 754 808 510 514 204 694 519 288 240 764 652 242 24 50 639 580 305 306 80 551 976 974 965 971 964 958 945 937 883 871 831 833 822 774 682 658 539 436 113 147 54 92 122 
583 57 128 602 704 461 773 403 948 198 932 928 799 401 68 492 695 56 728 262 939 209 28 530 702 746 271 667 459 900 298 959 59 848 87 924 151 922 968 573 853 16 93 524 797 286 
629 477 558 227 698 572 600 350 29 973 951 944 914 889 895 874 887 849 843 775 790 766 741 749 735 686 653 596 617 606 525 554 505 392 389 284 310 287 215 239 270 133 18 106 868 665 646 645 471 214 139 
805 715 787 794 772 495 247 142 786 769 732 506 296 238 429 237 82 676 509 212 398 342 611 467 961 955 946 953 930 907 870 841 813 660 316 291 152 748 562 329 31 76 94 
719 576 489 458 62 701 681 672 327 127 635 454 536 496 680 497 468 970 963 954 929 920 912 899 880 882 876 863 832 817 670 678 634 648 574 526 249 269 167 22 37 956 579 432 357 
607 559 507 464 323 334 182 729 625 597 415 268 664 149 180 515 356 503 430 936 934 935 926 908 915 902 888 862 854 829 781 759 753 731 360 294 222 211 25 856 557 
885 861 638 411 663 628 208 942 943 921 910 875 869 838 807 802 809 771 763 755 747 727 679 661 643 527 508 388 376 258 221 243 116 157 173 4 582 577 6 
762 738 687 413 148 77 806 548 246 138 85 132 913 892 825 801 760 768 712 671 623 605 484 311 140 186 200 79 88 966 364 
737 549 689 677 341 52 42 654 513 344 178 706 534 164 12 909 904 894 878 850 857 840 779 750 717 649 657 631 581 405 332 158 873 836 588 556 399 343 
541 469 346 613 375 174 483 427 472 465 903 906 893 896 879 884 864 865 866 851 858 834 811 721 683 419 370 406 223 279 130 
485 435 820 823 744 624 615 546 109 7 358 297 228 890 877 867 852 815 798 793 752 713 720 626 367 225 154 692 
564 540 568 369 349 137 293 254 153 320 162 45 474 252 859 826 847 835 819 770 757 716 710 630 571 533 390 171 60 589 299 86 
407 47 244 362 386 404 354 13 837 785 739 722 693 703 563 537 473 451 446 368 326 251 118 160 543 414 30 
218 119 115 700 598 494 231 784 743 730 650 659 637 644 455 460 416 463 377 302 335 230 217 107 124 67 791 433 256 91 
447 224 272 333 70 108 758 761 734 685 555 337 324 280 163 169 19 53 71 972 438 145 
493 423 303 724 594 616 578 478 462 466 456 395 295 304 345 321 189 531 201 
381 34 591 371 261 575 319 647 248 500 905 166 608 17 144 
330 565 569 553 517 422 410 308 226 233 168 36 72 441 14 43 
778 339 219 207 112 90 309 394 348 586 273 918 938 544 
340 300 385 170 175 338 38 336 26 378 418 123 205 9 83 131 181 
274 194 114 488 518 512 393 213 236 125 187 191 74 98 570 
283 379 498 292 479 64 277 603 444 260 491 
331 193 134 1 183 146 99 740 84 165 486 
117 120 276 5 39 49 97 105 21 48 708 
529 220 159 313 216 58 267 27 103 63 100 10 250 
640 110 41 184 126 89 69 81 20 
61 499 619 177 516 176 101 190 2 796 916 199 245 592 232 253 711 352 312 776 666 632 891 75 383 587 881 765 923 767 
380 545 434 210 143 33 161 621 229 627 203 322 366 688 933 266 827 3 426 318 384 156 725 751 65 814 821 135 452 417 
396 567 361 846 281 96 437 476 482 255 528 696 470 845 550 547 668 709 699 449 620 789 235 202 397 264 800 897 431 141 
511 44 949 684 502 552 439 443 351 111 481 561 315 8 844 265 714 475 975 633 601 931 674 257 55 636 872 192 412 
155 673 614 585 307 718 523 259 618 15 51 185 197 804 782 792 234 612 651 783 448 886 150 736 622 810 355 382 
