962 983 978 609 950 952 855 842 777 780 795 830 756 733 723 697 662 985 991 987 365 372 387 402 289 353 73 102 989 504 420 453 990 992 172 46 996 1000 997 998 999 993 994 995 986 593 263 35 594 34 84 
824 726 818 450 195 66 745 442 409 487 363 424 374 290 32 317 325 590 408 980 984 981 982 977 969 967 960 947 941 927 917 816 445 136 188 196 11 104 901 425 421 
812 754 808 510 514 204 519 288 240 764 652 242 24 639 580 305 306 551 976 974 965 971 964 958 945 937 871 831 833 822 774 682 658 539 436 113 147 54 92 122 479 414 
583 57 128 602 704 461 773 403 948 198 932 928 799 492 695 56 728 262 939 209 28 702 746 271 667 459 900 298 959 848 87 924 151 922 968 573 16 93 524 286 817 717 501 448 
629 477 558 227 698 572 600 350 973 951 944 914 889 895 874 887 849 843 775 790 766 741 735 686 653 596 617 606 525 554 505 392 389 310 287 215 239 270 133 18 106 868 665 646 645 471 139 934 883 530 515 378 
805 715 787 772 495 247 142 769 732 506 238 429 237 82 509 212 398 342 611 467 961 955 946 953 907 870 841 813 660 316 291 152 748 329 31 76 94 426 
607 559 464 323 334 182 729 625 597 415 268 664 149 180 356 503 430 936 935 926 908 915 902 888 854 829 781 759 753 731 360 222 211 25 856 557 806 568 546 
885 861 638 411 663 628 208 942 943 921 910 875 869 838 807 802 809 771 763 755 747 727 679 661 643 527 508 388 376 258 221 243 116 157 173 4 582 577 6 863 417 362 
762 738 687 413 148 77 548 246 138 85 913 892 760 768 712 671 623 605 311 140 186 200 79 88 966 364 248 146 
737 549 689 677 341 52 42 654 513 344 178 706 534 164 12 909 894 878 850 840 649 657 581 405 332 158 873 836 588 556 399 343 890 794 
469 346 613 375 174 483 427 472 465 903 906 893 896 879 884 864 865 866 851 858 834 811 721 683 419 370 406 223 130 918 821 484 396 244 
485 820 823 744 624 615 109 7 358 297 228 877 867 852 815 798 793 752 720 626 367 225 154 692 844 
153 589 390 564 835 819 630 171 859 191 770 847 60 293 168 571 540 369 320 162 716 254 252 86 45 137 299 533 
407 47 386 404 354 13 837 785 739 722 693 703 473 451 446 368 326 251 543 536 
758 224 169 80 333 71 324 438 541 272 685 447 497 70 19 555 145 55 280 761 750 
456 423 493 466 295 724 304 578 303 395 616 531 125 853 321 189 478 345 801 201 
340 300 385 170 338 26 418 205 83 181 284 
20 498 110 126 184 89 69 9 194 33 187 81 488 98 393 114 213 
379 292 64 277 603 444 260 491 412 433 
331 134 1 183 740 165 
61 499 177 516 176 2 796 199 245 592 232 711 352 776 666 632 891 75 383 587 881 765 923 767 566 570 507 460 118 
380 545 434 210 143 161 621 229 627 203 322 366 688 933 266 827 3 384 156 65 814 135 452 970 216 59 
567 846 281 96 437 476 482 255 528 696 845 550 547 709 699 449 620 789 235 202 397 264 800 897 141 779 710 644 318 207 
511 44 949 684 502 552 439 351 111 481 561 8 265 714 475 601 257 636 192 782 
155 673 614 585 307 718 523 259 618 51 197 804 612 651 783 886 150 736 622 810 355 382 253 
930 640 575 474 670 279 672 101 454 190 544 916 49 10 637 730 862 757 38 792 336 234 231 112 690 480 123 275 
940 159 972 919 860 537 217 218 576 522 641 15 327 642 91 163 74 236 381 283 160 441 432 563 931 674 586 496 
742 50 5 458 428 309 233 912 443 778 470 468 193 713 23 975 68 725 647 127 36 214 988 635 520 826 144 
619 786 734 634 373 979 90 832 457 274 359 880 249 315 538 584 694 278 610 219 857 99 631 294 349 296 435 
542 285 108 876 954 95 905 30 828 241 462 185 401 743 41 53 526 751 394 904 132 410 72 512 518 486 
361 97 681 633 708 120 39 337 105 797 48 117 276 21 131 
529 220 668 313 267 58 749 27 103 63 100 569 825 562 250 
