962 983 978 609 950 952 855 842 777 780 795 756 733 723 697 662 985 991 987 365 372 387 402 289 353 73 102 989 504 420 990 992 46 996 997 998 999 993 994 995 986 593 263 35 594 34 84 
781 511 818 408 290 188 960 745 967 941 317 424 450 442 325 352 11 981 421 590 761 136 927 118 104 984 977 947 425 824 195 901 66 816 969 363 982 409 980 
583 57 128 602 461 773 403 948 198 932 928 799 492 695 56 728 262 939 209 28 702 746 271 667 459 900 298 959 848 87 924 151 968 573 16 93 524 286 817 501 448 404 
629 477 558 227 698 600 350 973 951 944 914 889 895 874 887 849 843 775 790 766 741 735 686 653 596 617 606 525 554 505 392 389 310 287 215 239 270 106 868 665 645 471 139 934 883 530 515 378 643 393 401 
715 772 495 247 142 769 732 506 238 429 237 82 509 212 398 342 611 467 955 946 953 907 870 841 660 316 291 152 748 329 31 76 94 426 453 63 
607 559 323 334 729 625 597 415 268 180 356 503 430 936 935 926 908 915 902 888 854 829 759 753 731 360 222 25 856 806 568 546 830 
885 861 638 411 663 628 208 942 943 921 910 869 807 802 809 771 763 755 747 727 679 661 527 508 388 376 258 243 157 173 4 582 577 6 417 362 933 782 613 361 265 89 
148 201 413 768 364 760 913 248 443 138 85 588 762 491 605 738 892 966 548 671 186 246 140 311 77 79 200 623 54 435 
737 689 677 52 42 654 513 344 178 706 12 909 894 878 850 840 649 657 405 332 158 873 836 556 399 343 890 794 805 787 20 32 88 
485 820 823 744 624 615 109 7 358 297 852 815 798 793 626 367 225 154 692 844 740 
153 589 390 564 835 819 630 171 859 191 847 293 168 571 540 369 320 162 716 254 252 86 45 137 299 533 572 
47 386 354 13 837 785 722 703 473 451 446 368 326 251 543 536 879 464 379 211 
758 224 169 80 71 541 685 447 497 19 145 55 280 750 483 581 8 
456 423 493 466 724 304 578 303 395 616 531 853 189 478 345 801 693 726 110 
340 300 385 804 116 646 26 418 770 205 284 181 
134 1 165 
380 545 143 161 621 229 627 203 322 366 688 266 3 384 65 814 135 452 970 126 133 
567 846 281 96 437 476 482 255 528 696 845 550 699 449 620 235 264 800 897 141 779 710 644 207 867 893 673 321 313 216 120 
44 949 684 502 552 439 351 111 481 714 475 601 257 636 192 713 260 60 
155 614 585 307 718 523 259 51 197 612 651 783 886 150 622 810 355 382 610 338 
930 640 575 474 670 279 672 101 454 190 544 916 10 637 730 862 757 792 336 231 112 480 123 704 196 
940 159 972 860 537 217 218 576 522 641 15 327 642 91 163 74 236 381 283 160 441 432 563 931 674 586 496 618 569 149 
742 5 458 309 233 912 778 470 193 23 68 725 647 127 36 988 635 520 709 434 
619 786 734 634 50 373 979 90 832 274 295 880 249 315 538 584 694 278 219 857 397 99 687 631 294 826 296 
97 633 708 39 337 797 48 117 276 21 131 324 333 170 
292 391 182 108 712 919 831 457 146 521 427 974 359 438 929 535 339 598 789 122 683 736 707 639 838 
498 587 864 407 875 517 678 98 557 680 561 965 468 705 664 125 751 719 570 202 275 512 92 24 
331 516 487 164 341 59 103 833 764 608 357 813 534 455 604 547 115 975 318 234 971 410 226 488 
499 681 896 230 428 1000 221 414 183 272 811 185 788 240 172 70 232 156 539 526 691 918 603 83 
374 460 210 27 876 147 827 884 922 592 668 555 445 38 253 580 822 863 105 690 301 132 144 
18 828 64 245 277 412 433 444 479 717 
9 752 49 114 187 213 228 720 
33 961 69 81 184 214 739 
