818 290 960 745 941 424 442 11 590 761 136 927 118 104 984 977 425 824 195 816 969 363 980 770 555 512 205 689 704 113 134 
583 57 128 602 773 948 198 932 799 492 56 728 262 939 28 702 746 667 459 959 848 87 924 151 573 16 93 524 286 817 501 448 404 385 185 587 545 83 913 822 567 
715 495 247 142 769 732 506 82 509 212 342 611 467 955 953 907 870 841 316 152 748 31 76 94 426 453 806 531 433 103 854 470 386 235 15 616 452 335 225 
364 443 85 588 738 966 548 246 77 79 435 224 447 475 789 797 357 
654 513 178 12 878 850 649 405 873 836 556 343 890 794 805 787 32 569 33 768 461 755 714 321 
820 744 624 297 852 815 844 740 557 114 116 131 148 646 172 
379 734 722 211 251 464 837 473 451 699 700 747 798 821 
456 423 493 968 724 189 345 578 81 869 892 914 221 
380 126 970 684 672 143 621 161 229 133 203 322 366 688 3 384 65 814 135 828 737 729 580 239 170 896 410 124 
846 281 96 437 476 482 255 528 696 550 449 620 264 800 779 710 644 867 893 673 216 120 311 883 571 313 
614 307 718 523 259 338 432 612 651 150 355 678 326 52 78 
930 640 935 575 279 337 454 544 909 730 705 757 480 123 801 358 938 98 840 
742 5 458 233 912 778 68 725 647 127 36 635 709 38 657 109 929 
619 786 634 50 373 979 90 832 880 315 538 584 694 278 219 857 397 99 631 132 726 703 766 
498 864 407 517 751 570 202 92 412 731 853 20 138 
604 115 110 516 164 971 309 418 833 226 608 739 967 4 
428 414 183 272 788 240 232 918 466 720 51 
374 296 922 213 661 430 210 876 105 827 468 500 234 
155 560 785 888 607 146 283 67 325 885 365 693 808 838 610 382 26 54 594 638 
572 188 289 59 875 147 317 330 86 520 898 862 329 804 
488 339 207 598 112 436 176 982 701 522 764 119 294 642 250 
62 27 341 295 592 711 636 933 284 368 633 
391 159 585 1 597 22 577 49 986 266 236 858 547 723 125 421 750 956 561 193 
781 990 915 477 444 791 64 615 275 695 305 988 549 603 985 975 
564 717 698 670 952 291 139 154 671 563 308 515 122 141 137 767 845 238 48 
474 37 306 269 344 543 889 536 156 267 336 352 399 783 886 280 687 201 987 
413 230 25 859 1000 727 69 40 925 811 692 813 884 70 793 406 186 66 39 75 997 144 
534 370 900 372 318 319 44 998 949 457 674 721 863 214 478 627 622 
332 540 679 446 901 713 153 961 450 24 716 206 101 145 215 796 965 
697 455 983 303 53 882 270 274 628 562 47 438 200 508 928 532 46 
429 964 656 691 834 866 894 356 333 220 241 231 140 181 192 73 
42 897 395 
