583 57 773 948 198 799 56 728 939 28 746 667 459 959 848 87 924 151 573 16 93 524 286 817 501 448 404 385 545 83 567 929 693 646 468 783 
364 443 588 738 966 548 246 77 79 224 447 475 789 797 922 516 94 726 727 698 607 230 278 211 
734 699 700 
456 423 493 968 189 578 869 144 380 
970 684 672 143 621 161 229 322 366 688 3 384 65 828 737 580 239 170 896 410 492 289 544 317 275 
326 307 718 523 259 338 395 464 678 78 150 587 897 293 355 
640 935 279 337 454 909 705 757 123 358 938 
742 5 233 778 68 725 647 127 709 657 109 671 450 692 720 
619 786 50 373 983 979 703 832 933 880 584 538 694 219 397 99 631 132 717 589 
866 731 407 570 517 202 42 20 412 
296 827 234 305 
785 888 146 283 67 325 885 365 808 26 54 594 474 428 592 853 
339 207 598 267 436 176 857 52 701 522 642 764 608 119 488 294 
159 1 597 577 49 986 858 125 956 193 838 513 
564 952 670 291 139 845 154 303 563 308 515 122 141 137 767 661 330 236 
413 25 1000 884 793 406 39 75 997 498 638 755 458 126 633 744 
534 370 900 372 318 319 44 998 949 457 674 863 214 478 622 689 200 90 914 
429 964 834 356 333 220 181 192 73 560 36 69 724 138 266 66 51 
826 231 449 655 917 190 411 932 40 643 974 813 250 451 862 213 
758 142 324 716 875 860 228 218 747 
844 155 360 730 675 735 340 712 913 691 856 315 435 306 
182 722 723 430 186 164 158 321 837 902 329 965 604 864 894 37 
571 128 251 263 124 762 821 750 86 486 382 379 721 766 345 
801 878 85 432 575 651 859 
29 664 610 38 352 386 466 719 399 482 465 886 327 946 392 172 
177 658 160 704 506 606 831 982 105 473 477 81 183 923 532 987 
809 904 444 495 499 600 877 892 288 295 341 110 9 24 48 
930 374 614 729 70 53 476 751 422 912 13 414 825 566 417 467 
840 995 312 387 512 558 623 656 668 774 43 62 98 135 
134 898 185 203 221 272 520 572 761 804 27 188 
232 971 33 210 240 816 
368 876 612 711 
585 836 788 
