962 983 978 609 950 952 933 901 855 842 828 777 780 795 830 756 733 723 697 662 985 991 987 365 372 387 402 289 353 73 102 989 988 504 420 421 426 453 990 992 172 46 996 1000 997 998 999 993 994 995 986 
824 726 818 530 450 195 66 745 566 673 561 501 442 409 690 487 522 363 582 424 374 290 32 317 325 590 408 980 984 981 982 977 979 969 967 960 947 941 927 917 816 742 445 136 188 196 11 104 
812 754 808 510 514 204 694 622 519 288 240 764 652 242 24 50 639 580 305 306 80 551 401 976 974 965 971 964 958 949 945 937 918 883 871 831 833 822 774 682 658 539 436 113 147 54 92 
728 492 573 461 271 59 773 746 299 151 209 56 665 524 583 198 702 695 403 128 799 667 298 28 666 459 262 972 968 966 959 948 939 932 928 924 922 900 881 886 848 853 797 16 57 93 
629 477 558 227 698 572 600 350 352 29 973 951 944 914 889 895 874 887 849 843 775 782 790 766 741 749 735 686 699 653 596 617 606 525 554 505 392 389 284 310 287 331 215 239 270 133 18 106 
805 715 787 794 772 556 481 495 247 142 91 786 769 732 709 696 506 296 238 429 237 82 676 509 212 398 342 611 467 975 961 955 956 946 953 938 930 907 868 870 841 813 660 316 291 152 
719 576 489 458 318 263 62 701 681 672 327 127 635 454 536 496 680 640 497 468 970 963 954 929 920 912 899 873 880 882 876 863 832 817 670 678 634 648 632 574 526 249 269 167 22 37 
607 559 507 464 323 334 182 729 625 597 415 268 664 543 149 180 515 356 503 430 957 936 934 935 926 908 915 902 905 888 862 854 829 836 781 759 753 736 731 360 294 222 211 25 
885 861 638 531 411 796 663 628 208 942 943 921 910 916 875 869 838 814 807 802 809 771 763 755 747 727 688 679 661 643 527 508 388 376 258 221 243 111 116 157 173 4 
821 765 711 707 641 618 552 538 449 328 788 705 718 599 475 674 383 314 241 940 931 925 919 911 898 872 860 839 844 827 800 776 792 684 633 532 520 380 156 201 51 
762 738 687 384 413 148 15 77 806 708 548 246 138 85 143 132 923 913 892 856 825 801 760 768 748 712 671 623 601 605 484 311 140 186 192 200 79 88 
737 549 689 677 535 341 52 30 42 654 513 431 344 178 706 534 266 164 12 909 904 891 894 878 850 857 840 779 750 717 649 657 631 581 405 332 158 
645 541 469 346 613 375 174 8 483 432 427 472 465 903 906 893 897 896 879 884 864 865 866 851 858 834 811 721 683 419 370 406 223 279 130 76 
485 414 435 820 823 744 714 624 615 546 378 109 7 358 297 562 589 228 890 877 867 852 815 798 793 752 713 720 626 602 367 225 267 154 175 43 
564 540 603 568 369 349 260 137 293 254 229 153 320 162 45 474 252 859 826 847 835 819 770 757 716 710 630 577 571 533 390 171 60 
642 595 620 440 397 129 141 78 101 751 669 725 610 197 3 40 95 845 846 803 804 810 789 778 783 767 691 604 448 245 2 
407 47 244 145 362 386 404 354 13 75 837 791 785 739 722 693 703 668 563 557 537 473 451 446 368 326 255 251 118 160 
218 119 115 700 598 494 231 784 743 730 650 659 637 644 455 460 416 463 377 302 335 230 217 107 124 9 67 
447 224 272 333 70 108 758 761 734 685 692 704 579 585 547 555 523 434 337 324 280 163 169 19 53 71 
521 490 391 351 235 307 232 301 499 347 740 675 655 636 621 619 584 480 471 482 516 396 281 234 61 
493 423 303 724 656 651 627 594 616 592 578 478 462 466 456 395 366 295 304 345 321 176 189 65 
361 371 343 253 199 261 144 161 17 608 612 382 256 248 646 647 591 593 575 381 319 34 
614 587 560 528 542 550 545 476 428 439 457 373 400 285 259 264 278 135 210 203 
313 330 565 570 569 553 502 517 433 422 410 308 312 329 226 233 168 36 72 
443 452 339 219 207 511 417 425 309 567 588 586 544 529 394 348 90 96 112 
340 123 486 418 385 300 336 338 214 131 170 205 6 26 33 38 83 
274 194 114 488 518 512 470 393 213 236 125 187 191 31 74 87 98 
277 177 479 491 437 355 283 498 500 438 441 444 379 357 292 126 35 64 
286 315 179 23 55 190 206 364 412 399 359 322 275 282 121 
265 202 134 146 165 181 183 193 1 86 99 68 84 
117 120 257 276 155 185 5 39 49 97 105 21 48 
216 273 220 250 159 166 10 27 94 100 103 63 58 
41 81 110 184 122 139 150 14 20 44 89 69 
