364 443 588 738 548 246 77 79 447 475 789 797 922 516 94 726 727 698 607 230 278 211 622 412 
970 684 672 143 621 229 322 366 688 3 384 65 828 580 170 896 410 492 289 317 275 476 218 
326 307 523 259 338 395 464 678 78 150 293 355 655 
737 757 869 324 436 308 716 337 127 857 860 228 139 938 747 
283 5 709 68 671 725 804 816 971 647 657 878 764 720 240 
786 50 373 979 703 832 933 584 538 694 219 397 99 631 723 202 
785 888 146 67 325 885 808 26 54 594 474 428 592 
339 207 598 267 52 701 522 642 608 119 488 294 39 
1 597 577 49 986 125 956 193 513 365 640 81 
571 845 236 774 589 983 661 563 952 670 515 291 122 587 767 185 141 
370 900 318 319 998 949 457 863 214 478 689 200 90 914 721 838 880 909 623 
866 220 73 560 735 333 834 486 66 711 36 724 192 266 138 
826 231 449 917 411 932 40 643 974 813 250 451 862 564 853 232 176 
844 155 675 340 913 691 856 315 435 306 465 544 545 213 
182 722 430 186 164 158 321 837 902 329 965 604 864 894 37 718 303 239 
379 619 128 766 423 251 124 233 821 345 964 263 762 
801 85 432 575 651 859 33 53 429 858 
29 664 610 38 352 466 612 399 482 886 327 897 392 172 
177 658 704 506 606 831 982 105 473 183 923 532 987 
840 995 312 387 512 558 656 43 62 135 614 
224 159 935 705 572 372 188 234 27 477 221 203 520 51 272 898 827 
758 498 391 296 115 668 7 646 756 69 286 525 132 
734 768 154 279 991 363 316 190 659 123 358 357 925 
142 963 161 180 274 413 521 540 692 739 742 842 
44 743 80 86 134 305 313 360 400 620 629 
71 985 110 314 382 454 536 569 674 843 98 
144 968 181 189 356 456 493 578 585 719 809 
109 876 386 407 
160 730 699 700 
534 946 788 836 
