1 152
1 460
1 518
1 594
1 696
1 772
1 787
1 791
1 803
1 955
2 702
2 768
2 817
2 841
2 859
2 905
2 910
2 925
2 968
2 978
3 144
3 311
3 581
3 589
3 695
3 826
3 856
3 904
3 908
3 934
4 165
4 411
4 416
4 527
4 631
4 747
4 814
4 838
4 892
4 976
5 674
5 711
5 800
5 824
5 827
5 891
5 898
5 916
5 918
5 971
6 652
6 655
6 672
6 689
6 760
6 801
6 810
6 811
6 825
6 850
7 27
7 159
7 368
7 372
7 906
8 14
8 666
8 692
8 766
8 866
8 944
8 956
8 957
8 975
8 981
9 473
9 573
9 630
9 680
9 703
9 722
9 819
9 879
9 912
9 932
10 149
10 337
10 349
10 507
10 581
10 657
10 677
10 759
10 826
10 862
11 459
11 514
11 620
11 636
11 726
11 846
11 893
11 960
11 964
11 974
12 110
12 424
12 753
12 759
12 835
12 854
12 873
12 908
12 935
12 979
13 446
13 573
13 630
13 680
13 703
13 722
13 819
13 879
13 912
13 932
14 485
14 816
14 887
14 914
14 944
14 956
14 957
14 986
14 993
15 481
15 506
15 605
15 642
15 669
15 696
15 772
15 794
15 870
15 937
16 78
16 503
16 522
16 541
16 620
16 833
16 882
16 969
16 974
16 992
17 190
17 239
17 272
17 274
17 866
17 920
17 933
17 944
17 951
17 953
18 192
18 275
18 428
18 502
18 526
18 766
18 832
18 868
18 947
18 981
19 523
19 536
19 691
19 758
19 782
19 874
19 877
19 933
19 957
19 970
20 399
20 476
20 559
20 568
20 695
20 731
20 890
20 908
20 915
20 935
21 73
21 702
21 768
21 817
21 859
21 905
21 910
21 925
21 968
21 978
22 81
22 645
22 775
22 812
22 895
22 902
22 944
22 975
22 993
22 996
23 248
23 437
23 481
23 669
23 748
23 787
23 805
23 870
23 937
23 955
24 71
24 419
24 434
24 493
24 525
24 684
24 887
24 889
24 953
24 987
25 507
25 695
25 873
25 878
25 894
25 904
25 908
25 915
25 926
25 979
26 138
26 620
26 633
26 639
26 681
26 754
26 881
26 882
26 969
26 974
27 159
27 368
27 372
27 906
28 240
28 633
28 646
28 846
28 871
28 960
28 964
28 969
28 974
28 995
29 306
29 574
29 833
29 846
29 871
29 881
29 960
29 965
29 969
29 974
30 97
30 411
30 492
30 598
30 631
30 747
30 814
30 838
30 892
30 976
31 376
31 466
31 644
31 715
31 724
31 732
31 751
31 845
31 930
31 980
32 386
32 414
32 580
32 668
32 779
32 865
32 880
32 896
32 899
32 954
33 502
33 523
33 713
33 775
33 843
33 902
33 920
33 945
33 986
33 993
34 302
34 463
34 478
34 608
34 687
34 718
34 724
34 930
34 943
34 961
35 550
35 570
35 690
35 728
35 790
35 836
35 839
35 923
35 991
35 999
36 139
36 227
36 544
36 558
36 587
36 812
36 887
36 914
36 953
36 975
37 158
37 349
37 650
37 695
37 716
37 731
37 737
37 750
37 829
37 926
38 216
38 220
38 369
38 391
38 445
38 490
38 491
38 621
38 911
39 81
39 758
39 832
39 868
39 895
39 933
39 942
39 956
39 957
39 972
40 69
40 493
40 502
40 596
40 749
40 758
40 902
40 947
40 986
40 987
41 145
41 188
41 417
41 543
41 590
41 688
41 744
41 977
42 576
42 580
42 721
42 779
42 789
42 851
42 852
42 884
42 909
42 954
43 233
43 468
43 502
43 546
43 653
43 761
43 877
43 945
43 947
43 986
44 547
44 673
44 762
44 793
44 808
44 901
44 922
44 982
44 983
44 990
45 254
45 332
45 515
45 533
45 561
45 716
45 737
45 826
45 890
45 979
46 162
46 180
46 266
46 285
46 332
46 356
46 360
46 753
46 759
46 878
47 313
47 566
47 860
47 882
47 924
47 960
47 964
47 965
47 974
47 995
48 164
48 377
48 478
48 578
48 608
48 661
48 687
48 885
48 943
48 961
49 387
49 552
49 714
49 765
49 777
49 784
49 855
49 900
49 962
49 1000
50 473
50 573
50 630
50 680
50 703
50 722
50 819
50 879
50 912
50 932
51 340
51 793
51 842
51 901
51 903
51 922
51 941
51 982
51 983
51 990
52 153
52 337
52 343
52 424
52 559
52 657
52 677
52 757
52 770
52 904
53 99
53 406
53 511
53 612
53 752
53 913
54 483
54 613
54 818
54 864
54 865
54 880
54 884
54 896
54 929
54 963
55 534
55 561
55 597
55 625
55 770
55 826
55 835
55 915
55 934
55 979
56 59
56 115
56 126
56 517
56 704
56 815
56 966
57 663
57 746
57 773
57 799
57 822
57 886
57 939
57 952
57 959
57 998
58 321
58 696
58 772
58 783
58 787
58 791
58 803
58 937
58 946
58 955
59 115
59 126
59 517
59 704
59 815
59 966
60 79
60 258
60 614
60 713
60 727
60 914
60 951
60 970
60 981
60 996
61 422
61 655
61 689
61 760
61 801
61 810
61 811
61 825
61 850
62 428
62 606
62 678
62 684
62 692
62 874
62 944
62 947
62 970
62 981
63 618
63 663
63 773
63 809
63 822
63 886
63 939
63 952
63 959
63 998
64 433
64 548
64 768
64 841
64 859
64 905
64 910
64 925
64 968
64 978
65 152
65 586
65 605
65 643
65 709
65 767
65 783
65 805
65 875
65 937
66 269
66 734
66 745
66 788
66 789
66 831
66 852
66 896
66 929
66 963
67 256
67 506
67 518
67 642
67 709
67 748
67 791
67 875
67 955
67 967
68 566
68 682
68 833
68 871
68 882
68 924
68 960
68 974
68 992
68 995
69 735
69 766
69 866
69 868
69 927
69 951
69 953
69 973
69 986
70 473
70 573
70 630
70 680
70 703
70 722
70 819
70 879
70 912
70 932
71 80
71 523
71 528
71 629
71 942
71 945
71 970
71 973
71 975
72 89
72 244
72 662
72 756
72 858
72 994
73 444
73 488
73 495
73 840
73 985
74 579
74 623
74 654
74 655
74 760
74 801
74 810
74 811
74 825
74 850
75 501
75 550
75 690
75 728
75 790
75 836
75 839
75 923
75 991
75 999
76 229
76 237
76 260
76 336
76 377
76 651
76 661
76 853
76 907
76 921
77 313
77 472
77 499
77 646
77 682
77 726
77 846
77 882
77 938
77 974
78 436
78 551
78 583
78 639
78 726
78 754
78 965
78 992
78 995
79 80
79 457
79 739
79 782
79 832
79 866
79 867
79 953
79 981
80 354
80 457
80 609
80 666
80 868
80 933
80 975
80 987
81 389
81 526
81 596
81 699
81 761
81 832
81 902
81 993
82 304
82 321
82 329
82 460
82 772
82 783
82 791
82 803
82 804
82 937
83 88
83 319
83 553
83 733
83 738
83 793
83 901
83 982
83 983
83 990
84 454
84 525
84 606
84 758
84 782
84 895
84 920
84 972
84 975
84 986
85 712
85 768
85 807
85 841
85 859
85 905
85 910
85 925
85 968
85 978
86 356
86 607
86 649
86 710
86 753
86 835
86 854
86 908
86 915
86 934
87 387
87 552
87 714
87 765
87 777
87 784
87 855
87 900
87 962
87 1000
88 553
88 593
88 901
88 903
88 922
88 941
88 982
88 983
88 990
89 244
89 662
89 756
89 858
89 994
90 342
90 718
90 743
90 853
90 885
90 907
90 921
90 930
90 943
90 980
91 296
91 302
91 531
91 627
91 661
91 813
91 921
91 930
91 943
91 980
92 712
92 720
92 817
92 841
92 859
92 905
92 910
92 925
92 968
92 978
93 242
93 651
93 715
93 732
93 743
93 813
93 885
93 943
93 961
93 980
94 230
94 466
94 500
94 611
94 651
94 687
94 724
94 743
94 961
94 980
95 202
95 382
95 462
95 748
95 767
95 803
95 805
95 875
95 937
95 955
96 108
96 318
96 358
96 713
96 735
96 749
96 782
96 889
96 933
96 947
97 107
97 482
97 527
97 631
97 747
97 814
97 838
97 892
97 976
98 387
98 552
98 714
98 765
98 777
98 784
98 855
98 900
98 962
98 1000
99 406
99 511
99 612
99 752
99 913
100 387
100 552
100 714
100 765
100 777
100 784
100 855
100 900
100 962
100 1000
101 289
101 479
101 603
101 615
101 619
101 624
101 634
101 780
101 883
101 950
102 421
102 673
102 797
102 842
102 903
102 922
102 941
102 982
102 983
102 990
103 674
103 711
103 800
103 824
103 827
103 891
103 898
103 916
103 918
103 971
104 570
104 690
104 728
104 790
104 836
104 839
104 923
104 991
104 999
105 136
105 226
105 290
105 309
105 451
105 595
105 698
105 798
105 834
105 984
106 221
106 300
106 408
106 606
106 614
106 725
106 816
106 920
106 973
106 996
107 228
107 486
107 492
107 527
107 598
107 747
107 814
107 838
107 892
107 976
108 169
108 192
108 428
108 525
108 526
108 832
108 874
108 877
108 951
108 953
109 261
109 281
109 288
109 538
109 685
109 917
109 948
109 958
110 360
110 399
110 464
110 581
110 757
110 829
110 854
110 873
110 878
110 915
111 246
111 480
111 577
111 622
111 628
111 679
111 730
111 764
111 771
111 802
111 869
112 170
112 363
112 681
112 860
112 881
112 938
112 965
112 969
112 974
112 992
112 995
113 355
113 374
113 436
113 583
113 700
113 833
113 881
113 893
113 965
113 974
113 992
114 284
114 301
114 675
114 758
114 816
114 947
114 953
114 970
114 972
114 987
114 993
115 126
115 517
115 704
115 815
115 966
116 152
116 426
116 460
116 512
116 643
116 783
116 870
116 875
116 946
116 955
116 967
117 230
117 381
117 429
117 447
117 571
117 611
117 743
117 774
117 845
117 853
117 980
118 347
118 693
118 707
118 719
118 734
118 880
118 896
118 897
118 899
118 909
118 954
119 298
119 470
119 480
119 577
119 622
119 679
119 730
119 764
119 771
119 802
119 869
120 565
120 700
120 821
120 893
120 924
120 938
120 960
120 964
120 965
120 974
120 995
121 337
121 390
121 424
121 588
121 607
121 716
121 759
121 829
121 854
121 873
121 935
122 315
122 522
122 681
122 700
122 740
122 821
122 860
122 881
122 938
122 964
122 965
123 541
123 565
123 604
123 633
123 636
123 881
123 938
123 964
123 969
123 974
123 992
124 185
124 218
124 236
124 246
124 622
124 628
124 730
124 764
124 771
124 802
124 869
125 217
125 228
125 411
125 416
125 598
125 631
125 747
125 814
125 838
125 892
125 976
126 517
126 704
126 815
126 966
127 318
127 457
127 505
127 525
127 526
127 614
127 727
127 867
127 942
127 972
127 993
128 278
128 489
128 656
128 705
128 766
128 877
128 889
128 895
128 973
128 981
128 996
129 227
129 233
129 441
129 761
129 832
129 895
129 933
129 972
129 975
129 981
129 996
130 346
130 576
130 721
130 778
130 789
130 831
130 863
130 880
130 899
130 909
130 929
131 304
131 423
131 481
131 512
131 605
131 643
131 669
131 946
131 955
131 967
132 283
132 540
132 570
132 690
132 728
132 790
132 836
132 839
132 923
132 991
132 999
133 318
133 438
133 713
133 832
133 866
133 868
133 889
133 953
133 970
133 975
133 993
134 180
134 559
134 588
134 650
134 710
134 731
134 854
134 862
134 915
134 934
134 935
135 210
135 691
135 763
135 816
135 867
135 889
135 951
135 972
135 981
135 987
135 993
136 193
136 226
136 290
136 309
136 451
136 595
136 698
136 798
136 834
136 984
137 254
137 311
137 333
137 549
137 649
137 706
137 757
137 854
137 862
137 904
137 979
138 498
138 514
138 830
138 871
138 882
138 965
138 969
138 974
138 992
138 995
139 292
139 441
139 587
139 758
139 849
139 933
139 945
139 951
139 972
139 993
140 196
140 720
140 807
140 817
140 841
140 859
140 905
140 910
140 925
140 968
140 978
141 494
141 545
141 555
141 637
141 671
141 776
141 872
141 919
142 164
142 259
142 381
142 732
142 751
142 774
142 820
142 943
142 961
142 980
143 289
143 477
143 516
143 603
143 615
143 619
143 624
143 634
143 780
143 883
143 950
144 371
144 384
144 534
144 649
144 716
144 835
144 856
144 857
144 894
144 904
145 188
145 417
145 543
145 590
145 688
145 744
145 977
146 567
146 712
146 807
146 817
146 841
146 859
146 905
146 910
146 925
146 968
146 978
147 149
147 341
147 359
147 657
147 695
147 710
147 854
147 856
147 904
147 979
148 254
148 405
148 557
148 736
148 753
148 781
148 854
148 862
148 926
148 934
148 979
149 257
149 716
149 854
149 856
149 857
149 894
149 915
149 934
149 935
150 416
150 482
150 486
150 527
150 598
150 631
150 747
150 814
150 838
150 892
150 976
151 524
151 664
151 708
151 773
151 809
151 822
151 886
151 939
151 952
151 959
151 998
152 201
152 351
152 755
152 791
152 794
152 937
152 946
152 955
153 266
153 268
153 333
153 405
153 677
153 878
153 894
153 915
153 926
153 979
154 647
154 762
154 808
154 842
154 901
154 903
154 922
154 941
154 982
154 983
154 990
155 712
155 720
155 807
155 817
155 841
155 859
155 905
155 910
155 925
155 968
155 978
156 560
156 674
156 711
156 800
156 824
156 827
156 891
156 898
156 916
156 918
156 971
157 296
157 302
157 562
157 638
157 774
157 813
157 820
157 845
157 853
157 907
157 961
158 266
158 597
158 625
158 710
158 736
158 856
158 908
158 926
158 934
158 935
159 368
159 372
159 906
160 457
160 525
160 546
160 564
160 600
160 617
160 683
160 895
160 951
160 953
160 957
161 415
161 593
161 697
161 797
161 808
161 842
161 903
161 941
161 982
161 983
161 990
162 180
162 311
162 332
162 343
162 424
162 695
162 736
162 835
162 890
162 935
163 712
163 720
163 768
163 807
163 841
163 859
163 905
163 910
163 925
163 968
163 978
164 336
164 627
164 661
164 796
164 853
164 885
164 921
164 930
164 943
165 482
165 486
165 492
165 598
165 631
165 747
165 814
165 838
165 892
165 976
166 483
166 693
166 734
166 851
166 861
166 863
166 880
166 884
166 896
166 929
166 954
167 496
167 497
167 788
167 789
167 831
167 851
167 864
167 884
167 909
167 929
167 963
168 287
168 656
168 761
168 763
168 877
168 914
168 933
168 956
168 957
168 986
168 987
169 270
169 525
169 609
169 691
169 849
169 877
169 889
169 945
169 951
169 973
170 178
170 357
170 574
170 646
170 682
170 740
170 860
170 938
170 960
170 964
171 268
171 365
171 533
171 559
171 581
171 588
171 650
171 753
171 826
171 856
171 934
172 504
172 540
172 550
172 690
172 728
172 790
172 836
172 839
172 923
172 991
172 999
173 245
173 246
173 452
173 577
173 628
173 679
173 730
173 764
173 771
173 802
173 869
174 477
174 479
174 516
174 603
174 615
174 619
174 624
174 634
174 780
174 883
174 950
175 402
175 449
175 453
175 610
175 806
175 828
175 844
175 848
175 988
175 989
175 997
176 212
176 263
176 302
176 381
176 447
176 676
176 687
176 718
176 853
176 907
176 961
177 551
177 646
177 667
177 754
177 821
177 860
177 893
177 924
177 938
177 965
177 992
178 262
178 357
178 363
178 639
178 726
178 754
178 871
178 924
178 938
178 960
179 477
179 479
179 516
179 603
179 615
179 619
179 624
179 634
179 780
179 883
179 950
180 285
180 356
180 581
180 781
180 835
180 873
180 926
180 979
181 231
181 481
181 518
181 642
181 767
181 783
181 787
181 804
181 937
181 946
181 967
182 252
182 337
182 399
182 515
182 533
182 597
182 759
182 770
182 829
182 904
182 935
183 396
183 674
183 711
183 800
183 824
183 827
183 891
183 898
183 916
183 918
183 971
184 487
184 547
184 553
184 738
184 762
184 797
184 922
184 941
184 982
184 983
184 990
185 298
185 470
185 480
185 622
185 679
185 730
185 764
185 771
185 802
185 869
186 513
186 553
186 723
186 762
186 793
186 842
186 901
186 922
186 982
186 983
186 990
187 199
187 338
187 423
187 512
187 794
187 804
187 805
187 870
187 937
187 946
187 967
188 275
188 417
188 543
188 590
188 688
188 744
188 977
189 325
189 593
189 738
189 808
189 842
189 901
189 922
189 941
189 982
189 983
189 990
190 410
190 542
190 614
190 739
190 761
190 812
190 914
190 942
190 951
190 972
191 364
191 529
191 563
191 694
191 795
191 888
192 378
192 439
192 585
192 775
192 895
192 945
192 972
192 973
192 996
193 226
193 290
193 309
193 451
193 595
193 698
193 798
193 834
193 984
194 482
194 486
194 492
194 527
194 598
194 631
194 747
194 814
194 838
194 892
194 976
195 361
195 459
195 510
195 514
195 551
195 821
195 893
195 938
195 960
195 992
195 995
196 339
196 807
196 817
196 841
196 859
196 905
196 910
196 925
196 968
196 978
197 723
197 733
197 797
197 842
197 901
197 903
197 922
197 941
197 982
197 983
197 990
198 402
198 449
198 453
198 610
198 806
198 828
198 844
198 848
198 988
198 989
198 997
199 335
199 351
199 423
199 462
199 506
199 794
199 804
199 875
199 955
199 967
200 477
200 479
200 516
200 603
200 615
200 619
200 624
200 634
200 780
200 883
200 950
201 518
201 642
201 709
201 767
201 783
201 794
201 875
201 937
201 946
201 967
202 248
202 456
202 605
202 669
202 696
202 709
202 748
202 804
202 946
202 955
203 524
203 664
203 746
203 799
203 809
203 822
203 886
203 939
203 952
203 959
203 998
204 345
204 388
204 421
204 723
204 797
204 808
204 842
204 922
204 982
204 983
204 990
205 259
205 611
205 616
205 638
205 715
205 718
205 724
205 796
205 907
205 943
205 961
206 477
206 479
206 516
206 603
206 615
206 619
206 624
206 634
206 780
206 883
206 950
207 374
207 472
207 475
207 583
207 604
207 639
207 846
207 881
207 964
207 969
207 995
208 469
208 613
208 745
208 851
208 852
208 863
208 864
208 884
208 899
208 909
208 954
209 575
209 708
209 746
209 799
209 809
209 822
209 886
209 939
209 952
209 959
209 998
210 684
210 766
210 849
210 867
210 920
210 933
210 942
210 951
210 973
210 975
211 332
211 430
211 474
211 561
211 826
211 829
211 854
211 862
211 890
211 908
211 926
212 376
212 447
212 448
212 509
212 661
212 769
212 796
212 820
212 907
212 930
213 658
213 719
213 721
213 778
213 779
213 789
213 852
213 861
213 863
213 864
213 896
213 954
214 645
214 653
214 739
214 749
214 902
214 927
214 947
214 972
214 975
214 986
214 987
214 996
215 227
215 367
215 585
215 629
215 812
215 866
215 920
215 927
215 942
215 957
215 970
215 996
216 220
216 369
216 391
216 445
216 490
216 491
216 621
216 911
217 228
217 411
217 416
217 527
217 598
217 631
217 747
217 814
217 838
217 892
217 976
218 298
218 480
218 577
218 622
218 628
218 679
218 730
218 764
218 771
218 802
218 869
219 501
219 504
219 540
219 570
219 690
219 728
219 790
219 836
219 839
219 923
219 991
219 999
220 369
220 391
220 445
220 490
220 491
220 621
220 911
221 273
221 358
221 523
221 653
221 725
221 761
221 868
221 920
221 942
221 981
221 996
222 334
222 365
222 476
222 507
222 515
222 559
222 649
222 706
222 736
222 757
222 878
222 894
223 432
223 446
223 473
223 573
223 630
223 680
223 703
223 722
223 819
223 879
223 912
223 932
224 575
224 618
224 708
224 773
224 799
224 809
224 822
224 886
224 939
224 952
224 959
224 998
225 235
225 560
225 674
225 711
225 800
225 824
225 827
225 891
225 898
225 916
225 918
225 971
226 290
226 309
226 451
226 595
226 698
226 798
226 834
226 984
227 419
227 525
227 683
227 763
227 812
227 843
227 866
227 956
227 996
228 486
228 492
228 527
228 631
228 747
228 814
228 838
228 892
228 976
229 237
229 342
229 366
229 381
229 429
229 608
229 715
229 813
229 930
229 943
229 980
230 291
230 376
230 463
230 644
230 676
230 718
230 774
230 930
230 943
230 961
231 253
231 456
231 460
231 591
231 592
231 709
231 755
231 791
231 805
231 870
231 946
232 385
232 442
232 532
232 613
232 788
232 789
232 818
232 831
232 851
232 852
232 897
232 929
233 273
233 352
233 457
233 526
233 849
233 877
233 887
233 970
233 993
233 996
234 602
234 640
234 664
234 746
234 799
234 809
234 822
234 886
234 939
234 952
234 959
234 998
235 560
235 674
235 711
235 800
235 824
235 827
235 891
235 898
235 916
235 918
235 971
236 331
236 452
236 577
236 622
236 628
236 679
236 730
236 764
236 771
236 802
236 869
237 242
237 638
237 644
237 751
237 796
237 813
237 921
237 930
237 943
237 961
238 295
238 448
238 627
238 644
238 676
238 751
238 774
238 796
238 820
238 853
238 907
238 980
239 300
239 434
239 749
239 849
239 914
239 942
239 944
239 970
239 972
239 975
239 986
240 565
240 583
240 846
240 860
240 882
240 893
240 960
240 964
240 965
240 969
240 995
241 346
241 632
241 707
241 742
241 852
241 863
241 864
241 899
241 909
241 929
241 954
241 963
242 302
242 353
242 466
242 651
242 676
242 743
242 769
242 813
242 820
242 943
243 286
243 402
243 449
243 453
243 610
243 806
243 828
243 844
243 848
243 988
243 989
243 997
244 662
244 756
244 858
244 994
245 452
245 470
245 577
245 622
245 628
245 679
245 730
245 764
245 771
245 802
245 869
246 470
246 577
246 628
246 679
246 730
246 764
246 771
246 802
246 869
247 520
247 702
247 768
247 807
247 817
247 841
247 859
247 905
247 910
247 925
247 968
247 978
248 303
248 304
248 518
248 696
248 767
248 791
248 804
248 805
248 937
248 955
249 327
249 584
249 693
249 779
249 788
249 818
249 837
249 851
249 861
249 896
249 897
249 963
250 297
250 307
250 521
250 599
250 626
250 876
250 931
250 936
250 940
251 436
251 440
251 636
251 726
251 893
251 924
251 960
251 965
251 969
251 974
251 992
251 995
252 399
252 430
252 589
252 649
252 737
252 757
252 759
252 781
252 854
252 856
252 935
253 256
253 304
253 316
253 382
253 398
253 431
253 582
253 696
253 786
253 803
253 946
254 266
254 332
254 557
254 607
254 650
254 770
254 857
254 873
254 979
255 432
255 446
255 473
255 573
255 630
255 680
255 703
255 722
255 819
255 879
255 912
255 932
256 398
256 426
256 456
256 512
256 592
256 642
256 748
256 803
256 870
256 955
257 349
257 507
257 515
257 581
257 737
257 753
257 757
257 781
257 873
257 894
257 904
258 287
258 544
258 569
258 609
258 725
258 735
258 868
258 945
258 953
258 986
258 996
259 381
259 531
259 732
259 769
259 796
259 820
259 845
259 885
259 921
259 961
260 379
260 611
260 627
260 743
260 774
260 813
260 885
260 930
260 943
260 961
260 980
261 281
261 288
261 538
261 685
261 917
261 948
261 958
262 313
262 363
262 556
262 620
262 681
262 821
262 833
262 846
262 938
262 965
262 992
263 627
263 687
263 724
263 732
263 769
263 796
263 845
263 885
263 921
263 930
263 943
264 564
264 569
264 585
264 653
264 665
264 666
264 727
264 832
264 868
264 920
264 956
264 987
265 579
265 623
265 652
265 654
265 672
265 689
265 760
265 801
265 810
265 811
265 825
265 850
266 359
266 360
266 710
266 829
266 894
266 908
266 926
266 979
267 484
267 652
267 654
267 655
267 672
267 689
267 760
267 801
267 810
267 811
267 825
267 850
268 280
268 323
268 384
268 716
268 736
268 759
268 826
268 915
268 934
268 935
269 362
269 580
269 717
269 745
269 831
269 851
269 861
269 863
269 865
269 909
269 963
270 523
270 600
270 761
270 849
270 874
270 895
270 920
270 945
270 953
270 972
270 986
271 602
271 640
271 708
271 773
271 799
271 809
271 822
271 886
271 939
271 952
271 959
271 998
272 273
272 441
272 502
272 735
272 874
272 889
272 902
272 944
272 945
272 953
272 986
273 324
273 526
273 542
273 587
273 648
273 713
273 766
273 812
273 987
274 278
274 542
274 758
274 832
274 843
274 849
274 877
274 927
274 944
274 981
274 987
275 373
275 526
275 600
275 874
275 887
275 927
275 956
275 975
275 981
275 986
276 326
276 455
276 530
276 741
276 792
276 823
276 847
276 928
277 345
277 388
277 415
277 733
277 738
277 808
277 842
277 901
277 941
277 982
277 983
277 990
278 528
278 782
278 874
278 887
278 902
278 942
278 947
278 956
278 987
278 993
279 315
279 363
279 498
279 541
279 681
279 700
279 830
279 846
279 860
279 893
279 969
279 992
280 293
280 299
280 430
280 533
280 581
280 757
280 826
280 862
280 878
280 894
280 935
281 288
281 538
281 685
281 917
281 948
281 958
282 312
282 393
282 420
282 785
283 501
283 540
283 550
283 570
283 690
283 728
283 790
283 836
283 839
283 923
283 991
283 999
284 318
284 645
284 735
284 766
284 945
284 956
284 957
284 970
284 973
284 975
284 987
284 996
285 323
285 334
285 337
285 390
285 399
285 878
285 894
285 904
285 908
285 915
285 979
286 402
286 449
286 453
286 610
286 806
286 828
286 844
286 848
286 988
286 989
286 997
287 389
287 434
287 606
287 617
287 648
287 889
287 927
287 933
287 944
287 947
287 993
288 538
288 685
288 917
288 948
288 958
289 477
289 479
289 516
289 603
289 615
289 619
289 624
289 634
289 780
289 883
289 950
290 309
290 451
290 595
290 698
290 798
290 834
290 984
291 342
291 478
291 509
291 651
291 724
291 774
291 813
291 845
291 907
291 921
291 961
291 980
292 493
292 505
292 617
292 666
292 725
292 766
292 868
292 933
292 944
292 970
292 986
292 993
293 294
293 333
293 649
293 736
293 781
293 829
293 835
293 873
293 878
293 904
293 915
293 979
294 360
294 390
294 657
294 736
294 737
294 835
294 873
294 878
294 908
294 926
294 934
294 979
295 353
295 448
295 500
295 509
295 562
295 718
295 732
295 743
295 751
295 813
295 921
295 930
296 578
296 608
296 611
296 627
296 751
296 769
296 796
296 885
296 907
296 921
296 930
297 307
297 521
297 599
297 626
297 876
297 931
297 936
297 940
298 480
298 577
298 622
298 628
298 679
298 730
298 764
298 771
298 802
298 869
299 588
299 677
299 695
299 706
299 737
299 750
299 759
299 835
299 854
299 873
299 894
299 935
300 389
300 686
300 699
300 713
300 766
300 945
300 947
300 953
300 957
300 986
300 996
301 410
301 683
301 761
301 782
301 866
301 889
301 895
301 902
301 920
301 933
301 945
301 975
302 616
302 627
302 715
302 774
302 796
302 813
302 853
302 885
303 508
303 591
303 643
303 669
303 755
303 783
303 791
303 794
303 875
303 946
303 955
303 967
304 586
304 605
304 669
304 772
304 791
304 870
304 875
304 937
304 946
305 350
305 373
305 441
305 536
305 572
305 585
305 775
305 816
305 866
305 867
305 887
305 947
305 972
306 541
306 639
306 667
306 682
306 833
306 893
306 924
306 960
306 964
306 965
306 974
306 995
307 521
307 599
307 626
307 876
307 931
307 936
307 940
308 422
308 623
308 652
308 654
308 655
308 672
308 689
308 760
308 801
308 810
308 811
308 825
308 850
309 451
309 595
309 698
309 798
309 834
309 984
310 501
310 504
310 540
310 550
310 570
310 690
310 728
310 790
310 836
310 839
310 923
310 991
310 999
311 356
311 390
311 534
311 695
311 759
311 878
311 904
311 908
311 926
311 979
312 393
312 420
312 785
313 361
313 510
313 566
313 636
313 754
313 871
313 881
313 882
313 965
313 992
314 418
314 673
314 723
314 733
314 762
314 797
314 808
314 842
314 903
314 922
314 982
314 983
314 990
315 436
315 510
315 700
315 740
315 860
315 881
315 924
315 960
315 965
315 974
315 995
316 321
316 329
316 592
316 660
316 696
316 755
316 767
316 772
316 787
316 803
316 946
316 967
317 322
317 418
317 513
317 673
317 697
317 808
317 901
317 903
317 922
317 941
317 982
317 983
317 990
318 536
318 653
318 749
318 775
318 868
318 920
318 981
318 987
318 993
319 322
319 345
319 418
319 513
319 697
319 762
319 901
319 922
319 941
319 982
319 983
319 990
320 579
320 623
320 652
320 654
320 655
320 672
320 689
320 760
320 801
320 810
320 811
320 825
320 850
321 335
321 398
321 592
321 643
321 755
321 791
321 805
321 875
321 937
321 955
322 487
322 697
322 723
322 762
322 793
322 842
322 922
322 941
322 982
322 983
322 990
323 333
323 356
323 549
323 716
323 750
323 753
323 826
323 856
323 873
323 904
323 926
324 468
324 678
324 683
324 735
324 749
324 914
324 944
324 947
324 957
324 972
324 973
324 981
325 487
325 697
325 723
325 733
325 793
325 797
325 901
325 922
325 941
325 982
325 983
325 990
326 455
326 530
326 741
326 792
326 823
326 847
326 928
327 427
327 435
327 442
327 497
327 535
327 729
327 779
327 788
327 789
327 837
327 880
327 963
328 330
328 383
328 560
328 674
328 711
328 800
328 824
328 827
328 891
328 898
328 916
328 918
328 971
329 508
329 582
329 748
329 755
329 772
329 786
329 794
329 804
329 805
329 937
329 967
330 403
330 560
330 674
330 711
330 800
330 824
330 827
330 891
330 898
330 916
330 918
330 971
331 452
331 470
331 480
331 577
331 622
331 628
331 679
331 730
331 764
331 771
331 802
331 869
332 349
332 464
332 597
332 677
332 873
332 890
332 908
332 926
333 349
333 474
333 557
333 588
333 753
333 781
333 857
333 908
333 934
334 507
334 561
334 589
334 625
334 710
334 731
334 826
334 873
334 878
334 890
334 915
335 518
335 591
335 592
335 660
335 669
335 709
335 783
335 870
335 937
335 946
335 955
336 429
336 447
336 616
336 644
336 651
336 676
336 715
336 743
336 845
336 921
336 943
337 365
337 430
337 607
337 753
337 770
337 894
337 926
337 979
338 426
338 462
338 582
338 605
338 659
338 709
338 786
338 787
338 803
338 805
338 937
338 955
339 712
339 720
339 768
339 807
339 817
339 841
339 859
339 905
339 910
339 925
339 968
339 978
340 547
340 593
340 697
340 733
340 738
340 762
340 808
340 922
340 941
340 982
340 983
340 990
341 349
341 476
341 561
341 597
341 657
341 695
341 826
341 857
341 862
341 873
341 878
341 915
342 376
342 379
342 429
342 715
342 732
342 751
342 820
342 907
342 961
342 980
343 557
343 561
343 568
343 716
343 737
343 781
343 854
343 862
343 873
343 890
343 935
344 399
344 534
344 557
344 568
344 588
344 649
344 706
344 757
344 908
344 915
344 926
344 934
344 935
345 647
345 697
345 733
345 842
345 901
345 903
345 922
345 982
345 983
345 990
346 469
346 496
346 519
346 632
346 670
346 734
346 788
346 861
346 884
346 929
346 954
347 407
347 670
347 719
347 721
347 745
347 779
347 789
347 851
347 861
347 880
347 954
347 963
348 351
348 431
348 659
348 709
348 767
348 772
348 783
348 786
348 804
348 875
348 937
348 946
348 967
349 568
349 588
349 710
349 856
349 857
349 890
349 934
350 544
350 629
350 653
350 678
350 927
350 933
350 942
350 951
350 956
350 972
350 981
350 996
351 382
351 462
351 594
351 659
351 767
351 787
351 804
351 946
351 955
351 967
352 358
352 439
352 471
352 572
352 606
352 629
352 648
352 691
352 775
352 914
352 986
352 987
353 466
353 578
353 687
353 715
353 796
353 845
353 885
353 907
353 921
353 943
353 980
354 454
354 546
354 587
354 832
354 874
354 889
354 914
354 920
354 927
354 942
354 953
354 993
355 475
355 604
355 639
355 667
355 682
355 740
355 846
355 871
355 881
355 964
355 992
355 995
356 359
356 390
356 474
356 559
356 706
356 826
356 835
356 857
356 926
357 436
357 514
357 633
357 700
357 871
357 893
357 938
357 964
357 965
357 974
357 992
357 995
358 542
358 569
358 585
358 600
358 758
358 877
358 889
358 956
358 972
358 975
358 987
359 371
359 384
359 476
359 597
359 650
359 716
359 781
359 890
359 908
359 915
359 979
360 390
360 559
360 581
360 607
360 736
360 856
360 878
360 894
360 904
360 934
361 541
361 583
361 682
361 700
361 740
361 830
361 924
361 938
361 960
361 964
361 992
361 995
362 539
362 670
362 742
362 779
362 837
362 852
362 861
362 880
362 896
362 899
362 909
362 929
362 954
363 475
363 551
363 604
363 860
363 881
363 882
363 938
363 969
363 992
363 995
364 529
364 563
364 694
364 795
364 888
365 399
365 534
365 695
365 731
365 737
365 753
365 757
365 781
365 862
365 878
365 979
366 500
366 616
366 661
366 687
366 718
366 732
366 743
366 853
366 885
366 921
366 930
366 961
366 980
367 412
367 526
367 609
367 691
367 761
367 812
367 843
367 866
367 877
367 920
367 945
367 970
367 993
368 372
368 906
369 391
369 445
369 490
369 491
369 621
369 911
370 602
370 618
370 663
370 708
370 746
370 773
370 799
370 809
370 822
370 886
370 939
370 952
370 959
370 998
371 424
371 515
371 588
371 597
371 607
371 625
371 650
371 710
371 857
371 862
371 873
371 935
372 906
373 378
373 493
373 505
373 523
373 585
373 684
373 868
373 887
373 895
373 945
373 951
373 975
374 556
374 583
374 681
374 726
374 830
374 846
374 871
374 882
374 960
374 964
374 974
374 995
375 427
375 539
375 742
375 778
375 779
375 789
375 831
375 837
375 851
375 861
375 884
375 897
375 954
375 963
376 616
376 651
376 732
376 774
376 796
376 845
376 907
376 921
376 930
376 961
377 429
377 651
377 732
377 743
377 769
377 774
377 885
377 907
377 921
377 943
377 961
377 980
378 523
378 558
378 749
378 758
378 832
378 867
378 877
378 887
378 914
378 942
378 947
378 993
379 463
379 562
379 627
379 638
379 687
379 751
379 774
379 845
379 921
379 943
379 961
379 980
380 484
380 579
380 623
380 652
380 654
380 655
380 672
380 689
380 760
380 801
380 810
380 811
380 825
380 850
381 447
381 531
381 687
381 718
381 724
381 751
381 907
381 930
381 943
382 423
382 426
382 592
382 605
382 696
382 709
382 755
382 787
382 875
382 937
382 955
383 396
383 403
383 560
383 674
383 711
383 800
383 824
383 827
383 891
383 898
383 916
383 918
383 971
384 507
384 561
384 677
384 736
384 781
384 856
384 890
384 904
384 908
384 935
384 979
385 535
385 658
385 668
385 717
385 742
385 789
385 831
385 865
385 884
385 896
385 897
385 954
385 963
386 483
386 584
386 668
386 670
386 717
386 788
386 861
386 865
386 896
386 897
386 899
386 954
386 963
387 409
387 552
387 714
387 765
387 777
387 784
387 855
387 900
387 962
387 1000
388 404
388 415
388 723
388 733
388 793
388 797
388 901
388 903
388 941
388 982
388 983
388 990
389 528
389 617
389 645
389 692
389 763
389 812
389 849
389 933
389 973
389 981
389 996
390 625
390 650
390 781
390 854
390 856
390 915
390 934
390 935
391 445
391 490
391 491
391 621
391 911
392 493
392 523
392 564
392 569
392 653
392 705
392 775
392 832
392 868
392 927
392 944
392 947
392 956
392 987
393 420
393 785
394 450
394 640
394 663
394 664
394 746
394 773
394 799
394 809
394 822
394 886
394 939
394 952
394 959
394 998
395 425
395 456
395 582
395 586
395 591
395 659
395 660
395 748
395 783
395 787
395 791
395 803
395 805
395 937
396 403
396 560
396 674
396 711
396 800
396 824
396 827
396 891
396 898
396 916
396 918
396 971
397 439
397 614
397 629
397 666
397 684
397 699
397 735
397 866
397 942
397 953
397 957
397 973
397 975
397 993
398 426
398 437
398 460
398 467
398 659
398 660
398 669
398 755
398 783
398 946
398 955
399 474
399 534
399 549
399 695
399 854
399 934
399 979
400 575
400 602
400 664
400 708
400 746
400 773
400 799
400 809
400 822
400 886
400 939
400 952
400 959
400 998
401 548
401 567
401 702
401 720
401 768
401 807
401 817
401 841
401 859
401 905
401 910
401 925
401 968
401 978
402 449
402 453
402 610
402 806
402 828
402 844
402 848
402 988
402 989
402 997
403 560
403 674
403 711
403 800
403 824
403 827
403 891
403 898
403 916
403 918
403 971
404 487
404 647
404 697
404 723
404 733
404 797
404 808
404 901
404 903
404 941
404 982
404 983
404 990
405 430
405 515
405 561
405 597
405 835
405 854
405 856
405 862
405 890
405 908
405 926
405 934
406 511
406 612
406 752
406 913
407 427
407 519
407 537
407 584
407 668
407 717
407 818
407 837
407 861
407 880
407 884
407 954
407 963
408 493
408 536
408 606
408 683
408 686
408 725
408 775
408 866
408 867
408 889
408 895
408 945
408 981
409 552
409 714
409 765
409 777
409 784
409 855
409 900
409 962
409 1000
410 523
410 656
410 699
410 739
410 763
410 867
410 874
410 895
410 956
410 972
410 973
410 975
411 482
411 492
411 527
411 598
411 631
411 747
411 814
411 838
411 892
411 976
412 525
412 546
412 629
412 675
412 678
412 683
412 889
412 902
412 927
412 947
412 973
412 987
412 996
413 484
413 579
413 623
413 652
413 654
413 655
413 672
413 689
413 760
413 801
413 810
413 811
413 825
413 850
414 532
414 554
414 668
414 707
414 717
414 719
414 778
414 831
414 863
414 864
414 899
414 954
414 963
415 553
415 738
415 793
415 842
415 901
415 903
415 922
415 941
415 982
415 983
415 990
416 482
416 486
416 492
416 527
416 598
416 631
416 747
416 814
416 838
416 892
416 976
417 543
417 590
417 688
417 744
417 977
418 421
418 673
418 697
418 762
418 842
418 901
418 903
418 922
418 941
418 982
418 983
418 990
419 705
419 843
419 895
419 902
419 927
419 933
419 942
419 944
419 951
419 973
419 987
419 993
419 996
420 785
421 593
421 673
421 762
421 797
421 808
421 842
421 901
421 903
421 941
421 982
421 983
421 990
422 484
422 623
422 652
422 654
422 655
422 672
422 689
422 760
422 801
422 810
422 811
422 825
422 850
423 437
423 586
423 642
423 748
423 787
423 803
423 805
423 875
423 946
423 955
423 967
424 559
424 597
424 649
424 706
424 757
424 854
424 862
424 878
424 926
424 979
425 437
425 456
425 591
425 642
425 669
425 748
425 755
425 767
425 772
425 783
425 794
425 804
425 946
425 967
426 512
426 586
426 591
426 659
426 660
426 786
426 805
426 875
426 955
426 967
427 435
427 584
427 693
427 701
427 721
427 779
427 831
427 837
427 851
427 865
427 954
427 963
428 542
428 558
428 569
428 609
428 866
428 927
428 944
428 945
428 957
428 972
428 975
428 996
429 478
429 608
429 627
429 661
429 687
429 732
429 769
429 820
429 845
429 921
430 533
430 657
430 737
430 770
430 826
430 829
430 856
430 890
430 894
430 935
431 518
431 591
431 592
431 594
431 642
431 696
431 755
431 772
431 804
431 875
431 937
431 946
431 967
432 446
432 473
432 573
432 630
432 680
432 703
432 722
432 819
432 879
432 912
432 932
433 520
433 567
433 702
433 720
433 768
433 807
433 817
433 841
433 859
433 905
433 910
433 925
433 968
433 978
434 471
434 528
434 648
434 816
434 849
434 867
434 877
434 902
434 927
434 956
434 973
434 975
435 496
435 554
435 658
435 721
435 789
435 831
435 837
435 851
435 852
435 864
435 880
435 899
435 954
436 556
436 740
436 821
436 846
436 860
436 938
436 964
436 969
436 974
436 995
437 582
437 591
437 642
437 659
437 660
437 696
437 786
437 870
437 875
437 955
437 967
438 489
438 528
438 656
438 665
438 692
438 735
438 816
438 843
438 849
438 877
438 902
438 914
438 945
438 951
439 546
439 569
439 675
439 686
439 766
439 782
439 849
439 927
439 953
439 972
439 981
439 986
440 498
440 551
440 646
440 830
440 833
440 871
440 882
440 893
440 964
440 965
440 969
440 974
440 992
440 995
441 542
441 675
441 686
441 866
441 874
441 889
441 942
441 944
441 970
441 973
441 987
442 539
442 719
442 721
442 779
442 818
442 831
442 837
442 861
442 864
442 897
442 909
442 954
442 963
443 548
443 567
443 702
443 712
443 720
443 768
443 807
443 817
443 841
443 859
443 905
443 910
443 925
443 968
443 978
444 488
444 495
444 840
444 985
445 490
445 491
445 621
445 911
446 473
446 573
446 630
446 680
446 703
446 722
446 819
446 879
446 912
446 932
447 724
447 774
447 813
447 845
447 853
447 885
447 921
447 943
447 961
447 980
448 531
448 608
448 611
448 616
448 687
448 715
448 724
448 732
448 743
448 820
448 885
448 930
449 453
449 610
449 806
449 828
449 844
449 848
449 988
449 989
449 997
450 602
450 663
450 664
450 708
450 746
450 773
450 799
450 809
450 822
450 886
450 939
450 952
450 959
450 998
451 595
451 698
451 798
451 834
451 984
452 470
452 480
452 577
452 622
452 628
452 679
452 730
452 764
452 771
452 802
452 869
453 610
453 806
453 828
453 844
453 848
453 988
453 989
453 997
454 596
454 666
454 725
454 843
454 849
454 889
454 902
454 945
454 947
454 956
454 975
454 986
454 996
455 530
455 741
455 792
455 823
455 847
455 928
456 512
456 605
456 643
456 755
456 783
456 786
456 787
456 791
456 803
456 967
457 542
457 572
457 596
457 675
457 739
457 866
457 942
457 953
457 956
457 973
458 469
458 496
458 519
458 584
458 668
458 670
458 729
458 745
458 863
458 884
458 896
458 909
458 929
458 954
458 963
459 472
459 499
459 583
459 633
459 636
459 682
459 833
459 846
459 893
459 924
459 964
459 969
459 992
460 467
460 582
460 605
460 643
460 755
460 767
460 772
460 787
460 791
460 803
461 520
461 567
461 702
461 712
461 720
461 768
461 807
461 817
461 841
461 859
461 905
461 910
461 925
461 968
461 978
462 481
462 594
462 669
462 709
462 767
462 786
462 791
462 870
462 875
462 946
462 967
463 509
463 571
463 616
463 627
463 715
463 751
463 813
463 820
463 845
463 921
463 961
463 980
464 549
464 561
464 716
464 736
464 750
464 826
464 835
464 857
464 862
464 904
464 908
464 915
464 979
465 532
465 539
465 701
465 729
465 779
465 788
465 837
465 861
465 863
465 864
465 865
465 897
465 929
465 954
465 963
466 562
466 627
466 644
466 651
466 724
466 743
466 769
466 853
466 943
466 961
466 980
467 506
467 518
467 642
467 660
467 709
467 748
467 772
467 786
467 794
467 870
467 937
467 955
467 967
468 558
468 569
468 600
468 699
468 763
468 866
468 887
468 895
468 902
468 927
468 956
468 981
468 996
469 532
469 584
469 658
469 719
469 734
469 851
469 852
469 865
469 884
469 897
469 909
469 963
470 480
470 622
470 628
470 679
470 730
470 764
470 771
470 802
470 869
471 585
471 656
471 725
471 739
471 763
471 866
471 868
471 874
471 920
471 945
471 970
471 972
471 973
471 986
472 498
472 565
472 604
472 639
472 667
472 700
472 726
472 754
472 821
472 924
472 960
472 992
472 995
473 573
473 630
473 680
473 703
473 722
473 819
473 879
473 912
473 932
474 515
474 533
474 534
474 625
474 649
474 657
474 716
474 753
474 770
474 856
474 915
474 934
475 556
475 667
475 681
475 830
475 846
475 871
475 893
475 924
475 964
475 969
475 974
475 992
475 995
476 549
476 597
476 607
476 753
476 759
476 781
476 826
476 854
476 890
476 915
476 934
476 935
477 479
477 516
477 603
477 615
477 619
477 624
477 634
477 780
477 883
477 950
478 531
478 562
478 571
478 616
478 769
478 774
478 796
478 813
478 820
478 907
478 930
478 980
479 516
479 603
479 615
479 619
479 624
479 634
479 780
479 883
479 950
480 622
480 628
480 679
480 730
480 764
480 771
480 802
480 869
481 582
481 591
481 594
481 767
481 786
481 794
481 803
481 805
481 870
481 946
481 967
482 486
482 492
482 527
482 598
482 631
482 747
482 814
482 838
482 892
482 976
483 497
483 535
483 584
483 693
483 717
483 719
483 729
483 831
483 863
483 880
483 884
483 897
483 929
484 579
484 623
484 652
484 654
484 672
484 689
484 760
484 801
484 810
484 811
484 825
484 850
485 493
485 546
485 564
485 596
485 617
485 648
485 653
485 705
485 735
485 775
485 832
485 944
485 951
485 956
485 996
486 492
486 527
486 598
486 631
486 747
486 814
486 838
486 892
486 976
487 593
487 673
487 697
487 733
487 738
487 797
487 842
487 901
487 922
487 982
487 983
487 990
488 495
488 840
488 985
489 656
489 678
489 692
489 749
489 849
489 868
489 874
489 889
489 933
489 947
489 956
489 970
489 973
489 975
490 491
490 621
490 911
491 621
491 911
492 598
492 631
492 747
492 814
492 838
492 892
492 976
493 544
493 600
493 656
493 683
493 691
493 812
493 868
493 889
493 993
494 545
494 555
494 637
494 671
494 776
494 872
494 919
495 840
495 985
496 632
496 670
496 693
496 721
496 742
496 788
496 852
496 864
496 880
496 896
496 897
496 899
497 532
497 576
497 658
497 693
497 729
497 734
497 778
497 779
497 818
497 864
497 897
497 929
497 963
498 510
498 522
498 551
498 833
498 860
498 871
498 881
498 964
498 965
498 969
498 992
498 995
499 510
499 551
499 556
499 565
499 754
499 821
499 830
499 860
499 871
499 881
499 960
499 969
499 974
499 995
500 531
500 644
500 661
500 718
500 732
500 774
500 813
500 820
500 845
500 853
500 907
500 930
500 961
501 504
501 540
501 550
501 570
501 690
501 728
501 790
501 836
501 839
501 923
501 991
501 999
502 569
502 585
502 727
502 843
502 867
502 944
502 953
502 973
502 987
502 993
502 996
503 510
503 556
503 566
503 583
503 821
503 830
503 833
503 871
503 881
503 893
503 938
503 964
503 965
503 974
503 995
504 540
504 550
504 570
504 610
504 690
504 728
504 790
504 836
504 839
504 923
504 991
504 999
505 564
505 666
505 691
505 692
505 843
505 887
505 914
505 942
505 947
505 970
505 973
505 981
505 986
506 508
506 586
506 643
506 659
506 660
506 696
506 709
506 787
506 794
506 870
506 937
506 967
507 515
507 561
507 597
507 650
507 770
507 854
507 862
507 890
507 926
507 935
508 582
508 591
508 594
508 605
508 786
508 791
508 803
508 804
508 805
508 875
508 937
508 955
508 967
509 571
509 616
509 661
509 751
509 769
509 796
509 845
509 885
509 907
509 930
509 961
509 980
510 565
510 646
510 700
510 740
510 754
510 871
510 893
510 924
510 938
510 992
511 612
511 752
511 913
512 592
512 594
512 659
512 748
512 783
512 787
512 804
512 805
512 875
512 946
513 697
513 723
513 738
513 793
513 808
513 901
513 903
513 922
513 941
513 982
513 983
513 990
514 636
514 830
514 833
514 860
514 871
514 882
514 938
514 960
514 964
514 974
514 992
514 995
515 549
515 568
515 650
515 750
515 829
515 857
515 915
515 934
516 603
516 615
516 619
516 624
516 634
516 780
516 883
516 950
517 704
517 815
517 966
518 582
518 592
518 660
518 669
518 875
518 937
518 946
518 967
519 535
519 539
519 707
519 717
519 742
519 778
519 779
519 818
519 837
519 861
519 929
519 954
519 963
520 548
520 567
520 702
520 712
520 720
520 807
520 817
520 841
520 859
520 905
520 910
520 925
520 968
520 978
521 599
521 626
521 876
521 931
521 936
521 940
522 541
522 565
522 574
522 639
522 681
522 700
522 726
522 754
522 833
522 893
522 924
522 960
522 969
522 974
523 775
523 832
523 874
523 933
523 944
523 956
523 973
523 975
524 618
524 640
524 663
524 664
524 708
524 746
524 773
524 799
524 809
524 822
524 886
524 939
524 952
524 959
524 998
525 653
525 749
525 782
525 895
525 902
525 920
525 942
525 945
525 970
526 596
526 775
526 868
526 877
526 902
526 956
526 970
526 986
526 987
527 598
527 747
527 814
527 838
527 892
527 976
528 558
528 725
528 782
528 816
528 832
528 887
528 889
528 920
528 927
528 942
528 975
528 987
529 563
529 694
529 795
529 888
530 741
530 792
530 823
530 847
530 928
531 578
531 611
531 644
531 676
531 732
531 820
531 853
531 907
531 921
531 943
531 980
532 701
532 734
532 778
532 861
532 863
532 865
532 880
532 884
532 896
532 897
532 909
532 929
533 625
533 657
533 706
533 731
533 856
533 862
533 878
533 894
533 908
533 915
533 934
534 549
534 581
534 589
534 731
534 750
534 757
534 781
534 904
534 915
534 926
535 580
535 658
535 693
535 734
535 778
535 789
535 818
535 852
535 861
535 863
535 896
535 897
535 899
536 585
536 727
536 735
536 739
536 766
536 867
536 895
536 914
536 942
536 947
536 957
536 973
536 996
537 539
537 576
537 693
537 729
537 734
537 788
537 851
537 861
537 864
537 880
537 884
537 896
537 899
537 929
537 954
537 963
538 685
538 917
538 948
538 958
539 576
539 668
539 693
539 729
539 789
539 818
539 851
539 865
539 896
539 909
539 954
540 550
540 570
540 690
540 728
540 790
540 836
540 839
540 923
540 991
540 999
541 574
541 667
541 700
541 871
541 881
541 924
541 938
541 964
541 965
541 969
541 992
542 564
542 587
542 739
542 832
542 866
542 920
542 927
542 945
542 957
542 970
543 590
543 688
543 744
543 977
544 645
544 692
544 725
544 763
544 812
544 832
544 944
544 951
544 953
544 957
544 973
544 981
544 993
545 555
545 637
545 671
545 776
545 872
545 919
546 609
546 629
546 653
546 692
546 739
546 866
546 933
546 947
546 973
546 986
546 987
547 553
547 673
547 723
547 762
547 793
547 808
547 842
547 901
547 903
547 922
547 941
547 982
547 983
547 990
548 702
548 712
548 720
548 768
548 807
548 817
548 841
548 859
548 905
548 910
548 925
548 968
548 978
549 581
549 625
549 677
549 737
549 835
549 873
549 890
549 894
549 926
549 979
550 570
550 690
550 728
550 790
550 836
550 839
550 923
550 991
550 999
551 681
551 682
551 860
551 882
551 893
551 938
551 960
551 965
551 969
551 995
552 714
552 765
552 777
552 784
552 855
552 900
552 962
552 1000
553 673
553 723
553 808
553 842
553 901
553 903
553 922
553 941
553 982
553 983
553 990
554 670
554 693
554 707
554 717
554 734
554 742
554 745
554 818
554 861
554 865
554 880
554 896
554 897
554 899
554 909
555 637
555 671
555 776
555 872
555 919
556 633
556 639
556 682
556 700
556 726
556 740
556 860
556 924
556 938
556 965
556 969
556 992
557 589
557 597
557 649
557 650
557 710
557 731
557 759
557 770
557 826
557 829
557 878
557 935
557 979
558 629
558 675
558 699
558 713
558 735
558 761
558 832
558 920
558 933
558 944
558 972
558 975
558 981
559 568
559 597
559 677
559 716
559 829
559 857
559 890
559 894
559 934
559 979
560 674
560 711
560 800
560 824
560 827
560 891
560 898
560 916
560 918
560 971
561 625
561 750
561 826
561 829
561 854
561 857
561 926
561 934
562 651
562 676
562 724
562 796
562 813
562 845
562 853
562 907
562 921
562 930
562 943
562 961
562 980
563 694
563 795
563 888
564 609
564 665
564 684
564 725
564 895
564 920
564 945
564 951
564 957
564 970
564 973
564 987
565 646
565 667
565 754
565 830
565 882
565 924
565 938
565 960
565 965
565 992
565 995
566 574
566 620
566 646
566 821
566 833
566 860
566 871
566 893
566 924
566 938
566 965
566 974
566 992
566 995
567 702
567 712
567 768
567 807
567 817
567 841
567 859
567 905
567 910
567 925
567 968
567 978
568 588
568 607
568 649
568 731
568 737
568 759
568 857
568 862
568 878
568 904
568 934
568 979
569 596
569 675
569 678
569 691
569 766
569 832
569 973
569 975
569 987
569 993
570 690
570 728
570 790
570 836
570 839
570 923
570 991
570 999
571 578
571 616
571 627
571 638
571 676
571 724
571 732
571 774
571 853
571 885
571 930
571 943
571 961
571 980
572 609
572 614
572 678
572 735
572 758
572 761
572 877
572 902
572 942
572 944
572 945
572 951
572 956
572 970
572 987
573 630
573 680
573 703
573 722
573 819
573 879
573 912
573 932
574 620
574 681
574 740
574 754
574 860
574 871
574 881
574 882
574 893
574 960
574 969
574 974
574 995
575 602
575 618
575 640
575 663
575 664
575 746
575 773
575 799
575 809
575 822
575 886
575 939
575 952
575 959
575 998
576 584
576 632
576 701
576 719
576 729
576 734
576 788
576 851
576 863
576 864
576 896
576 929
576 954
577 622
577 628
577 679
577 730
577 764
577 771
577 802
577 869
578 627
578 638
578 651
578 661
578 743
578 774
578 796
578 845
578 853
578 885
578 907
578 921
578 980
579 623
579 652
579 654
579 655
579 672
579 689
579 760
579 801
579 810
579 811
579 825
579 850
580 701
580 717
580 729
580 778
580 789
580 837
580 852
580 861
580 863
580 864
580 899
580 909
580 954
580 963
581 625
581 677
581 781
581 835
581 890
581 908
581 915
581 926
582 591
582 594
582 748
582 805
582 870
582 937
582 946
582 955
582 967
583 604
583 633
583 740
583 830
583 860
583 871
583 924
583 965
583 974
583 992
584 632
584 693
584 701
584 707
584 788
584 851
584 864
584 865
584 909
584 954
585 648
585 686
585 766
585 843
585 942
585 973
585 981
585 987
585 996
586 594
586 605
586 748
586 755
586 772
586 783
586 786
586 794
586 805
586 870
586 955
586 967
587 645
587 666
587 692
587 699
587 761
587 775
587 843
587 868
587 902
587 920
587 933
587 942
587 953
588 589
588 650
588 736
588 759
588 856
588 878
588 904
588 926
588 934
589 625
589 649
589 695
589 731
589 770
589 835
589 854
589 856
589 862
589 894
589 904
589 934
590 688
590 744
590 977
591 660
591 669
591 787
591 794
591 804
591 805
591 955
591 967
592 594
592 642
592 767
592 772
592 783
592 805
592 870
592 875
592 955
592 967
593 647
593 673
593 733
593 738
593 793
593 797
593 808
593 901
593 903
593 941
593 982
593 983
593 990
594 642
594 659
594 709
594 755
594 772
594 794
594 937
594 946
594 967
595 698
595 798
595 834
595 984
596 629
596 699
596 735
596 782
596 843
596 849
596 866
596 867
596 895
596 933
596 957
596 996
597 677
597 706
597 894
597 934
597 935
597 979
598 631
598 747
598 814
598 838
598 892
598 976
599 626
599 876
599 931
599 936
599 940
600 606
600 609
600 614
600 683
600 727
600 902
600 942
600 945
600 956
600 957
600 973
600 986
600 996
601 635
601 641
601 949
602 640
602 663
602 708
602 746
602 773
602 799
602 809
602 822
602 886
602 939
602 952
602 959
602 998
603 615
603 619
603 624
603 634
603 780
603 883
603 950
604 620
604 633
604 639
604 682
604 700
604 740
604 821
604 860
604 881
604 964
604 965
604 969
604 995
605 748
605 755
605 791
605 805
605 870
605 875
605 955
605 967
606 705
606 725
606 832
606 849
606 868
606 877
606 914
606 927
606 944
606 953
606 957
606 981
607 736
607 750
607 759
607 857
607 873
607 878
607 890
607 908
607 915
607 926
607 979
608 611
608 644
608 715
608 718
608 724
608 743
608 813
608 820
608 853
608 930
608 943
608 961
608 980
609 739
609 849
609 877
609 887
609 927
609 944
609 972
609 981
609 986
609 996
610 806
610 828
610 844
610 848
610 988
610 989
610 997
611 661
611 676
611 687
611 715
611 769
611 845
611 885
611 907
611 930
611 961
611 980
612 752
612 913
613 632
613 693
613 701
613 734
613 778
613 789
613 818
613 837
613 864
613 865
613 880
613 884
613 896
613 897
613 929
613 963
614 665
614 666
614 766
614 782
614 867
614 887
614 914
614 933
614 947
614 951
614 956
614 996
615 619
615 624
615 634
615 780
615 883
615 950
616 638
616 718
616 724
616 743
616 796
616 820
616 885
616 921
616 930
617 678
617 699
617 705
617 749
617 775
617 849
617 887
617 902
617 914
617 944
617 945
617 972
617 975
617 987
618 640
618 663
618 664
618 708
618 746
618 773
618 799
618 809
618 822
618 886
618 939
618 952
618 959
618 998
619 624
619 634
619 780
619 883
619 950
620 636
620 682
620 754
620 821
620 833
620 860
620 881
620 964
620 969
620 974
620 992
620 995
621 911
622 628
622 679
622 730
622 764
622 771
622 802
622 869
623 652
623 654
623 655
623 672
623 689
623 760
623 801
623 810
623 811
623 825
623 850
624 634
624 780
624 883
624 950
625 657
625 710
625 731
625 854
625 890
625 894
625 926
625 934
625 979
626 876
626 931
626 936
626 940
627 638
627 651
627 769
627 845
627 853
627 921
627 961
628 679
628 730
628 764
628 771
628 802
628 869
629 675
629 678
629 735
629 782
629 867
629 889
629 920
629 951
629 970
629 973
629 986
630 680
630 703
630 722
630 819
630 879
630 912
630 932
631 747
631 814
631 838
631 892
631 976
632 707
632 745
632 779
632 818
632 831
632 851
632 861
632 863
632 880
632 896
632 897
632 899
632 909
632 929
633 636
633 726
633 740
633 830
633 846
633 871
633 924
633 960
633 964
633 965
633 974
633 992
634 780
634 883
634 950
635 641
635 949
636 682
636 700
636 726
636 830
636 846
636 882
636 924
636 964
636 969
636 974
636 992
636 995
637 671
637 776
637 872
637 919
638 661
638 676
638 718
638 724
638 732
638 751
638 796
638 820
638 885
638 930
638 961
638 980
639 700
639 830
639 871
639 938
639 960
639 964
639 969
639 974
639 992
639 995
640 663
640 664
640 708
640 746
640 773
640 799
640 809
640 822
640 886
640 939
640 952
640 959
640 998
641 949
642 772
642 803
642 805
642 870
642 875
642 937
642 955
642 967
643 660
643 669
643 696
643 748
643 767
643 772
643 791
643 794
643 803
643 937
643 955
643 967
644 718
644 724
644 743
644 751
644 769
644 845
644 853
644 885
644 930
644 943
644 980
645 666
645 684
645 705
645 713
645 763
645 868
645 902
645 947
645 951
645 957
645 972
645 987
645 993
645 996
646 667
646 700
646 821
646 833
646 860
646 882
646 893
646 924
646 960
646 965
646 974
646 995
647 673
647 697
647 723
647 733
647 738
647 762
647 793
647 797
647 842
647 901
647 903
647 922
647 941
647 982
647 983
647 990
648 656
648 666
648 683
648 692
648 713
648 739
648 816
648 867
648 947
648 953
648 957
648 970
648 986
648 993
649 706
649 731
649 753
649 862
649 894
649 904
649 926
649 935
649 979
650 706
650 736
650 750
650 856
650 857
650 873
650 904
650 908
650 935
650 979
651 661
651 676
651 687
651 718
651 820
651 845
651 853
651 930
651 980
652 654
652 655
652 672
652 689
652 760
652 801
652 810
652 811
652 825
652 850
653 675
653 678
653 684
653 739
653 761
653 867
653 889
653 945
653 975
653 987
653 996
654 655
654 672
654 689
654 760
654 801
654 810
654 811
654 825
654 850
655 672
655 689
655 760
655 801
655 810
655 811
655 825
655 850
656 683
656 684
656 739
656 758
656 868
656 874
656 895
656 902
656 953
656 972
656 981
656 987
656 993
657 695
657 706
657 736
657 757
657 759
657 770
657 781
657 857
657 894
657 904
657 908
657 979
658 701
658 707
658 719
658 729
658 734
658 742
658 778
658 837
658 852
658 863
658 865
658 880
658 899
658 929
658 963
659 660
659 669
659 709
659 783
659 787
659 804
659 805
659 870
659 875
659 946
659 955
660 669
660 767
660 783
660 791
660 794
660 804
660 870
660 946
660 967
661 687
661 715
661 743
661 774
661 921
661 930
661 943
661 980
662 756
662 858
662 994
663 664
663 746
663 773
663 799
663 809
663 822
663 886
663 939
663 952
663 959
663 998
664 708
664 746
664 773
664 799
664 822
664 886
664 939
664 952
664 959
664 998
665 684
665 686
665 725
665 812
665 816
665 849
665 889
665 902
665 927
665 933
665 944
665 947
665 953
665 957
665 972
665 973
665 993
666 725
666 761
666 816
666 877
666 902
666 914
666 933
666 942
666 947
666 956
667 700
667 726
667 821
667 830
667 833
667 846
667 882
667 924
667 960
667 965
667 969
667 974
667 992
668 693
668 701
668 719
668 734
668 742
668 818
668 837
668 861
668 864
668 865
668 880
668 896
668 899
668 909
669 748
669 772
669 803
669 875
669 937
669 946
670 707
670 721
670 729
670 745
670 818
670 837
670 852
670 861
670 864
670 897
670 899
670 929
670 954
670 963
671 776
671 872
671 919
672 689
672 760
672 801
672 810
672 811
672 825
672 850
673 723
673 762
673 797
673 842
673 901
673 903
673 941
673 982
673 983
673 990
674 711
674 800
674 824
674 827
674 891
674 898
674 916
674 918
674 971
675 684
675 692
675 705
675 775
675 920
675 927
675 951
675 956
675 970
675 972
675 973
675 993
676 724
676 743
676 751
676 769
676 774
676 813
676 853
676 885
676 961
676 980
677 710
677 759
677 829
677 854
677 856
677 857
677 862
677 904
677 908
677 926
677 935
678 705
678 758
678 812
678 816
678 832
678 887
678 889
678 895
678 914
678 986
678 993
679 730
679 764
679 771
679 802
679 869
680 703
680 722
680 819
680 879
680 912
680 932
681 740
681 821
681 830
681 871
681 881
681 924
681 938
681 960
681 964
681 969
681 974
682 740
682 830
682 881
682 924
682 960
682 965
682 969
682 974
682 992
682 995
683 699
683 705
683 735
683 816
683 868
683 887
683 902
683 944
683 945
683 986
683 987
683 993
684 758
684 766
684 812
684 843
684 874
684 942
684 947
684 951
684 970
684 975
684 993
685 917
685 948
685 958
686 691
686 775
686 782
686 812
686 816
686 874
686 887
686 895
686 920
686 933
686 945
686 956
686 981
686 986
686 987
686 996
687 715
687 718
687 774
687 796
687 853
687 885
687 943
687 980
688 744
688 977
689 760
689 801
689 810
689 811
689 825
689 850
690 728
690 790
690 836
690 839
690 923
690 991
690 999
691 727
691 849
691 927
691 942
691 944
691 947
691 957
691 972
691 981
691 986
691 987
691 993
691 996
692 727
692 739
692 782
692 867
692 902
692 927
692 951
692 953
692 970
692 973
692 986
693 745
693 789
693 818
693 831
693 880
693 884
693 896
693 963
694 795
694 888
695 753
695 757
695 770
695 826
695 894
695 908
695 926
695 935
695 979
696 709
696 748
696 755
696 767
696 787
696 794
696 803
696 870
696 937
696 967
697 738
697 793
697 808
697 842
697 903
697 922
697 941
697 982
697 983
697 990
698 798
698 834
698 984
699 705
699 763
699 766
699 843
699 920
699 944
699 945
699 953
699 957
699 970
699 981
699 986
700 833
700 881
700 924
700 938
700 974
701 707
701 717
701 729
701 745
701 778
701 788
701 837
701 864
701 865
701 880
701 884
701 909
701 963
702 712
702 720
702 768
702 807
702 817
702 841
702 859
702 905
702 910
702 925
702 968
702 978
703 722
703 819
703 879
703 912
703 932
704 815
704 966
705 735
705 763
705 775
705 843
705 867
705 874
705 887
705 914
705 951
705 973
705 996
706 710
706 731
706 737
706 750
706 826
706 829
706 854
706 878
706 904
706 934
706 979
707 717
707 742
707 745
707 818
707 837
707 852
707 865
707 880
707 884
707 897
707 929
707 954
708 746
708 773
708 799
708 809
708 822
708 886
708 939
708 952
708 959
708 998
709 772
709 783
709 803
709 870
709 937
709 955
709 967
710 750
710 759
710 781
710 826
710 873
710 878
710 904
710 908
710 926
710 935
711 800
711 824
711 827
711 891
711 898
711 916
711 918
711 971
712 720
712 768
712 807
712 817
712 841
712 859
712 905
712 910
712 925
712 968
712 978
713 849
713 874
713 887
713 914
713 920
713 927
713 944
713 947
713 951
713 957
713 970
713 972
713 973
713 986
714 765
714 777
714 784
714 855
714 900
714 962
714 1000
715 743
715 774
715 820
715 853
715 885
715 907
715 921
715 943
715 980
716 731
716 770
716 854
716 857
716 862
716 878
716 890
716 894
716 908
716 935
716 979
717 721
717 778
717 818
717 831
717 852
717 863
717 865
717 896
717 897
717 899
717 929
717 954
718 769
718 820
718 845
718 853
718 907
718 921
718 943
718 961
719 721
719 729
719 778
719 779
719 788
719 789
719 831
719 852
719 863
719 897
719 909
719 954
719 963
720 768
720 807
720 817
720 841
720 859
720 905
720 910
720 925
720 968
720 978
721 745
721 779
721 788
721 837
721 851
721 852
721 863
721 880
721 884
721 896
721 897
721 929
722 819
722 879
722 912
722 932
723 733
723 793
723 797
723 842
723 903
723 922
723 941
723 982
723 983
723 990
724 820
724 845
724 921
724 943
724 961
724 980
725 739
725 782
725 843
725 866
725 868
725 889
725 957
725 972
725 975
725 981
726 740
726 754
726 882
726 924
726 938
726 960
726 964
726 965
726 969
726 992
726 995
727 739
727 758
727 766
727 782
727 849
727 867
727 874
727 914
727 933
727 944
727 945
727 947
727 953
727 970
727 986
728 790
728 836
728 839
728 923
728 991
728 999
729 789
729 818
729 852
729 861
729 863
729 865
729 899
729 909
729 929
729 954
730 764
730 771
730 802
730 869
731 736
731 753
731 781
731 835
731 856
731 890
731 904
731 926
731 979
732 751
732 769
732 796
732 813
732 907
732 930
732 943
732 961
733 738
733 762
733 793
733 797
733 808
733 903
733 922
733 941
733 982
733 983
733 990
734 742
734 745
734 779
734 789
734 818
734 896
734 897
734 909
734 929
734 963
735 763
735 895
735 953
735 972
735 973
735 975
735 986
735 987
736 737
736 757
736 829
736 835
736 857
736 862
736 873
736 894
736 926
737 750
737 770
737 781
737 826
737 829
737 835
737 854
737 873
737 890
737 904
737 934
738 762
738 793
738 797
738 808
738 842
738 901
738 903
738 922
738 941
738 982
738 983
738 990
739 749
739 763
739 812
739 849
739 927
739 942
739 981
739 996
740 833
740 882
740 893
740 924
740 938
740 960
740 964
740 974
740 995
741 792
741 823
741 847
741 928
742 778
742 779
742 789
742 818
742 851
742 852
742 861
742 865
742 880
742 884
742 897
742 899
742 909
743 796
743 853
743 885
743 961
743 980
744 977
745 852
745 861
745 863
745 864
745 865
745 884
745 897
745 899
745 909
745 929
745 963
746 773
746 799
746 809
746 886
746 939
746 952
746 959
746 998
747 814
747 838
747 892
747 976
748 767
748 783
748 786
748 787
748 791
748 803
748 955
749 849
749 874
749 887
749 889
749 895
749 933
749 945
749 951
749 956
749 972
749 981
749 986
749 996
750 753
750 757
750 770
750 826
750 829
750 862
750 873
750 890
750 894
750 908
750 926
750 934
751 769
751 796
751 813
751 820
751 845
751 853
751 907
751 943
751 980
752 801
752 913
753 829
753 835
753 856
753 857
753 862
753 890
753 894
753 934
753 979
754 821
754 830
754 846
754 871
754 881
754 882
754 893
754 924
754 938
754 960
754 964
754 969
755 772
755 783
755 786
755 787
755 794
755 804
755 870
755 875
755 955
756 858
756 994
757 781
757 835
757 854
757 857
757 862
757 873
757 878
757 915
757 934
757 935
758 812
758 832
758 866
758 874
758 914
758 945
758 956
758 972
758 975
758 981
758 993
759 770
759 829
759 873
759 878
759 904
759 915
759 935
759 979
760 801
760 810
760 811
760 825
760 850
761 812
761 843
761 849
761 866
761 877
761 902
761 914
761 942
761 953
761 957
761 986
762 793
762 797
762 808
762 842
762 903
762 922
762 941
762 982
762 983
762 990
763 849
763 866
763 887
763 895
763 902
763 933
763 947
763 951
763 956
763 973
763 986
763 996
764 771
764 802
764 869
765 777
765 784
765 855
765 900
765 962
765 1000
766 812
766 867
766 933
766 942
766 947
766 970
766 972
766 975
767 772
767 783
767 786
767 875
767 937
767 946
767 955
767 967
768 807
768 817
768 841
768 859
768 905
768 910
768 925
768 968
768 978
769 820
769 853
769 885
769 907
769 921
769 930
769 961
769 980
770 835
770 854
770 856
770 862
770 890
770 904
770 908
770 915
770 934
771 802
771 869
772 875
772 937
772 946
772 967
773 799
773 809
773 822
773 886
773 939
773 952
773 959
773 998
774 796
774 813
774 820
774 907
774 921
774 980
775 812
775 867
775 874
775 877
775 942
775 945
775 957
775 981
775 987
775 996
776 872
776 919
777 784
777 855
777 900
777 962
777 1000
778 788
778 789
778 818
778 831
778 851
778 852
778 880
778 899
778 909
778 954
778 963
779 788
779 789
779 831
779 880
779 899
779 909
779 929
779 954
780 883
780 950
781 829
781 878
781 890
781 894
781 904
781 915
781 926
782 849
782 868
782 877
782 887
782 889
782 920
782 942
782 944
782 973
782 975
783 786
783 803
783 946
783 955
784 855
784 900
784 962
784 1000
786 791
786 794
786 803
786 804
786 805
786 870
786 875
786 946
786 955
786 967
787 791
787 794
787 803
787 804
787 870
787 946
787 955
788 818
788 837
788 864
788 880
788 897
788 909
788 929
788 954
788 963
789 852
789 864
789 884
789 897
790 836
790 839
790 923
790 991
790 999
791 794
791 803
791 870
791 946
791 967
792 823
792 847
792 928
793 797
793 842
793 901
793 903
793 922
793 941
793 982
793 983
793 990
794 803
794 804
794 805
794 870
794 946
795 888
796 813
796 885
796 930
796 980
797 808
797 901
797 903
797 941
797 982
797 983
797 990
798 834
798 984
799 809
799 822
799 886
799 939
799 952
799 959
799 998
800 824
800 827
800 891
800 898
800 916
800 918
800 971
801 810
801 811
801 825
801 850
802 869
803 937
803 946
804 805
804 870
804 875
804 937
804 946
804 955
804 967
805 937
805 946
806 828
806 844
806 848
806 988
806 989
806 997
807 817
807 841
807 859
807 905
807 910
807 925
807 968
807 978
808 901
808 903
808 922
808 941
808 982
808 983
808 990
809 822
809 886
809 939
809 952
809 959
809 998
810 811
810 825
810 850
811 825
811 850
812 866
812 874
812 877
812 951
812 957
812 970
812 981
812 986
812 993
813 820
813 845
813 907
813 921
813 943
813 961
813 980
814 838
814 892
814 976
815 966
816 843
816 887
816 914
816 927
816 933
816 942
816 947
816 951
816 956
816 975
816 981
816 986
816 987
816 996
817 841
817 859
817 905
817 910
817 925
817 968
817 978
818 831
818 851
818 864
818 880
818 884
818 963
819 879
819 912
819 932
820 853
820 907
820 943
820 961
821 833
821 846
821 871
821 882
821 893
821 924
821 938
821 960
821 965
821 969
821 992
821 995
822 886
822 939
822 952
822 959
822 998
823 847
823 928
824 827
824 891
824 898
824 916
824 918
824 971
825 850
826 835
826 856
826 890
826 894
826 908
826 935
826 979
827 891
827 898
827 916
827 918
827 971
828 844
828 848
828 988
828 989
828 997
829 862
829 878
829 890
829 894
829 908
829 926
829 934
829 935
829 979
830 846
830 860
830 871
830 882
830 893
830 938
830 960
830 964
830 965
830 969
830 992
831 837
831 851
831 863
831 864
831 865
831 884
831 897
831 899
831 929
831 954
832 868
832 887
832 902
832 945
832 970
832 981
832 986
833 860
833 881
833 924
833 938
833 960
833 965
833 969
833 974
833 992
833 995
834 984
835 854
835 856
835 857
835 873
835 894
835 908
835 934
836 839
836 923
836 991
836 999
837 852
837 861
837 863
837 865
837 880
837 884
837 896
837 899
837 963
838 892
838 976
839 923
839 991
839 999
840 985
841 859
841 905
841 910
841 925
841 968
841 978
842 903
842 941
842 982
842 983
842 990
843 866
843 868
843 887
843 889
843 914
843 920
843 933
843 970
843 972
843 973
843 975
843 987
844 848
844 988
844 989
844 997
845 921
845 930
845 943
845 961
845 980
846 860
846 871
846 881
846 882
846 893
846 938
846 960
846 964
846 965
846 969
846 992
847 928
848 988
848 989
848 997
849 874
849 895
849 914
849 944
849 993
851 852
851 863
851 865
851 896
851 897
851 899
851 909
851 929
851 963
852 863
852 864
852 880
852 884
852 899
852 954
853 907
853 930
853 980
854 857
854 935
855 900
855 962
855 1000
856 857
856 873
856 878
856 915
856 934
856 935
857 862
857 873
857 878
857 890
857 904
857 915
857 926
858 994
859 905
859 910
859 925
859 968
859 978
860 871
860 882
860 893
860 938
860 964
860 992
860 995
861 863
861 864
861 896
861 899
861 909
861 929
861 954
862 878
862 915
862 926
862 935
862 979
863 864
863 880
863 884
863 896
863 899
863 963
864 865
864 884
864 897
864 909
864 963
865 896
865 897
865 899
865 909
865 929
865 954
865 963
866 877
866 895
866 956
866 973
866 993
866 996
867 914
867 920
867 927
867 944
867 945
867 947
867 953
867 956
867 957
867 975
867 987
868 874
868 927
868 933
868 970
868 972
868 987
868 993
870 875
870 937
870 946
870 967
871 881
871 938
871 964
871 965
871 995
872 919
873 890
873 908
873 934
873 935
873 979
874 887
874 951
874 956
874 957
874 970
874 972
874 986
874 996
875 937
875 946
875 955
876 931
876 936
876 940
877 889
877 927
877 945
877 947
877 951
877 953
877 956
877 957
877 972
877 986
878 890
878 908
878 915
879 912
879 932
880 884
880 929
881 882
881 938
881 960
881 964
881 969
881 974
881 992
881 995
882 893
882 924
882 938
882 960
882 964
882 965
882 995
883 950
884 896
884 897
884 929
884 954
885 907
885 921
885 930
885 943
885 961
885 980
886 939
886 952
886 959
886 998
887 889
887 927
887 933
887 944
887 956
887 993
889 951
889 970
889 972
889 973
889 981
889 993
890 904
890 935
890 979
891 898
891 916
891 918
891 971
892 976
893 924
893 938
893 960
893 964
893 965
893 969
893 992
894 915
894 926
894 935
894 979
895 927
895 945
895 951
895 953
895 973
895 975
895 981
895 987
896 899
896 909
896 963
897 899
897 963
898 916
898 918
898 971
899 909
899 929
900 962
900 1000
901 903
901 922
901 941
901 982
901 983
901 990
902 933
902 944
902 947
902 957
902 970
902 975
903 922
903 941
903 982
903 983
903 990
904 915
904 934
904 935
905 910
905 925
905 968
905 978
907 921
907 930
907 943
907 961
907 980
908 926
908 979
909 929
909 954
909 963
910 925
910 968
910 978
912 932
914 927
914 942
914 944
914 951
914 953
914 957
914 975
914 993
914 996
915 926
915 979
916 918
916 971
917 948
917 958
918 971
920 951
920 953
920 956
920 970
920 973
920 975
920 981
920 986
920 993
921 930
921 943
921 961
922 941
922 982
922 983
922 990
923 991
923 999
924 938
924 965
924 969
924 974
924 992
925 968
925 978
927 942
927 945
927 951
927 953
927 957
927 972
927 996
929 954
929 963
930 943
930 961
931 936
931 940
933 942
933 945
933 956
933 957
933 986
933 996
934 935
936 940
937 955
937 967
938 960
938 969
939 952
939 959
939 998
941 982
941 983
941 990
942 947
942 951
942 970
942 973
942 987
943 980
944 947
944 957
944 972
944 987
944 993
945 957
945 996
946 967
947 970
947 981
947 987
947 993
947 996
948 958
951 953
951 970
951 981
951 993
952 959
952 998
953 956
953 957
953 970
953 975
953 986
953 987
954 963
955 967
956 972
956 973
956 987
956 993
957 972
957 981
957 987
957 996
959 998
960 964
960 965
960 992
960 995
961 980
962 1000
964 965
964 969
964 974
964 992
964 995
965 969
965 992
965 995
968 978
969 974
969 995
970 981
970 993
972 981
972 996
974 992
974 995
975 981
975 986
975 993
981 993
981 996
982 983
982 990
983 990
986 987
988 989
988 997
989 997
991 999
993 996
