1 84
1 99
1 134
1 165
1 183
1 193
1 265
1 331
1 486
1 740
2 440
2 443
2 604
2 610
2 669
2 789
2 804
2 810
2 846
2 949
3 440
3 443
3 604
3 610
3 669
3 789
3 804
3 810
3 846
3 949
4 116
4 643
4 688
4 727
4 796
4 885
4 910
4 921
4 942
4 943
5 21
5 39
5 49
5 97
5 117
5 120
5 155
5 185
5 257
5 708
6 638
6 661
6 727
6 771
6 802
6 869
6 910
6 921
6 942
6 943
7 713
7 720
7 798
7 815
7 820
7 823
7 852
7 867
7 877
7 890
8 368
8 465
8 472
8 537
8 721
8 785
8 811
8 866
8 879
8 906
9 26
9 229
9 248
9 319
9 336
9 378
9 418
9 500
9 647
9 905
10 159
10 281
10 347
10 482
10 516
10 619
10 621
10 655
10 673
10 675
11 561
11 690
11 742
11 824
11 901
11 917
11 967
11 969
11 977
11 984
12 164
12 556
12 631
12 779
12 850
12 873
12 878
12 891
12 894
12 909
13 279
13 469
13 473
13 668
13 683
13 693
13 722
13 879
13 903
13 906
14 168
14 308
14 330
14 422
14 441
14 502
14 517
14 553
14 565
14 569
15 311
15 623
15 760
15 768
15 801
15 806
15 913
15 916
15 923
15 966
16 573
16 704
16 799
16 853
16 886
16 900
16 924
16 928
16 939
16 948
17 144
17 229
17 253
17 319
17 338
17 340
17 381
17 418
17 500
17 905
18 606
18 766
18 775
18 868
18 887
18 889
18 895
18 944
18 951
18 973
19 163
19 324
19 438
19 523
19 547
19 585
19 734
19 758
19 761
19 972
20 41
20 44
20 150
20 184
20 640
21 39
21 48
21 97
21 117
21 155
21 185
21 257
21 276
21 708
22 670
22 863
22 876
22 880
22 882
22 929
22 954
22 956
22 963
22 970
23 121
23 179
23 190
23 206
23 275
23 282
23 322
23 359
23 412
23 656
24 754
24 764
24 774
24 822
24 833
24 871
24 883
24 964
24 965
24 976
25 268
25 564
25 571
25 625
25 835
25 856
25 862
25 888
25 926
25 935
26 144
26 166
26 170
26 338
26 378
26 575
26 591
26 647
26 905
27 58
27 159
27 234
27 480
27 529
27 619
27 621
27 636
27 673
27 675
28 695
28 704
28 773
28 881
28 900
28 922
28 924
28 928
28 932
28 948
29 646
29 698
29 735
29 790
29 868
29 874
29 889
29 895
29 951
29 973
30 160
30 354
30 613
30 683
30 811
30 851
30 865
30 893
30 896
30 903
31 142
31 212
31 398
31 481
31 627
31 787
31 813
31 930
31 946
31 975
32 816
32 818
32 927
32 941
32 947
32 960
32 979
32 980
32 981
32 982
33 210
33 373
33 428
33 439
33 457
33 476
33 545
33 560
33 614
33 933
34 123
34 144
34 199
34 248
34 381
34 382
34 418
34 575
34 591
34 905
35 986
35 989
35 990
35 991
35 994
35 995
35 997
35 998
35 999
35 1000
36 43
36 72
36 168
36 308
36 441
36 502
36 517
36 553
36 565
36 569
37 678
37 876
37 899
37 912
37 920
37 929
37 954
37 956
37 963
37 970
38 261
38 336
38 381
38 385
38 418
38 575
38 591
38 612
38 647
38 905
39 48
39 49
39 105
39 117
39 120
39 257
39 276
39 708
40 595
40 642
40 691
40 725
40 751
40 767
40 783
40 803
40 845
40 957
41 44
41 150
41 184
41 640
42 588
42 654
42 677
42 717
42 836
42 857
42 873
42 878
42 891
42 904
43 312
43 410
43 422
43 441
43 502
43 517
43 553
43 565
43 569
44 150
44 184
44 640
45 390
45 430
45 625
45 753
45 757
45 859
45 888
45 908
45 915
45 936
46 986
46 987
46 990
46 991
46 994
46 995
46 996
46 997
46 998
46 1000
47 251
47 785
47 858
47 864
47 865
47 866
47 879
47 884
47 893
47 897
48 105
48 117
48 120
48 155
48 185
48 257
48 276
48 708
49 97
49 105
49 120
49 155
49 185
49 257
49 276
49 708
50 652
50 682
50 808
50 812
50 831
50 937
50 945
50 958
50 971
50 974
51 674
51 684
51 707
51 765
51 800
51 827
51 839
51 925
51 931
51 940
52 654
52 689
52 779
52 836
52 857
52 873
52 891
52 894
52 904
52 909
53 108
53 333
53 434
53 523
53 555
53 685
53 734
53 758
53 761
53 972
54 652
54 682
54 808
54 812
54 831
54 937
54 945
54 958
54 971
54 974
55 121
55 179
55 190
55 206
55 275
55 282
55 322
55 359
55 412
55 656
56 695
56 746
56 799
56 922
56 924
56 932
56 939
56 948
56 959
56 968
57 667
57 848
57 853
57 881
57 886
57 900
57 924
57 948
57 959
57 968
58 61
58 63
58 103
58 232
58 313
58 521
58 529
58 621
58 655
59 286
59 853
59 886
59 900
59 924
59 928
59 932
59 948
59 959
59 968
60 137
60 162
60 320
60 507
60 664
60 729
60 819
60 835
60 902
60 936
61 159
61 250
61 516
61 521
61 619
61 621
61 655
61 673
61 675
62 167
62 327
62 680
62 876
62 880
62 899
62 920
62 929
62 956
62 970
63 220
63 232
63 234
63 313
63 315
63 391
63 490
63 521
63 673
64 283
64 292
64 355
64 379
64 437
64 444
64 479
64 491
64 498
64 603
65 429
65 478
65 481
65 594
65 676
65 709
65 715
65 813
65 930
65 961
66 425
66 690
66 742
66 824
66 901
66 917
66 967
66 969
66 977
66 984
67 218
67 335
67 416
67 433
67 455
67 463
67 598
67 637
67 659
67 791
68 128
68 728
68 773
68 848
68 881
68 924
68 932
68 939
68 959
68 968
69 81
69 89
69 110
69 126
69 361
70 108
70 438
70 447
70 555
70 585
70 685
70 734
70 758
70 761
70 972
71 434
71 438
71 523
71 547
71 585
71 685
71 734
71 758
71 761
71 972
72 226
72 233
72 312
72 410
72 502
72 517
72 553
72 565
72 569
73 987
73 989
73 990
73 992
73 993
73 994
73 996
73 997
73 999
73 1000
74 114
74 213
74 236
74 274
74 393
74 470
74 488
74 512
74 518
74 570
75 469
75 537
75 693
75 785
75 811
75 834
75 851
75 864
75 879
75 906
76 82
76 506
76 509
76 696
76 748
76 787
76 794
76 870
76 961
76 975
77 484
77 687
77 760
77 762
77 801
77 892
77 913
77 916
77 923
77 966
78 440
78 443
78 604
78 610
78 669
78 789
78 804
78 810
78 846
78 949
79 760
79 762
79 768
79 801
79 806
79 825
79 913
79 916
79 923
79 966
80 652
80 682
80 808
80 812
80 831
80 937
80 945
80 958
80 971
80 974
81 89
81 110
81 126
81 361
82 611
82 676
82 794
82 813
82 930
82 946
82 953
82 955
82 961
83 123
83 131
83 144
83 300
83 336
83 371
83 385
83 591
83 647
83 905
84 134
84 146
84 165
84 183
84 202
84 265
84 331
84 486
84 740
85 605
85 760
85 762
85 801
85 825
85 892
85 913
85 916
85 923
85 966
86 533
86 597
86 607
86 664
86 753
86 819
86 856
86 862
86 908
86 935
87 667
87 704
87 714
87 797
87 900
87 928
87 932
87 948
87 959
87 968
88 413
88 548
88 687
88 801
88 806
88 825
88 913
88 916
88 923
88 966
89 110
89 126
89 361
90 96
90 112
90 219
90 309
90 452
90 544
90 567
90 586
91 217
91 256
91 302
91 416
91 598
91 637
91 644
91 700
91 730
91 743
92 754
92 764
92 774
92 822
92 833
92 871
92 883
92 964
92 965
92 976
93 524
93 714
93 746
93 881
93 886
93 922
93 932
93 939
93 959
93 968
94 366
94 467
94 676
94 724
94 772
94 787
94 805
94 953
94 955
94 961
95 595
95 642
95 691
95 725
95 751
95 767
95 783
95 803
95 845
95 957
96 112
96 219
96 309
96 452
96 544
96 567
96 586
97 105
97 120
97 155
97 185
97 257
97 276
97 708
98 125
98 191
98 194
98 236
98 393
98 470
98 488
98 512
98 518
98 570
99 134
99 146
99 165
99 193
99 202
99 265
99 331
99 486
99 740
100 301
100 313
100 480
100 490
100 516
100 521
100 529
100 636
100 655
100 675
101 440
101 443
101 604
101 610
101 669
101 789
101 804
101 810
101 846
101 949
102 985
102 987
102 990
102 991
102 992
102 993
102 995
102 996
102 998
102 999
103 301
103 307
103 396
103 490
103 499
103 529
103 584
103 636
103 655
104 816
104 818
104 927
104 941
104 947
104 960
104 979
104 980
104 981
104 982
105 117
105 120
105 155
105 257
105 276
105 708
106 558
106 596
106 653
106 686
106 749
106 775
106 889
106 914
106 951
106 973
107 256
107 302
107 460
107 598
107 637
107 644
107 650
107 659
107 730
107 784
107 791
108 333
108 447
108 523
108 547
108 685
108 734
108 758
108 761
108 972
109 615
109 692
109 793
109 798
109 815
109 820
109 823
109 852
109 867
109 877
109 890
110 126
110 361
111 688
111 763
111 802
111 814
111 838
111 869
111 875
111 885
111 921
111 942
111 943
112 219
112 309
112 452
112 544
112 567
112 586
113 622
113 652
113 682
113 808
113 812
113 831
113 937
113 945
113 958
113 971
113 974
114 125
114 213
114 236
114 274
114 393
114 470
114 488
114 512
114 518
114 570
115 335
115 377
115 455
115 637
115 650
115 659
115 700
115 730
115 743
115 784
115 791
116 643
116 663
116 814
116 838
116 869
116 875
116 885
116 921
116 942
116 943
117 120
117 185
117 257
117 276
117 708
118 368
118 386
118 683
118 721
118 834
118 864
118 879
118 896
118 897
118 903
118 906
119 124
119 218
119 302
119 460
119 463
119 494
119 598
119 650
119 743
119 784
119 791
120 155
120 185
120 276
120 708
121 179
121 190
121 206
121 275
121 282
121 322
121 359
121 412
121 656
122 622
122 652
122 682
122 808
122 812
122 831
122 937
122 945
122 958
122 971
122 974
123 161
123 181
123 199
123 336
123 340
123 371
123 608
123 612
123 905
124 377
124 431
124 494
124 598
124 659
124 700
124 730
124 743
124 784
124 791
125 191
125 194
125 213
125 274
125 470
125 488
125 512
125 518
125 570
126 361
127 497
127 817
127 832
127 876
127 880
127 882
127 899
127 912
127 920
127 956
127 970
128 530
128 799
128 853
128 881
128 900
128 924
128 928
128 939
128 959
128 968
129 595
129 620
129 642
129 691
129 725
129 751
129 767
129 783
129 803
129 845
129 957
130 362
130 370
130 407
130 469
130 785
130 811
130 851
130 858
130 897
130 903
130 906
131 144
131 248
131 371
131 378
131 418
131 500
131 575
131 591
131 612
131 905
132 671
132 712
132 738
132 762
132 768
132 825
132 892
132 913
132 916
132 923
132 966
133 600
133 629
133 665
133 698
133 766
133 782
133 849
133 887
133 914
133 951
133 973
134 146
134 165
134 193
134 202
134 265
134 331
134 486
134 740
135 259
135 264
135 373
135 428
135 457
135 476
135 528
135 587
135 614
135 933
136 188
136 561
136 690
136 742
136 824
136 901
136 917
136 967
136 969
136 977
136 984
137 557
137 710
137 759
137 829
137 835
137 847
137 859
137 888
137 902
137 934
138 605
138 623
138 712
138 738
138 762
138 806
138 892
138 913
138 916
138 923
138 966
139 214
139 310
139 392
139 653
139 665
139 790
139 849
139 868
139 874
139 887
139 944
140 623
140 738
140 760
140 768
140 806
140 825
140 892
140 913
140 916
140 923
140 966
141 641
141 674
141 718
141 844
141 860
141 872
141 898
141 911
141 919
141 925
141 931
142 304
142 481
142 493
142 794
142 813
142 907
142 930
142 946
142 955
142 975
143 484
143 712
143 760
143 768
143 801
143 825
143 892
143 913
143 916
143 923
143 966
144 161
144 261
144 500
144 608
144 612
144 905
145 272
145 280
145 434
145 523
145 547
145 585
145 685
145 734
145 758
145 761
145 972
146 183
146 193
146 202
146 265
146 331
146 486
146 740
147 694
147 754
147 764
147 774
147 822
147 833
147 871
147 883
147 964
147 965
147 976
148 548
148 601
148 671
148 768
148 801
148 806
148 892
148 913
148 916
148 923
148 966
149 293
149 533
149 559
149 664
149 757
149 759
149 854
149 862
149 888
149 902
149 934
150 184
150 640
151 492
151 666
151 799
151 848
151 881
151 922
151 924
151 939
151 948
151 959
151 968
152 189
152 429
152 562
152 651
152 696
152 787
152 805
152 870
152 907
152 953
152 975
153 294
153 503
153 515
153 571
153 710
153 731
153 856
153 902
153 935
153 936
154 692
154 752
154 793
154 798
154 815
154 820
154 823
154 852
154 867
154 877
154 890
155 185
155 257
155 276
155 708
156 618
156 633
156 718
156 821
156 872
156 898
156 911
156 919
156 925
156 931
156 940
157 643
157 663
157 755
157 763
157 771
157 807
157 814
157 861
157 869
157 942
157 943
158 178
158 556
158 581
158 706
158 779
158 836
158 873
158 878
158 891
158 904
158 909
159 232
159 315
159 391
159 396
159 482
159 521
159 529
159 636
160 370
160 404
160 446
160 473
160 721
160 739
160 834
160 851
160 866
160 893
161 175
161 181
161 248
161 300
161 336
161 382
161 608
161 612
161 905
162 356
162 559
162 625
162 731
162 759
162 770
162 819
162 902
162 908
162 926
163 169
163 280
163 438
163 447
163 547
163 555
163 685
163 758
163 761
163 972
164 649
164 717
164 750
164 850
164 857
164 878
164 891
164 894
164 904
164 909
165 183
165 193
165 202
165 265
165 331
165 486
165 740
166 199
166 261
166 338
166 378
166 381
166 385
166 500
166 575
166 612
166 647
167 576
167 681
167 880
167 882
167 899
167 920
167 954
167 956
167 963
167 970
168 226
168 330
168 410
168 422
168 502
168 517
168 553
168 565
168 569
169 280
169 324
169 337
169 434
169 547
169 585
169 734
169 758
169 761
169 972
170 253
170 261
170 300
170 382
170 418
170 575
170 608
170 612
170 647
170 905
171 349
171 589
171 729
171 781
171 829
171 835
171 854
171 859
171 862
171 915
171 935
172 985
172 986
172 989
172 990
172 992
172 993
172 996
172 997
172 998
172 999
172 1000
173 527
173 628
173 643
173 747
173 807
173 809
173 875
173 885
173 910
173 921
173 943
174 543
174 563
174 668
174 693
174 834
174 837
174 884
174 893
174 897
174 906
175 199
175 253
175 261
175 338
175 371
175 382
175 591
175 612
175 647
175 905
176 189
176 462
176 481
176 495
176 724
176 786
176 787
176 794
176 930
176 953
176 955
177 277
177 283
177 292
177 355
177 379
177 437
177 444
177 479
177 491
177 498
177 603
178 513
178 588
178 649
178 657
178 750
178 836
178 840
178 878
178 904
178 909
179 190
179 206
179 275
179 282
179 322
179 359
179 412
179 656
180 299
180 415
180 571
180 753
180 781
180 826
180 847
180 908
180 926
180 935
180 936
181 205
181 253
181 300
181 340
181 378
181 608
181 612
181 647
181 905
182 571
182 589
182 710
182 729
182 731
182 781
182 859
182 888
182 902
182 926
182 936
183 193
183 202
183 265
183 331
183 486
183 740
183 1000
184 640
185 257
185 276
185 708
186 623
186 671
186 712
186 738
186 801
186 806
186 892
186 913
186 916
186 923
186 966
187 191
187 194
187 213
187 236
187 274
187 393
187 470
187 488
187 512
187 518
187 570
188 424
188 690
188 742
188 824
188 901
188 917
188 967
188 969
188 977
188 984
189 237
189 611
189 676
189 786
189 813
189 870
189 953
189 955
189 975
190 206
190 275
190 282
190 322
190 359
190 412
190 656
191 213
191 274
191 393
191 470
191 488
191 512
191 518
191 570
192 548
192 687
192 738
192 762
192 768
192 806
192 892
192 913
192 916
192 923
192 966
193 202
193 265
193 331
193 486
193 740
194 213
194 236
194 393
194 470
194 488
194 512
194 518
194 570
195 424
195 590
195 690
195 742
195 824
195 901
195 917
195 967
195 969
195 977
195 984
196 745
196 816
196 818
196 927
196 941
196 947
196 960
196 979
196 980
196 981
196 982
197 397
197 440
197 443
197 604
197 610
197 669
197 789
197 804
197 810
197 846
197 949
198 403
198 583
198 602
198 702
198 746
198 848
198 922
198 924
198 928
198 932
198 959
199 229
199 338
199 382
199 418
199 591
199 608
199 905
200 384
200 687
200 738
200 760
200 768
200 801
200 825
200 892
200 913
200 923
200 966
201 478
201 578
201 611
201 715
201 769
201 907
201 930
201 946
201 955
201 961
201 975
202 265
202 331
202 486
202 740
203 259
203 278
203 400
203 476
203 542
203 545
203 550
203 560
203 587
203 614
203 933
204 694
204 754
204 764
204 774
204 822
204 833
204 871
204 883
204 964
204 965
204 976
205 371
205 381
205 382
205 385
205 500
205 575
205 591
205 612
205 647
205 905
206 275
206 282
206 322
206 359
206 412
206 656
207 273
207 339
207 348
207 394
207 417
207 511
207 778
207 918
207 938
208 661
208 727
208 747
208 796
208 807
208 861
208 875
208 885
208 910
208 921
208 942
209 524
209 695
209 702
209 773
209 797
209 853
209 886
209 900
209 924
209 928
209 932
210 259
210 285
210 428
210 439
210 476
210 542
210 550
210 560
210 587
210 933
211 507
211 564
211 597
211 630
211 753
211 847
211 862
211 915
211 926
211 935
211 936
212 303
212 398
212 509
212 794
212 805
212 813
212 841
212 930
212 946
212 961
213 393
213 470
213 488
213 512
213 518
213 570
214 558
214 572
214 646
214 766
214 775
214 790
214 874
214 895
214 914
214 944
214 973
215 227
215 270
215 525
215 554
215 699
215 775
215 782
215 868
215 874
215 887
215 944
215 973
216 235
216 281
216 347
216 396
216 482
216 490
216 499
216 516
216 529
216 621
216 655
216 673
217 302
217 416
217 494
217 644
217 650
217 659
217 700
217 730
217 743
217 784
217 791
218 231
218 431
218 460
218 644
218 650
218 659
218 700
218 743
218 784
218 791
219 309
219 452
219 544
219 567
219 586
220 281
220 307
220 347
220 480
220 516
220 521
220 584
220 621
220 655
220 673
220 675
221 661
221 679
221 796
221 809
221 814
221 838
221 861
221 885
221 910
221 921
221 942
221 943
222 254
222 390
222 464
222 540
222 757
222 770
222 835
222 854
222 888
222 902
222 908
222 934
223 446
223 563
223 613
223 683
223 722
223 851
223 864
223 865
223 866
223 879
223 884
223 906
224 280
224 333
224 434
224 438
224 447
224 523
224 585
224 685
224 734
224 758
224 761
224 972
225 713
225 744
225 752
225 793
225 798
225 815
225 820
225 823
225 852
225 867
225 877
225 890
226 233
226 312
226 330
226 410
226 422
226 441
226 502
226 553
226 565
226 569
227 653
227 686
227 741
227 766
227 868
227 874
227 887
227 889
227 895
227 944
227 951
228 720
228 744
228 752
228 793
228 798
228 815
228 820
228 823
228 852
228 867
228 877
228 890
229 338
229 371
229 378
229 381
229 385
229 575
229 612
229 647
229 905
230 302
230 433
230 463
230 494
230 598
230 637
230 650
230 659
230 730
230 743
230 784
230 791
231 433
231 460
231 598
231 637
231 644
231 650
231 659
231 730
231 743
231 784
231 791
232 234
232 307
232 347
232 619
232 621
232 636
232 655
232 673
232 675
233 308
233 312
233 330
233 422
233 441
233 502
233 517
233 553
233 565
233 569
234 301
234 313
234 347
234 351
234 391
234 480
234 482
234 499
234 673
235 301
235 307
235 347
235 351
235 482
235 490
235 516
235 529
235 636
235 655
235 675
236 274
236 393
236 470
236 488
236 512
236 518
236 570
237 304
237 398
237 493
237 616
237 676
237 724
237 732
237 769
237 772
237 907
237 953
238 329
238 366
238 466
238 594
238 715
238 732
238 787
238 841
238 907
238 955
238 961
238 975
239 600
239 645
239 665
239 735
239 790
239 843
239 849
239 889
239 895
239 914
239 944
239 973
240 658
240 694
240 754
240 764
240 774
240 822
240 833
240 871
240 883
240 964
240 965
240 976
241 641
241 684
241 705
241 765
241 776
241 792
241 860
241 898
241 919
241 925
241 931
241 940
242 580
242 622
242 652
242 682
242 808
242 812
242 831
242 937
242 945
242 958
242 971
242 974
243 388
243 747
243 763
243 771
243 796
243 802
243 807
243 838
243 875
243 921
243 942
243 943
244 368
244 370
244 414
244 419
244 483
244 739
244 785
244 858
244 865
244 866
244 879
244 884
245 448
245 595
245 620
245 642
245 691
245 725
245 751
245 767
245 783
245 803
245 845
245 957
246 484
246 712
246 760
246 762
246 768
246 806
246 825
246 892
246 913
246 916
246 923
246 966
247 304
247 321
247 429
247 709
247 813
247 870
247 907
247 930
247 953
247 955
247 961
247 975
248 338
248 371
248 378
248 500
248 591
248 608
248 612
248 905
249 632
249 648
249 670
249 832
249 876
249 899
249 920
249 929
249 954
249 956
249 963
249 970
250 315
250 396
250 480
250 490
250 499
250 529
250 584
250 636
250 655
250 673
250 675
251 693
251 721
251 811
251 837
251 851
251 858
251 865
251 879
251 896
251 897
251 903
252 390
252 430
252 464
252 474
252 770
252 826
252 829
252 847
252 859
252 902
252 934
252 935
253 300
253 336
253 385
253 575
253 591
253 612
253 647
253 905
254 299
254 474
254 736
254 753
254 826
254 829
254 854
254 862
254 908
254 934
254 935
255 451
255 613
255 668
255 834
255 837
255 851
255 858
255 864
255 884
255 893
255 897
255 903
256 377
256 431
256 433
256 455
256 494
256 650
256 659
256 743
256 784
256 791
257 276
257 708
258 663
258 679
258 688
258 727
258 814
258 838
258 869
258 875
258 910
258 921
258 942
258 943
259 428
259 439
259 457
259 528
259 545
259 550
259 587
259 614
259 933
260 277
260 283
260 292
260 355
260 379
260 437
260 444
260 479
260 491
260 498
260 603
261 300
261 371
261 381
261 418
261 608
261 647
261 905
262 602
262 666
262 704
262 714
262 797
262 848
262 853
262 922
262 928
262 948
262 959
262 968
263 985
263 986
263 987
263 989
263 993
263 994
263 995
263 996
263 997
263 998
263 999
263 1000
264 285
264 400
264 439
264 457
264 476
264 528
264 542
264 545
264 560
264 614
264 933
265 331
265 486
265 740
266 631
266 649
266 654
266 689
266 717
266 737
266 840
266 873
266 878
266 891
266 904
266 909
267 281
267 391
267 480
267 499
267 521
267 529
267 584
267 619
267 636
267 655
267 673
267 675
268 294
268 369
268 464
268 716
268 781
268 854
268 888
268 915
268 926
268 934
268 936
269 576
269 635
269 817
269 863
269 880
269 899
269 912
269 920
269 954
269 956
269 963
269 970
270 600
270 606
270 741
270 749
270 766
270 782
270 874
270 887
270 895
270 944
270 951
271 704
271 848
271 886
271 900
271 922
271 924
271 928
271 932
271 939
271 948
271 959
271 968
272 324
272 337
272 434
272 438
272 555
272 585
272 685
272 734
272 758
272 761
272 972
273 339
273 348
273 394
273 417
273 511
273 778
273 918
273 938
274 393
274 470
274 488
274 512
274 518
274 570
275 282
275 322
275 359
275 412
275 656
276 708
277 283
277 292
277 355
277 379
277 437
277 444
277 479
277 491
277 498
277 603
278 373
278 400
278 428
278 457
278 528
278 542
278 545
278 560
278 587
278 614
278 933
279 370
279 419
279 563
279 693
279 703
279 811
279 864
279 865
279 896
279 897
279 903
280 324
280 438
280 555
280 585
280 734
280 758
280 761
280 972
281 313
281 351
281 490
281 516
281 529
281 619
281 636
281 675
282 322
282 359
282 412
282 656
283 292
283 355
283 379
283 437
283 444
283 479
283 491
283 498
283 603
284 392
284 477
284 749
284 775
284 782
284 790
284 843
284 849
284 868
284 895
284 944
284 951
284 973
285 373
285 400
285 439
285 476
285 542
285 545
285 550
285 560
285 587
285 614
285 933
286 401
286 602
286 702
286 853
286 881
286 886
286 922
286 928
286 932
286 939
286 959
286 968
287 525
287 596
287 686
287 775
287 782
287 843
287 849
287 887
287 889
287 895
287 914
287 951
287 973
288 639
288 658
288 694
288 754
288 764
288 774
288 822
288 833
288 871
288 883
288 964
288 965
288 976
289 985
289 986
289 987
289 991
289 992
289 993
289 994
289 995
289 996
289 997
289 998
289 999
289 1000
290 726
290 745
290 816
290 818
290 927
290 941
290 947
290 960
290 979
290 980
290 981
290 982
291 306
291 562
291 611
291 676
291 696
291 715
291 748
291 805
291 841
291 870
291 930
291 946
291 953
292 355
292 379
292 437
292 444
292 479
292 491
292 498
292 603
293 294
293 349
293 533
293 630
293 664
293 753
293 759
293 819
293 835
293 915
293 935
293 936
294 360
294 729
294 770
294 835
294 856
294 862
294 915
294 934
294 935
294 936
295 342
295 462
295 478
295 509
295 611
295 724
295 772
295 805
295 813
295 907
295 930
295 946
295 961
296 303
296 316
296 423
296 481
296 495
296 651
296 732
296 772
296 805
296 946
296 953
296 955
296 975
297 626
297 713
297 744
297 752
297 793
297 798
297 815
297 820
297 823
297 852
297 867
297 877
297 890
298 704
298 728
298 773
298 799
298 853
298 881
298 886
298 924
298 932
298 939
298 948
298 959
298 968
299 503
299 533
299 597
299 625
299 710
299 888
299 908
299 926
299 934
299 935
299 936
300 319
300 382
300 500
300 591
300 608
300 647
300 905
301 347
301 351
301 391
301 480
301 482
301 499
301 516
301 655
301 675
302 433
302 455
302 460
302 637
302 644
302 700
302 730
302 784
303 456
303 462
303 467
303 724
303 769
303 794
303 907
303 946
303 955
303 961
303 975
304 531
304 592
304 594
304 732
304 772
304 813
304 953
304 955
304 961
304 975
305 551
305 580
305 622
305 652
305 682
305 808
305 812
305 831
305 937
305 945
305 958
305 971
305 974
306 658
306 694
306 754
306 764
306 774
306 822
306 833
306 871
306 883
306 964
306 965
306 976
307 315
307 396
307 480
307 482
307 516
307 584
307 619
307 673
307 675
308 312
308 330
308 410
308 422
308 441
308 502
308 517
308 553
308 565
308 569
309 452
309 544
309 567
309 586
310 572
310 629
310 646
310 698
310 735
310 749
310 782
310 843
310 874
310 889
310 944
310 951
311 364
311 548
311 601
311 623
311 738
311 762
311 825
311 892
311 913
311 916
311 923
311 966
312 410
312 422
312 441
312 517
312 553
312 565
312 569
313 351
313 391
313 396
313 480
313 584
313 619
313 621
313 675
314 641
314 718
314 788
314 821
314 827
314 839
314 844
314 872
314 898
314 911
314 919
314 931
314 940
315 347
315 482
315 490
315 499
315 521
315 619
315 655
315 673
315 675
316 509
316 709
316 724
316 748
316 772
316 805
316 870
316 907
316 946
316 955
316 961
316 975
317 374
317 424
317 522
317 590
317 690
317 742
317 824
317 901
317 917
317 967
317 969
317 977
317 984
318 496
318 632
318 681
318 719
318 832
318 863
318 882
318 899
318 912
318 920
318 954
318 956
318 963
319 338
319 340
319 371
319 382
319 385
319 418
319 500
319 575
319 608
319 905
320 334
320 415
320 533
320 757
320 781
320 847
320 854
320 856
320 859
320 902
320 926
320 936
321 395
321 611
321 651
321 786
321 794
321 805
321 813
321 841
321 907
321 930
321 946
321 975
322 359
322 412
322 656
323 390
323 564
323 607
323 630
323 731
323 819
323 826
323 829
323 854
323 859
323 915
323 935
323 936
324 523
324 547
324 555
324 585
324 685
324 734
324 758
324 761
324 972
325 566
325 726
325 745
325 816
325 818
325 927
325 941
325 947
325 960
325 979
325 980
325 981
325 982
326 406
326 419
326 473
326 537
326 722
326 739
326 834
326 858
326 864
326 866
326 879
326 893
326 903
327 680
327 701
327 719
327 863
327 880
327 899
327 912
327 929
327 954
327 956
327 963
327 970
328 641
328 674
328 711
328 718
328 821
328 844
328 860
328 872
328 911
328 919
328 925
328 931
328 940
329 423
329 456
329 531
329 592
329 709
329 724
329 772
329 813
329 930
329 946
329 953
329 975
330 410
330 422
330 441
330 502
330 517
330 553
330 565
330 569
331 486
331 740
332 513
332 649
332 706
332 717
332 737
332 779
332 836
332 850
332 857
332 873
332 894
332 904
332 909
333 434
333 438
333 447
333 547
333 585
333 685
333 734
333 758
333 761
333 972
334 369
334 507
334 571
334 597
334 731
334 770
334 819
334 835
334 847
334 908
334 926
334 934
335 463
335 494
335 598
335 637
335 644
335 650
335 659
335 730
335 743
335 784
335 791
336 340
336 371
336 378
336 385
336 608
336 647
336 905
337 438
337 447
337 523
337 547
337 555
337 585
337 685
337 734
337 758
337 761
337 972
338 340
338 385
338 418
338 647
338 905
339 348
339 394
339 417
339 511
339 778
339 918
339 938
340 378
340 385
340 575
340 591
340 608
340 612
340 905
341 631
341 649
341 657
341 706
341 779
341 836
341 850
341 857
341 878
341 891
341 894
341 904
341 909
342 481
342 562
342 594
342 627
342 786
342 813
342 870
342 907
342 930
342 946
342 955
342 961
343 405
343 581
343 588
343 654
343 689
343 840
343 850
343 873
343 878
343 891
343 894
343 904
343 909
344 534
344 631
344 677
344 689
344 750
344 836
344 840
344 850
344 857
344 878
344 894
344 904
344 909
345 423
345 495
345 506
345 509
345 562
345 592
345 660
345 709
345 787
345 794
345 953
345 955
345 961
346 406
346 414
346 427
346 683
346 703
346 834
346 837
346 851
346 866
346 884
346 893
346 897
346 903
347 480
347 499
347 529
347 655
347 673
348 394
348 417
348 511
348 778
348 918
348 938
349 415
349 474
349 607
349 664
349 759
349 854
349 856
349 862
349 915
349 934
349 935
350 525
350 558
350 572
350 653
350 686
350 741
350 775
350 843
350 874
350 895
350 914
350 944
350 973
351 482
351 490
351 499
351 521
351 529
351 584
351 621
351 636
352 389
352 741
352 749
352 775
352 843
352 849
352 868
352 874
352 887
352 895
352 944
352 951
352 973
353 985
353 986
353 989
353 991
353 992
353 993
353 994
353 995
353 996
353 997
353 998
353 999
353 1000
354 446
354 451
354 683
354 721
354 785
354 851
354 865
354 866
354 884
354 896
354 897
354 903
355 379
355 437
355 444
355 479
355 491
355 498
355 603
356 369
356 559
356 571
356 710
356 716
356 731
356 829
356 856
356 888
356 902
356 908
356 934
356 936
357 458
357 468
357 634
357 648
357 672
357 681
357 701
357 863
357 876
357 912
357 920
357 954
357 956
357 963
358 692
358 713
358 720
358 744
358 752
358 793
358 798
358 815
358 820
358 823
358 852
358 867
358 877
358 890
359 412
359 656
360 430
360 507
360 597
360 625
360 736
360 753
360 759
360 819
360 826
360 835
360 854
360 902
360 926
362 404
362 406
362 419
362 541
362 613
362 703
362 858
362 864
362 865
362 884
362 896
362 903
362 906
363 409
363 425
363 501
363 522
363 590
363 690
363 742
363 824
363 901
363 917
363 967
363 969
363 977
363 984
364 601
364 687
364 738
364 760
364 762
364 768
364 801
364 806
364 892
364 913
364 916
364 923
364 966
365 985
365 986
365 987
365 990
365 991
365 992
365 993
365 994
365 995
365 996
365 997
365 998
365 999
365 1000
366 395
366 429
366 493
366 562
366 709
366 724
366 732
366 930
366 946
366 953
366 955
366 961
367 624
367 713
367 720
367 744
367 752
367 793
367 798
367 815
367 820
367 823
367 852
367 867
367 877
367 890
368 451
368 473
368 613
368 739
368 785
368 837
368 858
368 866
368 879
368 896
368 903
369 533
369 607
369 625
369 781
369 829
369 859
369 862
369 888
369 908
369 934
369 936
370 406
370 469
370 811
370 851
370 858
370 866
370 884
370 896
370 903
370 906
371 381
371 418
371 575
371 905
372 985
372 986
372 987
372 990
372 991
372 992
372 993
372 994
372 995
372 996
372 997
372 998
372 999
372 1000
373 439
373 457
373 476
373 528
373 542
373 545
373 550
373 560
373 614
373 933
374 409
374 501
374 561
374 590
374 690
374 742
374 824
374 901
374 917
374 967
374 969
374 977
374 984
375 407
375 427
375 541
375 668
375 739
375 811
375 834
375 851
375 864
375 865
375 879
375 884
375 897
375 906
376 527
376 628
376 755
376 802
376 809
376 814
376 838
376 861
376 869
376 875
376 910
376 921
376 942
376 943
377 431
377 455
377 463
377 598
377 650
377 659
377 700
377 730
377 743
377 784
377 791
378 500
378 575
378 591
378 647
378 905
379 437
379 444
379 479
379 491
379 498
379 603
380 535
380 599
380 633
380 776
380 788
380 839
380 844
380 860
380 872
380 898
380 919
380 925
380 931
380 940
381 385
381 500
381 608
381 612
381 647
381 905
382 500
382 591
382 608
382 612
382 647
382 905
383 535
383 718
383 765
383 776
383 788
383 800
383 827
383 844
383 898
383 911
383 919
383 925
383 931
383 940
384 484
384 601
384 605
384 762
384 768
384 801
384 806
384 825
384 892
384 913
384 916
384 923
384 966
385 500
385 612
385 905
386 465
386 543
386 613
386 683
386 703
386 721
386 722
386 785
386 811
386 837
386 865
386 896
386 906
387 985
387 987
387 989
387 990
387 991
387 992
387 993
387 994
387 995
387 996
387 997
387 998
387 999
387 1000
388 663
388 688
388 802
388 807
388 814
388 838
388 861
388 885
388 910
388 921
388 942
388 943
389 606
389 617
389 629
389 749
389 790
389 843
389 849
389 874
389 895
389 914
389 944
389 951
389 973
390 415
390 716
390 736
390 757
390 781
390 847
390 854
390 902
390 908
390 926
391 480
391 482
391 499
391 529
391 584
391 619
391 621
391 673
392 558
392 735
392 749
392 766
392 782
392 790
392 849
392 868
392 874
392 944
392 951
392 973
393 470
393 488
393 512
393 518
393 570
394 417
394 511
394 778
394 918
394 938
395 398
395 478
395 495
395 769
395 772
395 786
395 805
395 870
395 907
395 946
395 953
395 961
396 482
396 516
396 584
396 619
396 621
396 636
396 655
396 675
397 440
397 443
397 604
397 610
397 669
397 789
397 804
397 810
397 846
397 949
398 724
398 769
398 794
398 805
398 870
398 930
398 953
398 955
398 961
398 975
399 581
399 657
399 677
399 706
399 750
399 836
399 840
399 850
399 857
399 873
399 891
399 894
399 904
399 909
400 428
400 476
400 528
400 542
400 545
400 550
400 560
400 587
400 614
400 933
401 530
401 583
401 602
401 714
401 797
401 886
401 900
401 924
401 932
401 939
401 948
401 959
401 968
402 985
402 986
402 987
402 990
402 991
402 992
402 993
402 994
402 995
402 996
402 997
402 998
402 999
402 1000
403 459
403 530
403 702
403 714
403 773
403 881
403 886
403 900
403 922
403 932
403 948
403 959
403 968
404 446
404 563
404 683
404 703
404 785
404 811
404 858
404 864
404 884
404 897
404 903
404 906
405 534
405 654
405 706
405 779
405 836
405 840
405 850
405 873
405 878
405 891
405 894
405 904
405 909
406 668
406 851
406 858
406 865
406 879
406 884
406 896
406 897
406 903
406 906
407 451
407 465
407 472
407 613
407 693
407 851
407 864
407 865
407 866
407 897
407 903
407 906
408 442
408 566
408 726
408 745
408 816
408 818
408 927
408 941
408 947
408 960
408 979
408 980
408 981
408 982
409 501
409 522
409 561
409 590
409 742
409 824
409 901
409 917
409 967
409 969
409 977
409 984
410 422
410 441
410 502
410 517
410 553
410 565
410 569
411 727
411 796
411 807
411 809
411 814
411 838
411 861
411 869
411 875
411 885
411 910
411 921
411 942
411 943
412 656
413 484
413 548
413 601
413 671
413 712
413 738
413 760
413 825
413 892
413 913
413 916
413 923
413 966
414 419
414 427
414 537
414 703
414 721
414 837
414 858
414 865
414 866
414 884
414 896
414 903
415 430
415 736
415 819
415 829
415 835
415 859
415 908
415 915
415 934
415 936
416 455
416 460
416 463
416 598
416 637
416 644
416 650
416 700
416 730
416 743
416 784
416 791
417 511
417 778
417 918
417 938
418 575
418 591
418 608
418 905
419 451
419 473
419 541
419 785
419 834
419 864
419 884
419 893
419 896
419 906
420 985
420 986
420 987
420 989
420 990
420 991
420 992
420 993
420 994
420 995
420 996
420 997
420 998
420 999
420 1000
421 985
421 986
421 987
421 989
421 990
421 991
421 992
421 993
421 994
421 995
421 996
421 997
421 998
421 999
421 1000
422 441
422 502
422 517
422 553
422 565
422 569
423 429
423 467
423 506
423 509
423 562
423 592
423 660
423 696
423 870
423 946
423 955
423 961
424 522
424 561
424 590
424 690
424 742
424 824
424 901
424 917
424 967
424 969
424 977
424 984
425 501
425 522
425 561
425 590
425 690
425 742
425 824
425 901
425 917
425 967
425 969
425 977
425 984
426 985
426 986
426 987
426 989
426 990
426 991
426 992
426 993
426 994
426 995
426 996
426 997
426 998
426 999
426 1000
427 537
427 563
427 668
427 683
427 721
427 837
427 865
427 866
427 884
427 896
427 897
427 906
428 457
428 476
428 528
428 542
428 545
428 550
428 587
428 614
428 933
429 493
429 562
429 676
429 732
429 769
429 772
429 787
429 946
429 961
429 975
430 533
430 568
430 625
430 710
430 716
430 731
430 829
430 859
430 862
430 888
430 935
431 460
431 463
431 494
431 598
431 644
431 659
431 700
431 730
431 743
431 784
431 791
432 497
432 634
432 670
432 672
432 678
432 719
432 863
432 899
432 912
432 920
432 929
432 954
432 956
432 963
432 970
433 460
433 494
433 637
433 644
433 650
433 700
433 730
433 743
433 784
433 791
434 447
434 523
434 585
434 685
434 734
434 758
434 761
434 972
435 615
435 624
435 626
435 692
435 720
435 744
435 793
435 798
435 815
435 820
435 823
435 852
435 867
435 877
435 890
436 510
436 514
436 639
436 658
436 694
436 754
436 764
436 774
436 822
436 833
436 871
436 883
436 964
436 965
436 976
437 444
437 479
437 491
437 498
437 603
437 653
438 555
438 685
438 734
438 758
438 761
438 972
439 476
439 528
439 542
439 545
439 550
439 560
439 587
439 614
439 933
440 443
440 604
440 610
440 669
440 789
440 804
440 810
440 846
440 949
441 502
441 517
441 553
441 565
441 569
442 487
442 566
442 726
442 745
442 816
442 818
442 927
442 941
442 947
442 960
442 979
442 980
442 981
442 982
443 604
443 610
443 669
443 789
443 804
443 810
443 846
443 949
444 479
444 491
444 498
444 603
445 450
445 487
445 566
445 726
445 745
445 816
445 818
445 927
445 941
445 947
445 960
445 979
445 980
445 981
445 982
446 668
446 703
446 722
446 785
446 834
446 865
446 879
446 893
446 896
446 903
446 906
447 523
447 547
447 555
447 685
447 734
447 758
447 761
447 972
448 595
448 620
448 642
448 691
448 725
448 751
448 767
448 783
448 803
448 845
448 957
449 538
449 633
449 684
449 711
449 718
449 765
449 792
449 800
449 839
449 860
449 898
449 911
449 919
449 931
449 940
450 487
450 566
450 726
450 745
450 816
450 818
450 927
450 941
450 947
450 960
450 979
450 980
450 981
450 982
451 722
451 837
451 851
451 858
451 864
451 865
451 879
451 893
451 897
451 903
452 544
452 567
452 586
453 985
453 986
453 987
453 989
453 990
453 991
453 992
453 993
453 994
453 995
453 996
453 997
453 998
453 999
453 1000
454 526
454 574
454 672
454 701
454 832
454 876
454 880
454 882
454 899
454 920
454 929
454 954
454 956
454 963
454 970
455 463
455 598
455 637
455 644
455 650
455 659
455 700
455 730
455 791
456 592
456 616
456 651
456 696
456 748
456 786
456 794
456 805
456 841
456 870
456 907
456 961
456 975
457 476
457 528
457 542
457 550
457 560
457 587
457 614
457 933
458 536
458 574
458 635
458 863
458 880
458 882
458 899
458 912
458 920
458 929
458 954
458 956
458 963
458 970
459 666
459 695
459 728
459 746
459 886
459 900
459 922
459 924
459 928
459 932
459 939
459 948
459 959
459 968
460 494
460 598
460 644
460 659
460 730
460 784
460 791
461 695
461 704
461 714
461 746
461 799
461 881
461 886
461 922
461 924
461 928
461 932
461 939
461 948
461 959
461 968
462 478
462 509
462 562
462 611
462 732
462 769
462 794
462 805
462 813
462 930
462 953
462 961
463 598
463 637
463 650
463 700
463 730
463 784
463 791
464 474
464 533
464 559
464 625
464 729
464 757
464 770
464 854
464 888
464 934
464 935
464 936
465 472
465 537
465 543
465 721
465 722
465 739
465 785
465 865
465 866
465 893
465 896
465 897
466 495
466 562
466 594
466 616
466 709
466 724
466 732
466 769
466 813
466 841
466 930
466 946
466 961
466 975
467 509
467 627
467 676
467 715
467 724
467 732
467 805
467 813
467 930
467 946
467 953
467 961
468 526
468 632
468 670
468 681
468 701
468 880
468 882
468 912
468 920
468 929
468 954
468 956
468 963
468 970
469 473
469 739
469 811
469 834
469 858
469 864
469 865
469 866
469 879
469 893
469 906
470 488
470 512
470 518
470 570
471 558
471 596
471 617
471 653
471 699
471 735
471 782
471 790
471 849
471 874
471 887
471 889
471 895
471 914
471 944
471 973
472 473
472 739
472 834
472 837
472 851
472 858
472 864
472 866
472 884
472 893
472 896
472 897
472 906
473 563
473 613
473 834
473 837
473 864
473 865
473 896
473 903
473 906
474 515
474 557
474 589
474 716
474 731
474 826
474 854
474 862
474 888
474 915
474 926
474 934
475 535
475 552
475 707
475 711
475 718
475 765
475 776
475 827
475 860
475 872
475 898
475 911
475 919
475 925
475 931
475 940
476 528
476 550
476 560
476 587
476 933
477 558
477 596
477 600
477 606
477 617
477 653
477 698
477 843
477 874
477 887
477 889
477 895
477 914
477 951
477 973
478 627
478 651
478 660
478 715
478 772
478 805
478 841
478 907
478 953
478 955
478 961
479 491
479 498
479 603
480 490
480 516
480 521
480 621
480 636
481 616
481 715
481 724
481 787
481 805
481 813
481 870
481 930
481 946
481 955
482 490
482 619
482 621
482 636
482 675
483 537
483 543
483 613
483 683
483 722
483 739
483 811
483 851
483 864
483 865
483 866
483 896
483 897
483 903
483 906
484 712
484 738
484 760
484 762
484 801
484 825
484 892
484 913
484 916
484 923
484 966
485 624
485 626
485 692
485 713
485 720
485 744
485 752
485 793
485 798
485 815
485 820
485 823
485 852
485 867
485 877
485 890
486 740
487 566
487 726
487 745
487 816
487 818
487 927
487 941
487 947
487 960
487 979
487 980
487 981
487 982
488 512
488 518
488 570
489 526
489 678
489 681
489 719
489 817
489 832
489 876
489 880
489 882
489 912
489 920
489 929
489 954
489 956
489 963
489 970
490 499
490 584
490 619
490 673
490 675
491 498
491 603
492 583
492 666
492 702
492 728
492 797
492 848
492 886
492 922
492 924
492 928
492 932
492 939
492 948
492 959
492 968
493 506
493 578
493 592
493 627
493 651
493 709
493 769
493 794
493 946
493 953
493 955
493 975
494 644
494 650
494 659
494 700
494 743
494 784
494 791
495 509
495 562
495 592
495 660
495 676
495 732
495 769
495 786
495 841
495 953
495 975
496 526
496 574
496 680
496 817
496 863
496 876
496 882
496 899
496 912
496 920
496 929
496 954
496 956
496 963
496 970
497 632
497 634
497 670
497 719
497 817
497 832
497 863
497 899
497 920
497 929
497 954
497 956
497 963
497 970
498 603
499 584
499 621
499 636
499 655
499 673
500 591
500 608
500 905
501 522
501 561
501 590
501 690
501 742
501 824
501 901
501 917
501 967
501 969
501 977
501 984
502 517
502 553
502 565
502 569
503 533
503 597
503 607
503 710
503 729
503 736
503 770
503 847
503 862
503 902
503 908
503 915
503 926
503 934
504 985
504 986
504 987
504 988
504 989
504 990
504 991
504 992
504 993
504 994
504 995
504 996
504 997
504 998
504 999
504 1000
505 558
505 572
505 645
505 741
505 766
505 775
505 790
505 843
505 849
505 874
505 887
505 895
505 914
505 944
505 951
505 973
506 531
506 578
506 660
506 732
506 805
506 841
506 907
506 930
506 946
506 953
506 955
506 975
507 716
507 757
507 770
507 819
507 826
507 847
507 862
507 888
507 902
507 926
507 934
507 935
508 577
508 582
508 688
508 747
508 771
508 807
508 809
508 838
508 861
508 869
508 875
508 885
508 910
508 921
508 942
508 943
509 578
509 616
509 748
509 787
509 805
509 841
509 930
510 514
510 639
510 658
510 694
510 754
510 764
510 774
510 822
510 833
510 871
510 883
510 964
510 965
510 976
511 778
511 918
511 938
512 518
512 570
513 549
513 581
513 737
513 750
513 779
513 840
513 850
513 857
513 873
513 878
513 891
513 894
513 904
513 909
514 639
514 658
514 694
514 754
514 764
514 774
514 822
514 833
514 871
514 883
514 964
514 965
514 976
515 540
515 589
515 597
515 716
515 729
515 736
515 753
515 829
515 847
515 854
515 859
515 902
515 915
515 936
516 584
516 636
516 655
516 673
516 675
517 553
517 565
517 569
518 570
519 539
519 551
519 580
519 622
519 652
519 682
519 808
519 812
519 831
519 937
519 945
519 958
519 971
519 974
520 552
520 599
520 684
520 776
520 788
520 821
520 827
520 839
520 844
520 860
520 872
520 898
520 911
520 919
520 925
520 931
520 940
521 529
521 584
521 619
521 621
521 636
521 655
521 675
522 561
522 590
522 690
522 742
522 824
522 901
522 917
522 967
522 969
522 977
522 984
523 547
523 555
523 685
523 734
523 758
523 761
523 972
524 530
524 695
524 714
524 728
524 746
524 797
524 799
524 853
524 881
524 928
524 932
524 939
524 948
524 959
524 968
525 596
525 617
525 698
525 699
525 735
525 741
525 766
525 843
525 874
525 889
525 914
525 944
525 951
525 973
526 576
526 863
526 880
526 882
526 899
526 912
526 920
526 929
526 954
526 956
526 963
526 970
527 628
527 638
527 755
527 796
527 802
527 807
527 814
527 838
527 861
527 869
527 885
527 910
527 921
527 942
527 943
528 542
528 545
528 550
528 560
528 587
528 614
528 933
529 619
529 636
529 673
530 695
530 797
530 848
530 853
530 881
530 900
530 922
530 924
530 928
530 932
530 939
530 959
530 968
531 594
531 627
531 676
531 696
531 709
531 794
531 841
531 870
531 930
531 946
531 953
531 955
531 961
531 975
532 599
532 633
532 674
532 684
532 705
532 707
532 711
532 776
532 821
532 839
532 844
532 860
532 872
532 911
532 925
532 931
532 940
533 540
533 564
533 710
533 753
533 757
533 781
533 862
533 934
534 649
534 689
534 717
534 737
534 750
534 836
534 840
534 850
534 857
534 873
534 878
534 891
534 894
534 904
534 909
535 538
535 618
535 641
535 765
535 788
535 792
535 800
535 821
535 839
535 911
535 919
535 925
535 931
535 940
536 634
536 672
536 680
536 701
536 719
536 817
536 832
536 863
536 876
536 880
536 882
536 899
536 929
536 956
536 963
536 970
537 543
537 693
537 703
537 834
537 858
537 866
537 879
537 884
537 893
537 897
538 618
538 705
538 707
538 765
538 776
538 827
538 839
538 860
538 872
538 898
538 911
538 919
538 925
538 931
538 940
539 551
539 580
539 622
539 652
539 682
539 808
539 812
539 831
539 937
539 945
539 958
539 971
539 974
540 568
540 607
540 630
540 710
540 736
540 826
540 847
540 856
540 859
540 862
540 915
540 926
540 934
540 936
541 563
541 613
541 668
541 683
541 693
541 703
541 722
541 851
541 864
541 865
541 879
541 896
541 897
541 906
542 545
542 550
542 560
542 587
542 614
542 933
543 563
543 683
543 693
543 722
543 739
543 785
543 811
543 851
543 866
543 879
543 893
543 906
544 567
544 586
545 550
545 560
545 587
545 614
545 933
546 615
546 624
546 626
546 692
546 713
546 720
546 744
546 752
546 793
546 798
546 815
546 820
546 823
546 852
546 867
546 877
546 890
547 555
547 685
547 734
547 758
547 761
547 972
548 601
548 605
548 671
548 687
548 712
548 806
548 825
548 892
548 913
548 916
548 923
548 966
549 556
549 581
549 588
549 657
549 677
549 689
549 717
549 750
549 836
549 840
549 857
549 873
549 878
549 891
549 894
549 909
550 560
550 587
550 614
550 933
551 580
551 622
551 652
551 682
551 808
551 812
551 831
551 937
551 945
551 958
551 971
551 974
552 776
552 792
552 800
552 821
552 827
552 839
552 844
552 860
552 872
552 898
552 911
552 919
552 925
552 931
552 940
553 565
553 569
554 596
554 600
554 629
554 646
554 653
554 665
554 699
554 735
554 741
554 766
554 775
554 843
554 874
554 889
554 895
554 973
555 585
555 685
555 734
555 758
555 761
555 972
556 581
556 588
556 649
556 654
556 677
556 737
556 750
556 840
556 850
556 873
556 878
556 891
556 894
556 904
556 909
557 597
557 716
557 729
557 731
557 736
557 757
557 781
557 826
557 829
557 854
557 862
557 888
557 902
557 908
557 915
557 935
558 596
558 645
558 749
558 790
558 849
558 868
558 887
558 889
558 914
558 951
558 973
559 607
559 664
559 736
559 819
559 829
559 835
559 856
559 862
559 908
559 915
559 926
559 934
559 935
559 936
560 587
560 614
560 933
561 590
561 690
561 742
561 824
561 901
561 917
561 967
561 969
561 977
561 984
562 611
562 660
562 870
562 907
562 930
562 953
562 955
562 961
563 613
563 703
563 722
563 739
563 834
563 837
563 864
563 884
563 897
563 906
564 597
564 729
564 731
564 753
564 759
564 781
564 826
564 829
564 847
564 859
564 902
564 915
564 926
564 934
565 569
566 726
566 745
566 816
566 818
566 927
566 941
566 947
566 960
566 979
566 980
566 981
566 982
567 586
568 630
568 664
568 759
568 826
568 829
568 835
568 854
568 856
568 859
568 862
568 888
568 902
568 908
568 915
568 926
568 936
571 716
571 731
571 753
571 770
571 826
571 856
571 859
571 888
571 908
571 926
571 935
571 936
572 600
572 606
572 645
572 749
572 782
572 843
572 868
572 887
572 889
572 895
572 914
572 944
572 951
572 973
573 583
573 666
573 667
573 695
573 746
573 848
573 853
573 886
573 900
573 922
573 924
573 928
573 932
573 939
573 948
573 959
573 968
574 579
574 632
574 648
574 678
574 680
574 701
574 876
574 880
574 882
574 912
574 929
574 954
574 956
574 963
574 970
575 591
575 608
575 647
575 905
576 579
576 632
576 634
576 678
576 681
576 817
576 876
576 880
576 899
576 912
576 920
576 954
576 956
576 963
576 970
577 582
577 628
577 643
577 747
577 763
577 802
577 807
577 809
577 814
577 861
577 869
577 875
577 885
577 910
577 921
577 942
577 943
578 616
578 627
578 651
578 676
578 709
578 732
578 769
578 772
578 786
578 787
578 813
578 870
578 955
578 975
579 648
579 670
579 678
579 680
579 817
579 863
579 876
579 880
579 882
579 899
579 912
579 929
579 954
579 956
579 963
579 970
580 622
580 652
580 682
580 808
580 812
580 831
580 937
580 945
580 958
580 971
580 974
581 706
581 737
581 750
581 840
581 850
581 857
581 873
581 878
581 891
581 894
581 904
581 909
582 643
582 747
582 755
582 796
582 802
582 807
582 809
582 814
582 861
582 869
582 875
582 885
582 910
582 921
582 942
582 943
583 667
583 702
583 773
583 797
583 848
583 881
583 900
583 922
583 924
583 928
583 939
583 948
583 959
583 968
584 619
584 621
584 636
584 655
584 673
585 685
585 734
585 758
585 761
585 972
587 614
587 933
588 657
588 677
588 706
588 717
588 836
588 840
588 850
588 857
588 873
588 878
588 891
588 894
588 909
589 597
589 716
589 729
589 736
589 753
589 757
589 826
589 829
589 856
589 859
589 908
589 926
589 934
589 935
590 690
590 742
590 824
590 901
590 917
590 967
590 969
590 977
590 984
591 612
591 905
592 651
592 715
592 724
592 748
592 786
592 787
592 794
592 870
592 907
592 930
592 946
592 975
593 962
593 978
593 983
593 985
593 986
593 987
593 988
593 989
593 990
593 991
593 992
593 993
593 994
593 995
593 996
593 997
593 998
593 999
593 1000
594 611
594 616
594 627
594 696
594 709
594 769
594 870
594 907
594 930
594 946
594 955
594 961
594 975
595 620
595 642
595 691
595 725
595 751
595 767
595 783
595 803
595 845
595 957
596 617
596 699
596 749
596 766
596 775
596 849
596 874
596 889
596 914
596 944
596 951
596 973
597 736
597 757
597 759
597 770
597 835
597 854
597 902
597 926
597 935
598 637
598 659
598 700
598 743
598 784
599 618
599 707
599 718
599 765
599 788
599 800
599 821
599 827
599 844
599 872
599 898
599 911
599 919
599 925
599 931
599 940
600 617
600 645
600 699
600 735
600 775
600 782
600 790
600 849
600 887
600 895
600 914
600 944
600 973
601 623
601 671
601 712
601 760
601 762
601 801
601 806
601 825
601 892
601 913
601 916
601 923
601 966
602 667
602 702
602 704
602 746
602 799
602 848
602 853
602 881
602 922
602 924
602 928
602 932
602 939
602 948
602 968
604 610
604 669
604 789
604 804
604 810
604 846
604 949
605 623
605 687
605 712
605 738
605 760
605 762
605 768
605 801
605 806
605 825
605 892
605 913
605 916
605 923
605 966
606 617
606 645
606 735
606 741
606 782
606 843
606 868
606 874
606 889
606 895
606 914
606 944
606 951
606 973
607 630
607 716
607 759
607 781
607 829
607 835
607 854
607 888
607 915
607 926
607 935
607 936
608 612
608 905
609 962
609 978
609 983
609 985
609 986
609 987
609 988
609 989
609 990
609 991
609 992
609 993
609 994
609 995
609 996
609 997
609 998
609 999
609 1000
610 669
610 789
610 804
610 810
610 846
610 949
611 627
611 660
611 696
611 772
611 786
611 841
611 907
611 946
611 953
611 955
613 739
613 785
613 837
613 851
613 858
613 879
613 896
613 903
614 933
615 624
615 626
615 692
615 713
615 720
615 744
615 752
615 793
615 798
615 815
615 820
615 823
615 852
615 867
615 877
615 890
616 660
616 732
616 769
616 786
616 787
616 805
616 813
616 841
616 907
616 930
616 961
616 975
617 646
617 653
617 686
617 699
617 766
617 843
617 849
617 868
617 887
617 889
617 914
617 944
618 674
618 707
618 718
618 776
618 788
618 792
618 844
618 860
618 872
618 898
618 911
618 919
618 925
618 931
618 940
619 621
619 636
619 655
620 642
620 691
620 725
620 751
620 767
620 783
620 803
620 845
620 957
621 636
621 675
622 652
622 682
622 808
622 812
622 831
622 937
622 945
622 958
622 971
622 974
623 671
623 687
623 712
623 738
623 760
623 801
623 806
623 825
623 892
623 913
623 916
623 923
623 966
624 626
624 692
624 713
624 720
624 744
624 752
624 793
624 798
624 815
624 820
624 823
624 852
624 867
624 877
624 890
625 630
625 716
625 759
625 781
625 826
625 847
625 856
625 862
625 888
625 915
625 926
625 936
626 692
626 713
626 720
626 744
626 752
626 793
626 798
626 815
626 820
626 823
626 852
626 867
626 877
626 890
627 715
627 732
627 748
627 787
627 794
627 813
627 841
627 946
627 953
627 955
627 961
628 638
628 643
628 661
628 688
628 727
628 796
628 807
628 809
628 838
628 869
628 875
628 885
628 910
628 921
628 942
628 943
629 645
629 646
629 698
629 699
629 741
629 766
629 775
629 790
629 843
629 868
629 887
629 895
629 914
629 944
629 951
629 973
630 664
630 716
630 753
630 757
630 770
630 829
630 856
630 888
630 902
630 908
630 915
630 935
630 936
631 649
631 677
631 689
631 706
631 717
631 737
631 779
631 840
631 850
631 857
631 873
631 878
631 891
631 894
631 904
631 909
632 634
632 635
632 719
632 832
632 863
632 882
632 899
632 912
632 920
632 929
632 954
632 956
632 963
632 970
633 674
633 711
633 765
633 776
633 792
633 821
633 827
633 839
633 844
633 872
633 898
633 911
633 919
633 925
633 931
633 940
634 648
634 681
634 817
634 832
634 863
634 876
634 882
634 912
634 920
634 929
634 954
634 956
634 963
634 970
635 648
635 670
635 672
635 678
635 701
635 817
635 863
635 876
635 880
635 899
635 912
635 920
635 929
635 954
635 956
635 963
635 970
637 644
637 659
637 700
637 730
637 743
637 784
637 791
638 663
638 679
638 727
638 747
638 763
638 771
638 796
638 802
638 807
638 861
638 869
638 875
638 885
638 910
638 921
638 942
638 943
639 658
639 694
639 754
639 764
639 774
639 822
639 833
639 871
639 883
639 964
639 965
639 976
641 711
641 765
641 788
641 792
641 800
641 821
641 827
641 844
641 860
641 872
641 898
641 911
641 925
641 931
641 940
642 691
642 725
642 751
642 767
642 783
642 803
642 845
642 957
643 679
643 688
643 747
643 755
643 763
643 809
643 861
643 875
643 885
643 910
643 921
643 942
643 943
644 650
644 700
644 730
644 743
644 784
644 791
645 653
645 686
645 699
645 775
645 849
645 868
645 874
645 887
645 889
645 914
645 944
645 951
645 973
646 653
646 665
646 698
646 699
646 741
646 749
646 775
646 782
646 868
646 874
646 889
646 914
646 944
646 973
647 905
648 678
648 817
648 832
648 863
648 876
648 880
648 882
648 912
648 920
648 929
648 954
648 956
648 963
648 970
649 654
649 689
649 737
649 750
649 779
649 836
649 840
649 850
649 857
649 891
649 894
649 904
649 909
650 700
650 730
650 743
650 784
650 791
651 660
651 715
651 724
651 732
651 748
651 772
651 805
651 813
651 841
651 870
651 907
651 955
651 975
652 682
652 808
652 812
652 831
652 937
652 945
652 958
652 971
652 974
653 686
653 698
653 741
653 790
653 843
653 868
653 887
653 914
653 951
653 973
654 657
654 689
654 706
654 750
654 779
654 840
654 850
654 857
654 873
654 878
654 891
654 894
654 904
654 909
655 673
657 689
657 717
657 737
657 750
657 779
657 836
657 840
657 850
657 857
657 873
657 878
657 891
657 894
657 904
657 909
658 694
658 754
658 764
658 774
658 822
658 833
658 871
658 883
658 964
658 965
658 976
659 700
659 743
659 784
659 791
660 676
660 709
660 748
660 769
660 772
660 787
660 794
660 805
660 870
660 930
660 961
660 975
661 663
661 679
661 688
661 747
661 763
661 771
661 796
661 802
661 814
661 838
661 861
661 875
661 885
661 910
661 921
661 942
661 943
662 950
662 952
662 962
662 978
662 983
662 985
662 986
662 987
662 988
662 989
662 990
662 991
662 992
662 993
662 994
662 995
662 996
662 997
662 998
662 999
662 1000
663 679
663 688
663 727
663 807
663 809
663 814
663 838
663 861
663 869
663 875
663 885
663 910
663 921
663 942
663 943
664 710
664 731
664 757
664 759
664 781
664 819
664 826
664 847
664 862
664 908
664 926
664 934
664 936
665 686
665 698
665 699
665 741
665 749
665 775
665 790
665 849
665 868
665 874
665 887
665 889
665 895
665 944
665 951
665 973
666 695
666 704
666 728
666 746
666 797
666 799
666 848
666 853
666 881
666 922
666 928
666 932
666 939
666 948
666 959
666 968
667 695
667 728
667 773
667 797
667 799
667 848
667 853
667 881
667 886
667 900
667 924
667 928
667 932
667 948
667 959
667 968
668 693
668 739
668 834
668 837
668 851
668 858
668 866
668 879
668 893
668 896
668 897
668 903
668 906
669 789
669 804
669 810
669 846
669 949
670 672
670 678
670 681
670 817
670 832
670 863
670 876
670 880
670 912
670 929
670 954
670 956
670 963
670 970
671 687
671 712
671 738
671 760
671 762
671 768
671 801
671 806
671 825
671 892
671 913
671 916
671 923
671 966
672 678
672 680
672 681
672 817
672 832
672 876
672 880
672 899
672 912
672 920
672 929
672 954
672 956
672 963
672 970
673 675
674 684
674 711
674 718
674 788
674 792
674 800
674 827
674 844
674 860
674 898
674 911
674 919
674 925
674 931
674 940
676 696
676 709
676 870
676 907
676 930
676 953
676 955
676 961
676 975
677 706
677 717
677 737
677 750
677 779
677 836
677 840
677 850
677 857
677 873
677 878
677 894
677 904
677 909
678 680
678 681
678 832
678 876
678 880
678 882
678 899
678 912
678 929
678 963
678 970
679 688
679 747
679 755
679 763
679 771
679 796
679 809
679 814
679 838
679 861
679 869
679 875
679 885
679 942
679 943
680 701
680 863
680 876
680 880
680 882
680 899
680 912
680 920
680 929
680 954
680 956
680 963
680 970
681 719
681 817
681 832
681 863
681 882
681 899
681 912
681 929
681 954
681 963
681 970
682 808
682 812
682 831
682 937
682 945
682 958
682 971
682 974
683 703
683 721
683 834
683 851
683 864
683 884
683 893
683 896
683 903
683 906
684 705
684 776
684 788
684 792
684 800
684 827
684 839
684 844
684 860
684 872
684 898
684 911
684 919
684 925
684 931
684 940
685 734
685 758
685 761
685 972
686 735
686 741
686 749
686 775
686 782
686 790
686 849
686 868
686 874
686 887
686 889
686 914
686 951
686 973
687 712
687 738
687 760
687 762
687 768
687 801
687 806
687 825
687 892
687 913
687 916
687 923
687 966
688 747
688 755
688 763
688 771
688 807
688 809
688 838
688 869
688 875
688 885
688 942
688 943
689 706
689 750
689 779
689 836
689 840
689 850
689 857
689 878
689 891
689 894
689 904
689 909
690 742
690 824
690 901
690 917
690 967
690 969
690 977
690 984
691 725
691 751
691 767
691 783
691 803
691 845
691 957
692 713
692 720
692 744
692 752
692 793
692 798
692 815
692 820
692 823
692 852
692 867
692 877
692 890
693 834
693 837
693 851
693 858
693 865
693 866
693 879
693 884
693 893
693 896
693 897
693 903
694 754
694 764
694 774
694 822
694 833
694 871
694 883
694 964
694 965
694 976
695 714
695 728
695 773
695 797
695 848
695 853
695 900
695 932
695 939
695 948
695 959
695 968
696 709
696 715
696 748
696 769
696 794
696 813
696 870
696 930
696 946
696 953
696 955
696 961
696 975
697 855
697 950
697 952
697 962
697 978
697 983
697 985
697 986
697 987
697 988
697 989
697 990
697 991
697 992
697 993
697 994
697 995
697 996
697 997
697 998
697 999
697 1000
698 699
698 735
698 766
698 775
698 790
698 843
698 849
698 868
698 889
698 895
698 914
698 951
698 973
699 749
699 766
699 782
699 790
699 849
699 868
699 889
699 914
699 944
699 951
700 730
700 743
700 784
700 791
701 719
701 817
701 832
701 863
701 880
701 882
701 899
701 912
701 920
701 929
701 954
701 956
701 963
701 970
702 704
702 714
702 746
702 799
702 853
702 881
702 886
702 900
702 922
702 924
702 928
702 939
702 948
702 959
702 968
703 721
703 739
703 811
703 834
703 858
703 864
703 866
703 879
703 893
703 897
703 903
704 773
704 797
704 799
704 848
704 881
704 886
704 900
704 922
704 939
704 948
704 959
704 968
705 711
705 765
705 776
705 788
705 792
705 800
705 821
705 827
705 839
705 844
705 860
705 872
705 898
705 911
705 919
705 925
705 931
705 940
706 717
706 737
706 750
706 836
706 840
706 857
706 873
706 878
706 894
706 904
706 909
707 711
707 765
707 776
707 800
707 821
707 827
707 839
707 844
707 860
707 872
707 898
707 911
707 919
707 925
707 931
707 940
709 769
709 772
709 786
709 841
709 907
709 930
709 953
709 975
710 736
710 757
710 781
710 819
710 826
710 829
710 847
710 856
710 859
710 915
710 926
710 934
711 773
711 776
711 788
711 800
711 821
711 839
711 860
711 872
711 898
711 911
711 919
711 925
711 931
711 940
712 738
712 762
712 768
712 806
712 825
712 892
712 913
712 916
712 923
712 966
713 720
713 744
713 752
713 793
713 798
713 815
713 820
713 823
713 852
713 867
713 877
713 890
714 773
714 797
714 799
714 848
714 886
714 900
714 922
714 924
714 928
714 932
714 939
714 948
714 959
714 968
715 724
715 772
715 794
715 805
715 841
715 870
715 907
715 946
715 953
715 955
715 961
715 975
716 736
716 753
716 819
716 826
716 829
716 835
716 856
716 888
716 908
716 935
717 737
717 750
717 779
717 836
717 850
717 857
717 873
717 878
717 891
717 894
717 904
717 909
718 776
718 788
718 792
718 800
718 821
718 827
718 839
718 872
718 911
718 919
718 925
718 931
718 940
719 817
719 832
719 863
719 876
719 880
719 882
719 899
719 912
719 920
719 929
719 954
719 956
719 963
719 970
720 744
720 752
720 793
720 798
720 815
720 820
720 823
720 852
720 867
720 877
720 890
721 722
721 811
721 834
721 837
721 858
721 864
721 865
721 879
721 884
721 893
721 897
721 906
722 811
722 834
722 858
722 864
722 865
722 879
722 893
722 896
722 897
722 903
722 906
723 842
723 855
723 950
723 952
723 962
723 978
723 983
723 985
723 986
723 987
723 988
723 989
723 990
723 991
723 992
723 993
723 994
723 995
723 996
723 997
723 998
723 999
723 1000
724 732
724 748
724 769
724 813
724 841
724 930
724 946
724 953
725 751
725 767
725 783
725 803
725 845
725 957
726 745
726 816
726 818
726 927
726 941
726 947
726 960
726 979
726 980
726 981
726 982
727 755
727 763
727 771
727 802
727 809
727 814
727 838
727 861
727 869
727 875
727 885
727 910
727 921
727 942
727 943
728 773
728 797
728 848
728 853
728 881
728 886
728 900
728 922
728 924
728 928
728 932
728 939
728 948
728 959
728 968
729 736
729 757
729 770
729 826
729 829
729 856
729 859
729 902
729 908
729 926
729 934
729 935
729 936
730 743
730 784
730 791
731 757
731 781
731 835
731 847
731 856
731 862
731 888
731 902
731 915
731 934
731 935
732 786
732 794
732 907
732 930
732 946
732 955
732 961
732 975
733 828
733 842
733 855
733 950
733 952
733 962
733 978
733 983
733 985
733 986
733 987
733 988
733 989
733 990
733 991
733 992
733 993
733 994
733 995
733 996
733 997
733 998
733 999
733 1000
734 758
734 761
734 972
735 741
735 749
735 766
735 775
735 843
735 849
735 874
735 887
735 895
735 914
735 944
735 951
735 973
736 757
736 770
736 847
736 854
736 859
736 908
736 915
736 926
736 935
736 936
737 750
737 779
737 836
737 840
737 850
737 857
737 873
737 878
737 891
737 894
737 904
737 909
738 768
738 801
738 806
738 825
738 892
738 913
738 916
738 923
738 966
739 785
739 811
739 834
739 837
739 858
739 866
739 884
739 893
739 896
739 903
741 775
741 843
741 849
741 868
741 887
741 889
741 895
741 944
741 951
741 973
742 824
742 901
742 917
742 967
742 969
742 977
742 984
743 784
743 791
744 752
744 793
744 798
744 815
744 820
744 823
744 852
744 867
744 877
744 890
745 816
745 818
745 927
745 941
745 947
745 960
745 979
745 980
745 981
745 982
746 773
746 799
746 848
746 853
746 881
746 886
746 900
746 922
746 924
746 928
746 932
746 939
746 948
746 968
747 755
747 763
747 771
747 796
747 802
747 807
747 861
747 875
747 885
747 910
747 921
747 942
747 943
748 786
748 787
748 794
748 805
748 813
748 841
748 870
748 907
748 946
748 953
748 955
748 961
748 975
749 782
749 843
749 849
749 868
749 887
749 895
749 944
749 951
749 973
750 779
750 836
750 857
750 873
750 891
750 894
750 904
751 767
751 783
751 803
751 845
751 957
752 793
752 798
752 815
752 820
752 823
752 852
752 867
752 877
752 890
753 770
753 781
753 819
753 847
753 856
753 862
753 888
753 908
753 915
753 934
753 936
754 764
754 774
754 822
754 833
754 871
754 883
754 964
754 965
754 976
755 763
755 771
755 796
755 802
755 807
755 809
755 814
755 838
755 861
755 869
755 875
755 885
755 910
755 921
755 942
755 943
756 828
756 830
756 842
756 855
756 950
756 952
756 962
756 978
756 983
756 985
756 986
756 987
756 988
756 989
756 990
756 991
756 992
756 993
756 994
756 995
756 996
756 997
756 998
756 999
756 1000
757 759
757 819
757 826
757 856
757 862
757 908
757 934
757 936
758 761
758 972
759 770
759 826
759 829
759 835
759 847
759 856
759 859
759 862
759 888
759 902
759 908
759 934
760 762
760 768
760 806
760 825
760 892
760 913
760 916
760 923
760 966
761 972
762 801
762 806
762 825
762 892
762 913
762 916
762 923
762 966
763 771
763 796
763 802
763 807
763 809
763 838
763 861
763 869
763 875
763 910
763 921
763 942
763 943
764 774
764 822
764 833
764 871
764 883
764 964
764 965
764 976
765 788
765 792
765 800
765 821
765 827
765 839
765 844
765 860
765 872
765 919
765 925
765 931
765 940
766 782
766 843
766 868
766 874
766 887
766 889
766 895
766 914
766 944
766 951
767 783
767 803
767 845
767 957
768 801
768 806
768 825
768 892
768 913
768 916
768 923
768 966
769 772
769 786
769 787
769 794
769 841
769 870
769 953
769 975
770 781
770 829
770 835
770 847
770 902
770 908
770 926
770 934
770 935
770 936
771 796
771 802
771 807
771 809
771 814
771 861
771 869
771 875
771 885
771 910
771 921
771 942
771 943
772 786
772 787
772 805
772 841
772 870
772 946
772 953
772 975
773 848
773 853
773 881
773 886
773 900
773 922
773 924
773 928
773 932
773 939
773 948
773 959
773 968
774 822
774 833
774 871
774 883
774 964
774 965
774 976
775 843
775 849
775 889
775 914
775 951
775 973
776 792
776 800
776 827
776 839
776 860
776 898
776 911
776 919
776 925
776 931
776 940
777 780
777 828
777 830
777 842
777 855
777 950
777 952
777 962
777 978
777 983
777 985
777 986
777 987
777 988
777 989
777 990
777 991
777 992
777 993
777 994
777 995
777 996
777 997
777 998
777 999
777 1000
778 918
778 938
779 836
779 840
779 850
779 857
779 873
779 878
779 891
779 894
779 904
779 909
780 828
780 830
780 842
780 855
780 950
780 952
780 962
780 978
780 983
780 985
780 986
780 987
780 988
780 989
780 990
780 991
780 992
780 993
780 994
780 995
780 996
780 997
780 998
780 999
780 1000
781 819
781 829
781 835
781 888
781 902
781 908
781 926
781 934
781 936
782 790
782 849
782 868
782 874
782 887
782 889
782 895
782 944
782 951
782 973
783 803
783 845
783 957
785 811
785 834
785 837
785 864
785 865
785 866
785 879
785 884
785 893
785 896
785 906
786 787
786 841
786 870
786 907
786 930
786 946
786 953
786 955
786 961
786 975
787 794
787 841
787 907
787 946
787 953
787 955
787 975
788 792
788 800
788 821
788 844
788 860
788 872
788 898
788 911
788 919
788 925
788 931
788 940
789 804
789 810
789 846
789 949
790 843
790 849
790 868
790 874
790 887
790 889
790 951
790 973
792 800
792 821
792 827
792 839
792 844
792 872
792 898
792 911
792 919
792 925
792 931
792 940
793 798
793 815
793 820
793 823
793 852
793 867
793 877
793 890
794 870
794 907
794 953
794 955
795 828
795 830
795 842
795 855
795 950
795 952
795 962
795 978
795 983
795 985
795 986
795 987
795 988
795 989
795 990
795 991
795 992
795 993
795 994
795 995
795 996
795 997
795 998
795 999
795 1000
796 802
796 809
796 814
796 838
796 861
796 869
796 875
796 885
796 910
796 942
796 943
797 799
797 853
797 881
797 886
797 900
797 922
797 928
797 932
797 939
797 948
797 959
797 968
798 815
798 820
798 823
798 852
798 867
798 877
798 890
799 848
799 853
799 886
799 900
799 922
799 924
799 928
799 932
799 939
799 948
799 959
799 968
800 821
800 839
800 844
800 872
800 898
800 911
800 919
800 925
800 931
800 940
801 806
801 825
801 892
801 913
801 916
801 923
801 966
802 807
802 814
802 838
802 861
802 869
802 875
802 885
802 910
802 921
802 942
802 943
803 845
803 957
804 810
804 846
804 949
805 870
805 953
805 955
805 975
806 892
806 916
806 923
806 966
807 809
807 838
807 869
807 875
807 910
807 921
807 942
807 943
808 812
808 831
808 937
808 945
808 958
808 971
808 974
809 814
809 838
809 861
809 869
809 875
809 910
809 921
809 942
809 943
810 846
810 949
811 837
811 851
811 864
811 866
811 884
811 893
811 896
811 897
811 903
812 831
812 937
812 945
812 958
812 971
812 974
813 841
813 907
813 930
813 946
813 961
814 838
814 861
814 869
814 885
814 910
814 921
814 942
814 943
815 820
815 823
815 852
815 867
815 877
815 890
816 818
816 927
816 941
816 947
816 960
816 979
816 980
816 981
816 982
817 832
817 863
817 876
817 880
817 882
817 899
817 912
817 920
817 954
817 956
817 963
817 970
818 927
818 941
818 947
818 960
818 979
818 980
818 981
818 982
819 826
819 835
819 847
819 854
819 856
819 859
819 902
819 908
819 915
819 926
819 934
819 935
820 823
820 852
820 867
820 877
820 890
821 827
821 839
821 860
821 872
821 898
821 911
821 919
821 925
821 931
821 940
822 833
822 871
822 883
822 964
822 965
822 976
823 852
823 867
823 877
823 890
824 901
824 917
824 967
824 969
824 977
824 984
825 892
825 913
825 916
825 923
825 966
826 835
826 847
826 854
826 862
826 902
826 915
826 926
826 936
827 839
827 844
827 860
827 872
827 898
827 911
827 919
827 925
827 931
827 940
828 830
828 842
828 855
828 950
828 952
828 962
828 978
828 983
828 985
828 986
828 987
828 988
828 989
828 990
828 991
828 992
828 993
828 994
828 995
828 996
828 997
828 998
828 999
828 1000
829 835
829 847
829 854
829 859
829 902
829 935
830 842
830 855
830 950
830 952
830 962
830 978
830 983
830 985
830 986
830 987
830 988
830 989
830 990
830 991
830 992
830 993
830 994
830 995
830 996
830 997
830 998
830 999
830 1000
831 937
831 945
831 958
831 971
831 974
832 863
832 876
832 880
832 882
832 899
832 912
832 920
832 929
832 954
832 956
832 963
832 970
833 871
833 883
833 964
833 965
833 976
834 837
834 858
834 866
834 893
834 896
834 903
835 856
835 859
835 888
835 915
835 926
835 934
835 936
836 840
836 850
836 857
836 873
836 891
836 894
836 904
836 909
837 851
837 858
837 865
837 866
837 879
837 884
837 893
837 897
837 906
838 861
838 869
838 885
838 910
838 921
838 942
838 943
839 844
839 860
839 872
839 898
839 911
839 919
839 925
839 931
839 940
840 850
840 857
840 873
840 878
840 891
840 894
840 904
840 909
841 907
841 930
841 946
841 953
841 961
841 975
842 855
842 950
842 952
842 962
842 978
842 983
842 985
842 986
842 987
842 988
842 989
842 990
842 991
842 992
842 993
842 994
842 995
842 996
842 997
842 998
842 999
842 1000
843 868
843 874
843 895
843 914
843 944
843 951
843 973
844 860
844 872
844 898
844 911
844 919
844 925
844 931
844 940
845 957
846 949
847 854
847 902
847 915
847 926
847 934
847 935
847 936
848 853
848 886
848 900
848 922
848 924
848 928
848 932
848 939
848 948
848 959
848 968
849 868
849 874
849 914
849 944
849 951
849 973
850 857
850 873
850 878
850 891
850 894
850 904
850 909
851 858
851 864
851 865
851 884
851 896
851 897
851 906
852 867
852 877
852 890
853 881
853 886
853 900
853 922
853 924
853 928
853 939
853 948
853 968
854 856
854 859
854 862
854 888
854 902
854 915
854 934
854 935
854 936
855 950
855 952
855 962
855 978
855 983
855 985
855 986
855 987
855 988
855 989
855 990
855 991
855 992
855 993
855 994
855 995
855 996
855 997
855 998
855 999
855 1000
856 888
856 902
856 908
856 915
856 926
856 935
856 936
857 873
857 878
857 891
857 894
857 909
858 864
858 866
858 884
858 903
858 906
859 862
859 888
859 902
859 908
859 915
859 934
859 935
860 872
860 898
860 911
860 919
860 925
860 931
860 940
861 869
861 875
861 885
861 910
861 921
861 942
861 943
862 888
862 908
862 926
862 935
862 936
863 876
863 882
863 899
863 920
863 929
863 954
863 956
863 963
863 970
864 879
864 884
864 893
864 896
864 897
865 866
865 879
865 893
865 896
865 906
866 879
866 884
866 893
867 877
867 890
868 887
868 895
868 944
868 951
868 973
869 875
869 885
869 910
869 942
869 943
870 907
870 930
870 946
870 955
871 883
871 964
871 965
871 976
872 898
872 911
872 919
872 925
872 940
873 878
873 891
873 894
873 904
873 909
874 889
874 914
874 944
874 951
874 973
875 910
875 921
875 942
875 943
876 880
876 882
876 899
876 920
876 929
876 954
876 956
876 963
876 970
877 890
878 891
878 894
878 904
878 909
879 884
879 893
879 897
879 903
880 882
880 912
880 920
880 929
880 954
880 956
880 970
881 886
881 900
881 922
881 924
881 928
881 932
881 939
881 948
881 959
881 968
882 899
882 912
882 929
882 954
882 956
882 963
882 970
883 964
883 965
883 976
884 896
884 897
884 903
885 910
885 921
885 942
885 943
886 922
886 924
886 928
886 939
886 948
886 959
886 968
887 889
887 895
887 914
887 944
887 951
887 973
888 915
888 926
888 934
888 935
889 895
889 914
889 944
889 951
889 973
891 894
891 904
891 909
892 913
892 916
892 923
892 966
893 896
893 897
893 903
893 906
894 904
895 914
895 944
895 951
895 973
896 897
898 911
898 919
898 925
898 931
898 940
899 920
899 929
899 954
899 963
899 970
900 922
900 924
900 928
900 932
900 939
900 948
900 959
900 968
901 917
901 967
901 969
901 977
901 984
902 908
902 915
902 935
903 906
904 909
907 930
907 953
907 955
907 975
908 926
908 935
908 936
910 921
910 942
910 943
911 919
911 931
911 940
912 920
912 929
912 954
912 956
912 963
912 970
913 916
913 923
913 966
914 944
914 951
914 973
915 926
915 934
915 935
916 923
916 966
917 967
917 969
917 977
917 984
918 938
919 925
919 940
920 929
920 954
920 956
920 963
920 970
921 942
921 943
922 924
922 928
922 932
922 939
922 948
922 959
922 968
923 966
924 928
924 932
924 939
924 948
924 959
925 931
925 940
926 936
927 941
927 947
927 960
927 979
927 980
927 981
927 982
928 932
928 939
928 948
928 959
928 968
929 954
929 956
929 963
929 970
930 946
930 961
931 940
932 939
932 948
932 959
932 968
934 935
934 936
937 945
937 958
937 971
937 974
939 948
939 959
939 968
941 947
941 960
941 979
941 980
941 981
941 982
942 943
944 951
944 973
945 958
945 971
945 974
946 955
946 961
946 975
947 960
947 979
947 980
947 981
947 982
948 959
948 968
950 952
950 962
950 978
950 983
950 985
950 986
950 987
950 988
950 989
950 990
950 991
950 992
950 993
950 994
950 995
950 996
950 997
950 998
950 999
950 1000
952 962
952 978
952 983
952 985
952 986
952 987
952 988
952 989
952 990
952 991
952 992
952 993
952 994
952 995
952 996
952 997
952 998
952 999
952 1000
953 955
953 961
953 975
954 956
954 963
954 970
955 961
955 975
956 963
956 970
958 971
958 974
959 968
960 979
960 980
960 981
960 982
961 975
962 978
962 983
962 985
962 986
962 987
962 988
962 989
962 990
962 991
962 992
962 993
962 994
962 995
962 996
962 997
962 998
962 999
962 1000
963 970
964 965
964 976
965 976
967 969
967 977
967 984
969 977
969 984
971 974
977 984
978 983
978 985
978 986
978 987
978 988
978 989
978 990
978 991
978 992
978 993
978 994
978 995
978 996
978 997
978 998
978 999
978 1000
979 980
979 981
979 982
980 981
980 982
981 982
983 985
983 986
983 987
983 988
983 989
983 990
983 991
983 992
983 993
983 994
983 995
983 996
983 997
983 998
983 999
983 1000
985 986
985 987
985 988
985 989
985 990
985 991
985 992
985 993
985 994
985 995
985 996
985 997
985 998
985 999
985 1000
986 987
986 988
986 989
986 990
986 991
986 992
986 993
986 994
986 995
986 996
986 997
986 998
986 999
986 1000
987 988
987 989
987 990
987 991
987 992
987 993
987 994
987 995
987 996
987 997
987 998
987 999
987 1000
988 989
988 990
988 991
988 992
988 993
988 994
988 995
988 996
988 997
988 998
988 999
988 1000
989 990
989 991
989 992
989 993
989 994
989 995
989 996
989 997
989 998
989 999
989 1000
990 991
990 992
990 993
990 994
990 995
990 996
990 997
990 998
990 999
990 1000
991 992
991 993
991 994
991 995
991 996
991 997
991 998
991 999
991 1000
992 993
992 994
992 995
992 996
992 997
992 998
992 999
992 1000
993 994
993 995
993 996
993 997
993 998
993 999
993 1000
994 995
994 996
994 997
994 998
994 999
994 1000
995 996
995 997
995 998
995 999
995 1000
996 997
996 998
996 999
996 1000
997 998
997 999
997 1000
998 999
998 1000
999 1000
