1 331
1 486
1 620
1 642
1 650
1 725
1 751
1 783
1 803
1 957
2 798
2 846
2 901
2 917
2 949
2 958
2 967
2 969
2 977
2 984
3 669
3 798
3 901
3 917
3 949
3 958
3 967
3 969
3 977
3 984
4 23
4 302
4 460
4 494
4 598
4 741
4 796
4 814
4 869
4 943
5 100
5 141
5 315
5 482
5 529
5 538
5 792
5 898
5 925
5 931
6 218
6 411
6 431
6 679
6 771
6 796
6 838
6 869
6 875
6 942
7 689
7 774
7 793
7 815
7 820
7 823
7 852
7 867
7 877
7 890
8 251
8 451
8 469
8 472
8 683
8 864
8 879
8 884
8 893
8 897
9 144
9 261
9 381
9 385
9 418
9 500
9 567
9 575
9 612
9 647
10 241
10 619
10 633
10 707
10 824
10 827
10 902
10 919
10 925
10 940
11 691
11 846
11 901
11 917
11 949
11 958
11 967
11 969
11 977
11 984
12 341
12 399
12 549
12 654
12 836
12 840
12 873
12 894
12 904
12 909
13 279
13 346
13 668
13 834
13 837
13 864
13 879
13 893
13 896
13 897
14 43
14 308
14 312
14 410
14 422
14 502
14 553
14 565
14 569
14 740
15 364
15 671
15 768
15 801
15 806
15 892
15 913
15 916
15 923
15 966
16 666
16 702
16 728
16 853
16 881
16 900
16 910
16 928
16 932
16 938
17 199
17 205
17 229
17 248
17 338
17 378
17 382
17 591
17 608
17 905
18 133
18 139
18 284
18 545
18 749
18 775
18 874
18 914
18 951
18 973
19 47
19 53
19 434
19 447
19 585
19 685
19 734
19 758
19 761
19 972
20 64
20 97
20 177
20 277
20 283
20 444
20 491
21 200
21 605
21 712
21 760
21 825
21 892
21 913
21 916
21 923
21 966
22 574
22 670
22 672
22 681
22 832
22 882
22 929
22 956
22 963
22 970
23 218
23 577
23 628
23 727
23 791
23 802
23 845
23 885
23 942
24 694
24 754
24 764
24 822
24 833
24 871
24 883
24 964
24 965
24 976
25 540
25 664
25 716
25 781
25 847
25 856
25 888
25 926
25 934
25 936
26 144
26 319
26 371
26 385
26 418
26 500
26 567
26 575
26 612
26 647
27 301
27 618
27 633
27 765
27 844
27 860
27 898
27 911
27 918
27 975
28 702
28 704
28 728
28 853
28 881
28 900
28 910
28 928
28 932
28 938
29 558
29 614
29 645
29 749
29 849
29 874
29 889
29 895
29 914
29 944
30 174
30 362
30 406
30 427
30 683
30 693
30 722
30 865
30 866
30 903
31 247
31 429
31 466
31 467
31 696
31 724
31 813
31 937
31 955
31 961
32 816
32 922
32 927
32 941
32 947
32 960
32 968
32 979
32 981
32 982
33 525
33 572
33 699
33 766
33 775
33 843
33 889
33 914
33 944
33 951
34 131
34 166
34 229
34 248
34 338
34 378
34 382
34 591
34 608
34 905
35 986
35 987
35 989
35 990
35 993
35 995
35 997
35 998
35 999
35 1000
36 308
36 312
36 314
36 422
36 441
36 517
36 553
36 565
36 569
36 740
37 680
37 719
37 789
37 832
37 863
37 880
37 912
37 929
37 954
37 970
38 281
38 633
38 684
38 707
38 788
38 860
38 911
38 918
38 919
38 940
39 48
39 88
39 117
39 120
39 257
39 276
39 450
39 564
39 708
39 809
40 245
40 571
40 652
40 695
40 725
40 751
40 767
40 783
40 803
40 957
41 150
41 640
42 179
42 233
42 275
42 282
42 322
42 359
42 363
42 412
42 656
42 980
43 226
43 314
43 410
43 502
43 517
43 553
43 565
43 569
43 740
44 89
44 110
44 126
45 211
45 299
45 356
45 759
45 847
45 856
45 859
45 862
45 888
45 934
46 985
46 988
46 989
46 990
46 991
46 994
46 995
46 998
46 999
46 1000
47 438
47 447
47 523
47 547
47 685
47 734
47 758
47 761
47 972
48 105
48 117
48 120
48 257
48 276
48 450
48 564
48 708
48 809
49 667
49 746
49 773
49 797
49 799
49 848
49 886
49 939
49 948
49 959
50 435
50 519
50 682
50 778
50 808
50 812
50 831
50 861
50 945
50 971
51 396
51 520
51 529
51 584
51 792
51 800
51 844
51 911
51 918
51 925
52 581
52 717
52 750
52 779
52 840
52 850
52 873
52 878
52 894
52 909
53 280
53 434
53 438
53 585
53 685
53 734
53 758
53 761
53 972
54 539
54 622
54 682
54 778
54 808
54 812
54 831
54 861
54 945
54 971
55 622
55 682
55 778
55 808
55 812
55 831
55 861
55 945
55 971
56 702
56 704
56 728
56 853
56 881
56 900
56 910
56 928
56 932
56 938
57 667
57 746
57 773
57 797
57 799
57 848
57 886
57 939
57 948
57 959
58 159
58 532
58 535
58 621
58 705
58 792
58 844
58 911
58 925
58 940
59 702
59 704
59 728
59 853
59 881
59 900
59 910
59 928
59 932
59 938
60 334
60 503
60 515
60 819
60 835
60 854
60 856
60 915
60 926
60 935
61 388
61 619
61 674
61 765
61 776
61 844
61 902
61 918
61 924
61 940
62 536
62 680
62 789
62 863
62 880
62 899
62 954
62 956
62 963
62 970
63 267
63 636
63 711
63 827
63 839
63 898
63 919
63 925
63 931
63 975
64 97
64 177
64 277
64 283
64 444
64 491
65 76
65 493
65 509
65 594
65 651
65 805
65 841
65 953
65 955
65 961
66 604
66 690
66 901
66 917
66 949
66 958
66 967
66 969
66 977
66 984
67 217
67 377
67 455
67 463
67 527
67 679
67 791
67 814
67 885
67 943
68 667
68 746
68 773
68 797
68 799
68 848
68 886
68 939
68 948
68 959
69 170
69 632
69 817
69 876
69 912
69 929
69 954
69 956
69 963
69 970
70 145
70 333
70 523
70 555
70 585
70 685
70 734
70 758
70 761
70 972
71 280
71 447
71 547
71 555
71 685
71 734
71 758
71 761
71 972
72 226
72 330
72 422
72 441
72 502
72 517
72 553
72 565
72 569
72 740
73 986
73 988
73 992
73 993
73 994
73 996
73 997
73 998
73 999
73 1000
74 605
74 671
74 714
74 738
74 768
74 806
74 892
74 916
74 923
74 966
75 146
75 394
75 595
75 620
75 652
75 695
75 725
75 783
75 803
75 957
76 201
76 296
76 594
76 651
76 724
76 805
76 813
76 955
76 961
77 712
77 760
77 762
77 768
77 801
77 892
77 913
77 916
77 923
77 966
78 669
78 810
78 901
78 917
78 949
78 958
78 967
78 969
78 977
78 984
79 671
79 712
79 714
79 762
79 806
79 825
79 892
79 916
79 923
79 966
80 327
80 536
80 574
80 670
80 899
80 920
80 929
80 954
80 956
80 970
81 373
81 596
81 653
81 782
81 849
81 868
81 874
81 889
81 895
81 944
82 247
82 304
82 578
82 631
82 660
82 772
82 930
82 937
82 946
82 953
83 123
83 144
83 319
83 385
83 418
83 500
83 567
83 575
83 612
83 647
84 448
84 595
84 642
84 652
84 725
84 751
84 767
84 783
84 803
84 957
85 413
85 601
85 760
85 768
85 801
85 806
85 892
85 913
85 923
85 966
86 268
86 356
86 390
86 625
86 731
86 757
86 835
86 888
86 908
86 926
87 666
87 704
87 728
87 853
87 881
87 900
87 910
87 928
87 932
87 938
88 105
88 117
88 120
88 257
88 276
88 450
88 564
88 708
88 809
89 110
89 126
90 155
90 184
90 273
91 376
91 598
91 644
91 741
91 814
91 838
91 845
91 869
91 921
91 942
92 700
92 754
92 764
92 822
92 833
92 871
92 883
92 964
92 965
92 976
93 602
93 746
93 773
93 797
93 799
93 848
93 886
93 939
93 948
93 959
94 304
94 342
94 676
94 709
94 732
94 748
94 907
94 930
94 937
94 961
95 331
95 486
95 642
95 650
95 725
95 751
95 767
95 783
95 803
95 957
96 112
96 134
96 206
96 219
96 309
96 452
96 544
96 560
96 586
97 158
97 177
97 277
97 283
97 444
97 491
98 522
98 846
98 901
98 917
98 949
98 958
98 967
98 969
98 977
98 984
99 486
99 595
99 620
99 642
99 650
99 695
99 751
99 767
99 803
99 957
100 235
100 673
100 675
100 711
100 821
100 839
100 924
100 940
100 975
101 798
101 810
101 901
101 917
101 949
101 958
101 967
101 969
101 977
101 984
102 985
102 986
102 988
102 989
102 991
102 992
102 994
102 997
102 999
102 1000
103 235
103 301
103 307
103 765
103 792
103 902
103 911
103 925
103 940
103 975
104 301
104 417
104 675
104 765
104 788
104 839
104 872
104 911
104 931
104 940
105 117
105 120
105 257
105 276
105 450
105 564
105 708
105 809
106 392
106 572
106 645
106 698
106 749
106 843
106 889
106 933
106 951
106 973
107 508
107 659
107 663
107 688
107 727
107 747
107 755
107 771
107 802
107 845
107 869
108 169
108 324
108 337
108 523
108 547
108 585
108 685
108 734
108 758
108 761
108 972
109 720
109 744
109 774
109 793
109 815
109 820
109 823
109 852
109 867
109 877
109 890
110 126
111 335
111 411
111 431
111 582
111 661
111 755
111 784
111 875
111 921
111 942
111 943
112 134
112 206
112 219
112 309
112 452
112 544
112 560
112 586
113 310
113 580
113 622
113 682
113 778
113 808
113 812
113 831
113 861
113 945
113 971
114 125
114 164
114 236
114 242
114 393
114 470
114 488
114 512
114 518
114 570
114 804
115 230
115 508
115 527
115 628
115 727
115 747
115 771
115 802
115 885
115 921
115 943
116 433
116 582
116 659
116 688
116 755
116 763
116 796
116 845
116 875
116 885
116 942
117 120
117 257
117 276
117 450
117 564
117 708
117 809
118 160
118 406
118 427
118 473
118 483
118 613
118 721
118 785
118 864
118 879
118 903
119 431
119 659
119 661
119 663
119 727
119 743
119 763
119 838
119 869
119 921
119 942
120 257
120 276
120 450
120 564
120 708
120 809
121 588
121 654
121 750
121 779
121 840
121 857
121 873
121 878
121 891
121 894
121 904
122 435
122 580
122 622
122 682
122 778
122 808
122 812
122 831
122 861
122 945
122 971
123 161
123 196
123 319
123 340
123 385
123 500
123 567
123 575
123 612
123 647
124 173
124 208
124 455
124 460
124 741
124 743
124 771
124 796
124 807
124 921
124 942
125 194
125 259
125 274
125 393
125 470
125 488
125 512
125 518
125 570
125 804
127 678
127 789
127 817
127 899
127 912
127 920
127 929
127 954
127 956
127 963
127 970
128 602
128 667
128 746
128 773
128 797
128 799
128 848
128 886
128 939
128 948
128 959
129 207
129 305
129 339
129 348
130 541
130 721
130 739
130 785
130 851
130 865
130 866
130 879
130 896
130 897
130 906
131 181
131 205
131 253
131 336
131 378
131 382
131 591
131 608
131 905
132 140
132 623
132 714
132 738
132 762
132 825
132 892
132 913
132 916
132 923
132 966
133 287
133 550
133 698
133 699
133 782
133 868
133 874
133 887
133 951
133 973
134 206
134 219
134 309
134 452
134 544
134 560
134 586
135 392
135 428
135 600
135 617
135 665
135 775
135 843
135 868
135 874
135 887
135 973
136 742
136 810
136 846
136 901
136 917
136 949
136 958
136 967
136 969
136 977
136 984
137 349
137 568
137 607
137 664
137 729
137 731
137 826
137 862
137 934
137 935
137 936
138 548
138 605
138 687
138 738
138 760
138 762
138 768
138 892
138 913
138 916
138 966
139 239
139 428
139 665
139 749
139 775
139 849
139 874
139 933
139 951
139 973
140 548
140 714
140 738
140 760
140 762
140 825
140 913
140 916
140 923
140 966
141 159
141 482
141 584
141 641
141 684
141 765
141 821
141 824
141 924
141 925
142 295
142 462
142 467
142 594
142 631
142 748
142 786
142 870
142 930
142 937
142 961
143 605
143 712
143 738
143 760
143 806
143 825
143 892
143 913
143 916
143 923
143 966
144 340
144 371
144 381
144 418
144 567
144 575
144 612
144 647
145 324
145 434
145 438
145 447
145 547
145 555
145 585
145 758
145 761
145 972
146 642
146 650
146 652
146 695
146 725
146 751
146 783
146 803
146 957
147 694
147 700
147 754
147 764
147 822
147 833
147 871
147 883
147 964
147 965
147 976
148 671
148 712
148 714
148 768
148 801
148 806
148 825
148 913
148 916
148 923
148 966
149 153
149 540
149 710
149 729
149 759
149 770
149 826
149 859
149 888
149 926
149 935
150 640
151 602
151 667
151 746
151 773
151 797
151 799
151 848
151 886
151 939
151 948
151 959
152 456
152 462
152 467
152 562
152 627
152 724
152 813
152 841
152 870
152 930
152 946
153 430
153 664
153 729
153 736
153 770
153 826
153 859
153 862
153 888
153 935
154 713
154 752
154 774
154 793
154 815
154 820
154 823
154 852
154 867
154 877
154 890
155 184
155 273
156 315
156 449
156 521
156 538
156 636
156 705
156 707
156 902
156 919
156 940
156 975
157 230
157 377
157 433
157 628
157 741
157 802
157 838
157 875
157 885
157 942
157 943
158 750
158 836
158 850
158 857
158 873
158 878
158 891
158 894
158 904
158 909
159 396
159 584
159 618
159 674
159 800
159 919
159 924
159 925
159 931
160 368
160 407
160 683
160 703
160 739
160 851
160 865
160 879
160 884
160 896
161 196
161 261
161 340
161 381
161 418
161 500
161 567
161 575
161 612
161 647
162 180
162 533
162 597
162 781
162 819
162 826
162 854
162 856
162 859
162 915
162 926
163 519
163 551
163 622
163 682
163 778
163 808
163 812
163 831
163 861
163 945
163 971
164 194
164 242
164 259
164 274
164 470
164 488
164 512
164 518
164 570
164 804
165 331
165 448
165 486
165 571
165 642
165 650
165 725
165 767
165 783
165 803
165 957
166 205
166 229
166 248
166 253
166 336
166 338
166 382
166 591
166 608
166 905
167 496
167 526
167 632
167 719
167 789
167 863
167 876
167 899
167 912
167 954
167 956
168 477
168 542
168 617
168 686
168 698
168 749
168 849
168 868
168 887
168 944
168 973
169 280
169 333
169 523
169 547
169 555
169 585
169 734
169 758
169 761
169 972
170 458
170 526
170 876
170 880
170 882
170 899
170 912
170 920
170 929
170 963
171 252
171 589
171 736
171 819
171 835
171 847
171 859
171 862
171 915
171 926
171 935
172 985
172 986
172 987
172 988
172 989
172 992
172 993
172 996
172 997
172 998
172 1000
173 411
173 582
173 688
173 741
173 784
173 807
173 814
173 838
173 885
173 921
174 472
174 721
174 851
174 864
174 879
174 884
174 893
174 896
174 897
174 903
175 199
175 205
175 229
175 248
175 253
175 336
175 338
175 382
175 591
175 608
175 905
176 316
176 321
176 329
176 456
176 466
176 660
176 813
176 841
176 870
176 907
176 930
177 277
177 283
177 444
177 491
178 266
178 654
178 677
178 717
178 737
178 750
178 850
178 857
178 894
178 904
178 909
179 190
179 233
179 275
179 282
179 322
179 359
179 363
179 412
179 656
179 980
180 360
180 597
180 664
180 757
180 854
180 856
180 859
180 915
180 926
180 934
181 199
181 205
181 229
181 248
181 253
181 378
181 382
181 591
181 608
181 905
182 323
182 360
182 474
182 597
182 664
182 826
182 829
182 854
182 862
182 934
182 935
183 601
183 687
183 712
183 714
183 762
183 801
183 806
183 913
183 916
183 923
183 966
184 273
185 221
185 246
185 431
185 628
185 727
185 730
185 796
185 807
185 838
185 869
185 943
186 384
186 413
186 601
186 671
186 762
186 768
186 801
186 892
186 913
186 916
186 966
187 577
187 582
187 730
187 747
187 755
187 771
187 784
187 875
187 885
187 942
187 943
188 669
188 691
188 810
188 846
188 917
188 949
188 958
188 967
188 969
188 977
188 984
189 321
189 506
189 592
189 616
189 676
189 805
189 870
189 907
189 953
189 955
189 961
190 233
190 275
190 282
190 322
190 359
190 363
190 412
190 656
190 980
191 194
191 213
191 236
191 242
191 259
191 470
191 488
191 512
191 518
191 570
191 804
192 384
192 714
192 768
192 801
192 806
192 825
192 892
192 913
192 916
192 923
192 966
193 394
193 448
193 571
193 595
193 652
193 695
193 725
193 767
193 783
193 803
193 957
194 236
194 274
194 393
194 488
194 512
194 518
194 570
194 804
195 501
195 691
195 846
195 901
195 917
195 949
195 958
195 967
195 969
195 977
195 984
196 261
196 371
196 381
196 385
196 500
196 567
196 575
196 612
196 647
197 816
197 818
197 922
197 927
197 941
197 947
197 960
197 968
197 979
197 981
197 982
198 602
198 667
198 746
198 773
198 797
198 799
198 848
198 886
198 939
198 948
198 959
199 229
199 253
199 336
199 378
199 382
199 591
199 608
199 905
200 548
200 671
200 738
200 760
200 762
200 801
200 892
200 916
200 923
200 966
201 429
201 651
201 676
201 724
201 732
201 813
201 870
201 907
201 953
201 961
202 571
202 595
202 620
202 650
202 652
202 695
202 725
202 767
202 783
202 803
202 957
203 439
203 457
203 505
203 550
203 596
203 617
203 698
203 843
203 895
203 933
203 944
204 658
204 700
204 754
204 764
204 822
204 833
204 871
204 883
204 964
204 965
204 976
205 248
205 336
205 378
205 591
205 608
205 905
206 219
206 309
206 452
206 544
206 560
206 586
207 305
207 325
207 339
207 348
208 741
208 743
208 755
208 771
208 802
208 807
208 814
208 885
208 921
208 942
209 666
209 702
209 704
209 728
209 853
209 881
209 900
209 910
209 928
209 932
209 938
210 658
210 694
210 754
210 764
210 822
210 833
210 871
210 883
210 964
210 965
210 976
211 464
211 753
211 757
211 770
211 826
211 859
211 908
211 915
211 926
211 936
212 296
212 466
212 493
212 509
212 594
212 616
212 709
212 748
212 930
212 953
212 955
213 236
213 242
213 259
213 274
213 393
213 470
213 488
213 512
213 518
213 570
213 804
214 264
214 270
214 278
214 471
214 525
214 550
214 596
214 629
214 874
214 889
214 944
214 973
215 373
215 389
215 477
215 558
215 572
215 735
215 775
215 849
215 895
215 944
215 951
215 973
216 449
216 535
216 599
216 641
216 711
216 788
216 839
216 844
216 872
216 902
216 919
216 975
217 351
217 508
217 659
217 663
217 763
217 771
217 845
217 869
217 875
217 942
217 943
218 463
218 577
218 598
218 628
218 659
218 838
218 845
218 885
218 921
218 943
219 309
219 452
219 544
219 560
219 586
220 443
220 475
220 482
220 538
220 674
220 675
220 788
220 821
220 911
220 919
220 925
220 931
221 231
221 246
221 376
221 460
221 628
221 638
221 644
221 730
221 814
221 869
221 875
222 369
222 540
222 589
222 731
222 757
222 854
222 856
222 888
222 908
222 926
222 935
222 936
223 386
223 465
223 563
223 613
223 637
223 721
223 739
223 811
223 837
223 858
223 893
223 897
224 280
224 324
224 337
224 438
224 447
224 523
224 585
224 685
224 734
224 758
224 761
224 972
225 713
225 744
225 752
225 774
225 793
225 815
225 820
225 823
225 852
225 867
225 877
225 890
226 330
226 410
226 422
226 441
226 502
226 517
226 553
226 565
226 569
226 740
227 542
227 572
227 699
227 766
227 782
227 868
227 874
227 887
227 889
227 914
227 944
227 973
228 720
228 744
228 752
228 774
228 793
228 815
228 820
228 823
228 852
228 867
228 877
228 890
229 336
229 338
229 378
229 591
229 608
229 905
230 258
230 494
230 638
230 644
230 663
230 679
230 755
230 802
230 845
230 875
231 376
231 508
231 582
231 643
231 802
231 807
231 838
231 869
231 875
231 921
231 942
232 482
232 520
232 535
232 552
232 584
232 655
232 684
232 705
232 776
232 898
232 902
232 919
233 275
233 282
233 322
233 359
233 363
233 412
233 656
233 980
234 267
234 347
234 443
234 475
234 532
234 707
234 824
234 839
234 872
234 931
234 940
234 975
235 328
235 475
235 499
235 641
235 673
235 711
235 902
235 924
235 925
235 931
236 259
236 393
236 470
236 488
236 512
236 518
236 570
236 804
237 506
237 696
237 709
237 715
237 794
237 841
237 870
237 907
237 930
237 937
237 946
237 953
238 303
238 342
238 395
238 493
238 631
238 696
238 732
238 786
238 930
238 953
238 955
238 961
239 264
239 352
239 558
239 617
239 699
239 735
239 775
239 849
239 868
239 874
239 933
240 658
240 694
240 700
240 754
240 764
240 822
240 833
240 871
240 883
240 964
240 965
240 976
241 315
241 482
241 490
241 584
241 641
241 776
241 821
241 898
241 918
241 931
241 975
242 274
242 393
242 470
242 488
242 512
242 518
242 570
242 804
243 460
243 527
243 659
243 661
243 741
243 743
243 747
243 814
243 875
243 921
243 942
243 943
244 354
244 362
244 406
244 541
244 543
244 637
244 693
244 718
244 722
244 851
244 866
244 884
245 486
245 571
245 595
245 642
245 650
245 652
245 725
245 751
245 767
245 783
245 957
246 433
246 763
246 771
246 784
246 796
246 814
246 838
246 869
246 885
246 942
247 398
247 467
247 715
247 732
247 748
247 907
247 930
247 946
247 953
247 955
248 336
248 338
248 382
248 591
248 608
248 905
249 454
249 635
249 670
249 701
249 817
249 832
249 876
249 920
249 929
249 954
249 956
249 963
250 516
250 641
250 674
250 707
250 776
250 800
250 844
250 860
250 911
250 919
250 924
250 975
251 326
251 483
251 537
251 613
251 703
251 864
251 866
251 884
251 893
251 903
251 906
252 559
252 710
252 759
252 826
252 835
252 847
252 856
252 862
252 888
252 935
252 936
253 336
253 338
253 378
253 382
253 591
253 608
253 905
254 334
254 533
254 625
254 710
254 716
254 736
254 835
254 847
254 859
254 908
254 934
254 936
255 419
255 465
255 473
255 668
255 693
255 721
255 722
255 739
255 785
255 834
255 864
255 866
256 663
256 730
256 743
256 747
256 796
256 802
256 807
256 814
256 869
256 885
256 921
256 943
257 276
257 450
257 564
257 708
257 809
258 494
258 638
258 679
258 688
258 743
258 763
258 802
258 814
258 838
258 845
258 875
259 393
259 470
259 488
259 512
259 518
259 570
259 804
260 292
260 355
260 379
260 437
260 479
260 498
260 603
261 340
261 371
261 381
261 385
261 500
261 567
261 575
261 612
261 647
262 573
262 666
262 702
262 704
262 728
262 853
262 881
262 900
262 910
262 928
262 932
262 938
263 985
263 987
263 989
263 990
263 991
263 993
263 994
263 995
263 996
263 997
263 998
263 999
264 439
264 471
264 554
264 653
264 686
264 782
264 849
264 895
264 914
264 973
265 394
265 448
265 571
265 620
265 650
265 695
265 725
265 751
265 767
265 783
265 803
265 957
266 556
266 657
266 737
266 840
266 850
266 873
266 878
266 891
266 894
266 904
266 909
267 520
267 705
267 788
267 800
267 821
267 827
267 911
267 919
267 924
267 975
268 568
268 589
268 736
268 757
268 759
268 829
268 835
268 847
268 856
268 915
268 926
269 648
269 672
269 678
269 789
269 832
269 876
269 899
269 920
269 929
269 956
269 963
269 970
270 278
270 389
270 542
270 550
270 629
270 653
270 735
270 775
270 849
270 933
270 944
271 524
271 602
271 667
271 746
271 773
271 797
271 799
271 848
271 886
271 939
271 948
271 959
272 280
272 333
272 337
272 434
272 523
272 547
272 555
272 685
272 734
272 758
272 761
272 972
274 393
274 470
274 488
274 512
274 518
274 570
274 804
275 282
275 322
275 359
275 363
275 412
275 656
275 980
276 450
276 564
276 708
276 809
277 283
277 444
277 491
278 350
278 389
278 617
278 653
278 698
278 749
278 766
278 944
278 951
278 973
279 375
279 465
279 483
279 683
279 722
279 834
279 837
279 866
279 879
279 893
279 896
280 324
280 555
280 685
280 734
280 758
280 761
280 972
281 307
281 347
281 521
281 673
281 674
281 684
281 792
281 844
281 902
281 918
281 919
282 322
282 359
282 363
282 412
282 656
282 980
283 444
283 491
284 400
284 596
284 606
284 699
284 749
284 766
284 849
284 868
284 887
284 889
284 895
284 973
285 428
285 550
285 554
285 572
285 587
285 686
285 735
285 766
285 775
285 843
285 868
285 933
285 951
286 573
286 583
286 666
286 702
286 704
286 728
286 853
286 881
286 900
286 910
286 928
286 932
286 938
287 392
287 471
287 554
287 596
287 606
287 645
287 698
287 868
287 887
287 914
287 944
287 973
288 639
288 658
288 694
288 700
288 754
288 764
288 822
288 833
288 871
288 883
288 964
288 965
288 976
289 983
289 986
289 987
289 990
289 991
289 992
289 993
289 994
289 995
289 996
289 997
289 998
289 999
290 726
290 745
290 816
290 818
290 922
290 927
290 941
290 947
290 960
290 968
290 979
290 981
290 982
291 296
291 462
291 493
291 531
291 616
291 627
291 786
291 787
291 813
291 937
291 946
291 953
291 955
292 355
292 379
292 437
292 479
292 498
292 603
293 369
293 474
293 759
293 770
293 819
293 826
293 847
293 856
293 862
293 908
293 915
293 934
293 935
294 474
294 710
294 716
294 753
294 757
294 759
294 781
294 819
294 856
294 908
294 915
294 926
294 934
295 398
295 531
295 616
295 732
295 748
295 769
295 786
295 787
295 794
295 805
295 946
295 955
296 366
296 398
296 493
296 611
296 631
296 660
296 907
296 930
296 955
296 961
297 713
297 720
297 744
297 752
297 774
297 793
297 815
297 820
297 823
297 852
297 867
297 877
297 890
298 492
298 524
298 602
298 667
298 746
298 773
298 797
298 799
298 848
298 886
298 939
298 948
298 959
299 356
299 607
299 716
299 757
299 819
299 829
299 854
299 859
299 908
299 915
299 934
299 936
300 983
300 985
300 987
300 988
300 989
300 990
300 991
300 993
300 996
300 997
300 998
300 999
300 1000
301 328
301 641
301 705
301 765
301 824
301 827
301 872
301 919
301 931
301 975
302 416
302 508
302 661
302 747
302 755
302 791
302 796
302 807
302 838
302 845
302 942
302 943
303 611
303 651
303 709
303 769
303 794
303 805
303 870
303 907
303 930
303 937
303 955
303 961
304 531
304 616
304 651
304 724
304 794
304 805
304 813
304 870
304 937
304 955
304 961
305 339
305 348
306 639
306 658
306 694
306 700
306 754
306 764
306 822
306 833
306 871
306 883
306 964
306 965
306 976
307 396
307 490
307 516
307 520
307 655
307 674
307 675
307 827
307 860
307 902
307 911
308 312
308 330
308 410
308 422
308 441
308 502
308 517
308 553
308 565
308 569
308 740
309 452
309 544
309 560
309 586
310 539
310 551
310 580
310 622
310 682
310 778
310 808
310 812
310 831
310 861
310 945
310 971
311 623
311 687
311 714
311 738
311 760
311 801
311 806
311 825
311 892
311 913
311 916
311 923
311 966
312 314
312 410
312 422
312 441
312 502
312 517
312 553
312 565
312 569
312 740
313 383
313 443
313 475
313 529
313 552
313 621
313 675
313 711
313 788
313 792
313 860
313 872
313 975
314 330
314 410
314 422
314 441
314 502
314 517
314 553
314 565
314 569
314 740
315 383
315 499
315 618
315 673
315 674
315 800
315 824
315 839
315 844
315 860
316 467
316 509
316 578
316 627
316 709
316 732
316 813
316 930
316 937
316 953
316 955
316 961
317 561
317 610
317 669
317 810
317 846
317 901
317 917
317 949
317 958
317 967
317 969
317 977
317 984
318 579
318 670
318 719
318 876
318 880
318 882
318 899
318 912
318 929
318 954
318 956
318 963
318 970
319 340
319 371
319 385
319 418
319 500
319 567
319 575
319 612
319 647
320 334
320 415
320 557
320 589
320 753
320 829
320 859
320 888
320 915
320 926
320 934
320 935
320 936
321 467
321 506
321 562
321 578
321 715
321 772
321 841
321 870
321 946
321 953
321 955
322 359
322 363
322 412
322 656
322 980
323 533
323 589
323 597
323 625
323 729
323 770
323 819
323 854
323 856
323 888
323 926
323 934
324 337
324 434
324 447
324 523
324 685
324 734
324 758
324 761
324 972
325 745
325 816
325 818
325 922
325 927
325 941
325 947
325 960
325 968
325 979
325 981
325 982
326 465
326 473
326 543
326 693
326 703
326 721
326 722
326 811
326 834
326 865
326 879
326 903
327 496
327 574
327 635
327 863
327 876
327 882
327 920
327 929
327 954
327 956
327 963
327 970
328 380
328 532
328 552
328 641
328 776
328 821
328 844
328 872
328 918
328 919
328 925
329 398
329 478
329 493
329 509
329 578
329 715
329 786
329 813
329 907
329 930
329 937
329 953
330 410
330 422
330 441
330 502
330 517
330 553
330 565
330 569
330 740
331 394
331 486
331 571
331 642
331 695
331 751
331 767
331 783
331 803
331 957
332 549
332 649
332 717
332 737
332 779
332 836
332 857
332 873
332 878
332 891
332 894
332 904
332 909
333 337
333 523
333 547
333 555
333 585
333 685
333 734
333 758
333 761
333 972
334 430
334 464
334 540
334 826
334 847
334 854
334 915
334 926
334 934
334 936
335 527
335 644
335 679
335 730
335 743
335 755
335 763
335 784
335 802
335 885
335 921
335 943
336 338
336 378
336 591
336 608
336 905
337 438
337 547
337 555
337 585
337 734
337 758
337 761
337 972
338 378
338 382
338 591
338 608
338 905
339 348
340 371
340 381
340 418
340 500
340 567
340 575
340 612
340 647
341 549
341 649
341 657
341 677
341 779
341 850
341 873
341 878
341 891
341 894
341 904
341 909
342 462
342 631
342 651
342 709
342 715
342 772
342 841
342 907
342 937
342 953
342 961
343 424
343 677
343 706
343 750
343 779
343 840
343 850
343 857
343 873
343 891
343 894
343 904
343 909
344 588
344 649
344 677
344 750
344 836
344 840
344 850
344 857
344 873
344 878
344 891
344 904
344 909
345 466
345 493
345 506
345 594
345 660
345 772
345 805
345 841
345 907
345 937
345 946
345 953
345 955
346 386
346 472
346 683
346 718
346 722
346 834
346 851
346 864
346 865
346 866
346 884
346 903
347 621
347 655
347 674
347 705
347 707
347 776
347 792
347 824
347 860
347 902
347 919
349 430
349 507
349 557
349 597
349 736
349 757
349 781
349 854
349 862
349 888
349 934
349 935
350 352
350 477
350 550
350 629
350 698
350 749
350 782
350 887
350 914
350 933
350 944
350 973
351 463
351 494
351 661
351 679
351 730
351 743
351 763
351 791
351 802
351 814
351 885
351 921
352 572
352 596
352 629
352 645
352 686
352 843
352 849
352 874
352 889
352 944
352 951
353 983
353 986
353 987
353 988
353 989
353 990
353 994
353 995
353 996
353 997
353 998
353 999
353 1000
354 370
354 407
354 537
354 543
354 693
354 721
354 722
354 837
354 858
354 866
354 884
354 906
355 379
355 437
355 479
355 498
355 603
356 503
356 533
356 625
356 729
356 736
356 781
356 819
356 829
356 847
356 926
356 936
357 574
357 635
357 672
357 678
357 817
357 832
357 863
357 876
357 899
357 912
357 954
357 956
357 963
357 970
358 689
358 713
358 720
358 744
358 752
358 774
358 793
358 815
358 820
358 823
358 852
358 867
358 877
358 890
359 363
359 412
359 656
359 980
360 540
360 607
360 664
360 710
360 736
360 753
360 770
360 826
360 829
360 847
360 908
360 935
361 367
361 435
361 519
361 539
361 551
361 580
361 682
361 778
361 808
361 812
361 831
361 861
361 945
361 971
362 404
362 563
362 637
362 718
362 785
362 837
362 851
362 864
362 866
362 884
362 897
362 906
363 412
363 656
363 980
364 461
364 671
364 687
364 712
364 714
364 762
364 801
364 806
364 825
364 892
364 916
364 923
364 966
365 983
365 985
365 987
365 988
365 990
365 991
365 992
365 993
365 994
365 995
365 996
365 998
365 999
365 1000
366 495
366 506
366 578
366 594
366 660
366 676
366 696
366 769
366 805
366 841
366 907
366 930
366 946
367 519
367 539
367 551
367 580
367 622
367 682
367 778
367 808
367 812
367 831
367 861
367 945
367 971
368 370
368 483
368 537
368 722
368 785
368 834
368 851
368 864
368 865
368 879
368 884
368 897
368 903
369 515
369 540
369 731
369 736
369 753
369 757
369 835
369 854
369 856
369 888
369 915
369 934
370 414
370 472
370 693
370 811
370 834
370 837
370 851
370 864
370 879
370 893
370 896
370 897
371 381
371 385
371 418
371 500
371 567
371 575
371 612
371 647
372 983
372 985
372 986
372 988
372 989
372 991
372 992
372 993
372 994
372 995
372 996
372 997
372 998
372 1000
373 392
373 525
373 542
373 614
373 629
373 749
373 766
373 849
373 889
373 933
373 944
373 951
374 510
374 639
374 658
374 694
374 700
374 754
374 764
374 822
374 833
374 871
374 883
374 964
374 965
374 976
375 446
375 451
375 465
375 473
375 683
375 722
375 785
375 834
375 864
375 865
375 897
375 903
375 906
376 416
376 577
376 644
376 688
376 730
376 807
376 814
376 838
376 885
376 942
376 943
377 433
377 463
377 494
377 508
377 628
377 661
377 755
377 763
377 807
377 845
377 869
377 875
378 382
378 591
378 608
378 905
379 437
379 479
379 498
379 603
380 391
380 621
380 673
380 675
380 776
380 788
380 800
380 821
380 839
380 911
380 918
380 919
380 975
381 385
381 418
381 500
381 567
381 575
381 612
381 647
382 591
382 608
382 905
383 490
383 599
383 621
383 674
383 776
383 788
383 844
383 898
383 918
383 919
383 931
383 975
384 461
384 484
384 605
384 687
384 714
384 738
384 768
384 825
384 892
384 913
384 923
384 966
385 418
385 567
385 575
385 612
385 647
386 473
386 637
386 722
386 739
386 785
386 811
386 858
386 866
386 893
386 896
386 897
386 906
387 983
387 985
387 987
387 988
387 990
387 991
387 992
387 993
387 994
387 995
387 996
387 997
387 999
387 1000
388 499
388 516
388 705
388 788
388 824
388 860
388 872
388 898
388 918
388 919
388 931
388 940
388 975
389 428
389 617
389 653
389 843
389 868
389 887
389 889
389 895
389 933
389 944
389 973
390 507
390 533
390 557
390 625
390 757
390 835
390 854
390 859
390 862
390 888
390 908
390 934
390 936
391 538
391 552
391 619
391 641
391 765
391 800
391 827
391 844
391 860
391 898
391 902
391 918
391 975
392 439
392 471
392 525
392 554
392 665
392 699
392 843
392 889
392 895
392 951
393 470
393 488
393 512
393 518
393 570
393 804
394 486
394 595
394 620
394 652
394 695
394 751
394 767
394 783
394 803
394 957
395 481
395 509
395 660
395 772
395 794
395 841
395 870
395 907
395 930
395 937
395 946
395 953
395 955
396 599
396 636
396 707
396 821
396 839
396 872
396 902
396 918
396 931
396 940
396 975
397 511
397 690
397 691
397 742
397 798
397 810
397 901
397 917
397 949
397 958
397 967
397 969
397 977
397 984
398 531
398 651
398 769
398 787
398 813
398 930
398 937
398 946
398 953
398 961
399 405
399 654
399 706
399 779
399 836
399 850
399 857
399 873
399 878
399 891
399 894
399 904
399 909
400 428
400 545
400 572
400 600
400 606
400 629
400 749
400 766
400 889
400 895
400 914
400 944
400 951
401 492
401 524
401 602
401 667
401 746
401 773
401 797
401 799
401 848
401 886
401 939
401 948
401 959
402 983
402 985
402 986
402 987
402 989
402 990
402 991
402 992
402 993
402 994
402 995
402 996
402 998
402 999
403 530
403 573
403 583
403 666
403 702
403 704
403 728
403 853
403 881
403 900
403 910
403 928
403 932
403 938
404 407
404 419
404 563
404 637
404 683
404 718
404 739
404 811
404 858
404 865
404 866
404 893
404 906
405 549
405 556
405 588
405 657
405 836
405 840
405 850
405 857
405 878
405 891
405 894
405 904
405 909
406 414
406 419
406 446
406 472
406 473
406 613
406 718
406 837
406 851
406 858
406 864
407 683
407 703
407 722
407 834
407 851
407 865
407 879
407 884
407 897
407 903
407 906
408 646
408 726
408 745
408 816
408 818
408 922
408 927
408 941
408 947
408 960
408 968
408 979
408 981
408 982
409 440
409 604
409 669
409 798
409 810
409 846
409 901
409 917
409 949
409 958
409 967
409 969
409 977
409 984
410 441
410 502
410 517
410 553
410 565
410 569
410 740
411 455
411 644
411 661
411 727
411 784
411 791
411 845
411 869
411 885
411 921
411 942
412 656
412 980
413 484
413 623
413 671
413 687
413 714
413 762
413 806
413 892
413 913
413 916
413 923
413 966
414 473
414 739
414 811
414 837
414 851
414 858
414 865
414 866
414 884
414 893
414 897
414 906
415 597
415 625
415 716
415 753
415 757
415 819
415 826
415 847
415 856
415 859
415 908
415 934
415 935
416 628
416 638
416 659
416 688
416 727
416 741
416 747
416 763
416 784
416 791
416 869
416 885
416 921
417 499
417 520
417 535
417 552
417 711
417 765
417 800
417 898
417 902
417 911
417 918
417 924
417 925
417 931
418 500
418 567
418 575
418 612
418 647
419 563
419 613
419 693
419 703
419 722
419 739
419 837
419 851
419 866
419 879
419 903
419 906
420 983
420 985
420 986
420 987
420 989
420 991
420 992
420 993
420 994
420 995
420 996
420 997
420 998
420 999
420 1000
421 983
421 985
421 986
421 987
421 988
421 989
421 990
421 991
421 992
421 993
421 995
421 996
421 997
421 998
421 1000
422 441
422 502
422 517
422 553
422 565
422 569
422 740
423 462
423 495
423 506
423 627
423 651
423 676
423 732
423 748
423 794
423 841
423 870
423 930
423 937
423 946
423 953
424 588
424 654
424 657
424 706
424 779
424 836
424 840
424 850
424 857
424 873
424 878
424 891
424 904
424 909
425 522
425 590
425 690
425 742
425 798
425 810
425 846
425 901
425 917
425 949
425 958
425 967
425 969
425 977
425 984
426 983
426 985
426 986
426 987
426 988
426 990
426 991
426 992
426 994
426 995
426 996
426 997
426 998
426 999
426 1000
427 469
427 537
427 613
427 785
427 811
427 834
427 837
427 858
427 864
427 865
427 866
427 893
427 896
428 554
428 558
428 629
428 874
428 887
428 895
428 914
428 933
428 951
428 973
429 592
429 627
429 676
429 724
429 769
429 772
429 787
429 805
429 870
429 930
429 937
429 946
429 953
430 568
430 589
430 607
430 736
430 753
430 781
430 826
430 847
430 856
430 862
430 908
430 936
431 638
431 643
431 644
431 659
431 663
431 743
431 791
431 796
431 802
431 845
431 942
432 489
432 635
432 701
432 817
432 832
432 863
432 880
432 882
432 899
432 920
432 929
432 954
432 956
432 963
432 970
433 455
433 582
433 659
433 661
433 741
433 791
433 845
433 869
433 921
433 942
433 943
434 438
434 447
434 523
434 547
434 585
434 685
434 734
434 758
434 761
434 972
435 539
435 551
435 580
435 622
435 682
435 778
435 808
435 812
435 831
435 861
435 945
435 971
436 510
436 514
436 639
436 658
436 694
436 700
436 754
436 764
436 822
436 833
436 871
436 883
436 964
436 965
436 976
437 479
437 498
437 603
438 447
438 547
438 555
438 585
438 685
438 734
438 758
438 761
438 972
439 457
439 477
439 525
439 645
439 686
439 698
439 843
439 849
439 895
439 914
439 944
439 951
440 590
440 604
440 742
440 798
440 810
440 846
440 901
440 917
440 949
440 958
440 967
440 969
440 977
440 984
441 502
441 517
441 553
441 565
441 569
441 740
442 566
442 646
442 726
442 745
442 816
442 818
442 922
442 927
442 941
442 947
442 960
442 968
442 979
442 981
442 982
443 490
443 516
443 641
443 673
443 684
443 711
443 765
443 827
443 860
443 911
443 940
444 491
445 566
445 646
445 726
445 745
445 816
445 818
445 922
445 927
445 941
445 947
445 960
445 968
445 979
445 981
445 982
446 469
446 703
446 721
446 739
446 811
446 834
446 858
446 865
446 884
446 893
446 896
446 897
446 903
447 523
447 555
447 685
447 734
447 758
447 761
447 972
448 571
448 620
448 650
448 652
448 695
448 725
448 751
448 767
448 783
448 803
448 957
449 684
449 707
449 711
449 776
449 800
449 839
449 844
449 872
449 902
449 918
449 919
449 924
449 975
450 564
450 708
450 809
451 465
451 693
451 718
451 739
451 834
451 858
451 865
451 866
451 879
451 884
451 893
451 897
451 906
452 544
452 560
452 586
453 640
453 983
453 986
453 987
453 988
453 989
453 990
453 992
453 993
453 994
453 995
453 996
453 997
453 999
453 1000
454 576
454 635
454 648
454 832
454 863
454 876
454 899
454 912
454 920
454 929
454 954
454 956
454 963
454 970
455 463
455 577
455 661
455 679
455 743
455 802
455 807
455 814
455 869
455 875
455 943
456 481
456 495
456 627
456 651
456 660
456 696
456 709
456 813
456 907
456 937
456 953
456 955
456 961
457 525
457 545
457 554
457 587
457 606
457 665
457 699
457 735
457 843
457 874
457 889
457 914
457 933
458 672
458 680
458 817
458 863
458 876
458 880
458 882
458 899
458 912
458 929
458 954
458 956
458 963
458 970
459 530
459 573
459 583
459 666
459 702
459 704
459 728
459 853
459 881
459 900
459 910
459 928
459 932
459 938
460 494
460 527
460 577
460 638
460 663
460 679
460 727
460 784
460 838
460 921
460 943
461 601
461 605
461 623
461 687
461 712
461 760
461 768
461 825
461 892
461 913
461 916
461 923
461 966
462 509
462 592
462 616
462 724
462 769
462 772
462 794
462 841
462 946
462 961
463 508
463 643
463 661
463 743
463 791
463 796
463 869
463 875
463 885
463 942
464 568
464 589
464 716
464 731
464 759
464 770
464 819
464 835
464 847
464 908
464 915
464 926
464 934
465 721
465 811
465 837
465 851
465 865
465 866
465 879
465 903
465 906
466 478
466 578
466 676
466 696
466 732
466 772
466 907
466 930
466 937
466 946
466 961
467 651
467 748
467 786
467 813
467 907
467 946
467 953
467 955
467 961
468 632
468 680
468 701
468 719
468 817
468 876
468 880
468 882
468 912
468 920
468 929
468 954
468 956
468 963
468 970
469 563
469 613
469 785
469 811
469 837
469 858
469 884
469 893
469 896
469 897
469 903
469 906
470 488
470 512
470 518
470 570
470 804
471 572
471 606
471 629
471 686
471 698
471 843
471 874
471 889
471 895
471 944
471 951
471 973
472 473
472 703
472 739
472 811
472 858
472 864
472 865
472 866
472 879
472 884
472 903
473 543
473 668
473 721
473 866
473 893
473 896
473 903
473 906
474 507
474 515
474 533
474 625
474 770
474 835
474 847
474 856
474 862
474 888
474 915
474 935
474 936
475 535
475 673
475 765
475 800
475 821
475 824
475 827
475 860
475 898
475 902
475 924
475 925
476 588
476 677
476 706
476 717
476 750
476 779
476 836
476 840
476 850
476 857
476 873
476 878
476 891
476 894
476 904
476 909
477 587
477 600
477 606
477 653
477 665
477 749
477 874
477 887
477 895
477 944
477 951
477 973
478 578
478 627
478 651
478 676
478 709
478 748
478 769
478 786
478 794
478 870
478 937
478 953
478 955
478 961
479 498
479 603
480 490
480 532
480 538
480 618
480 619
480 636
480 711
480 788
480 844
480 872
480 898
480 911
480 919
480 924
480 931
480 975
481 493
481 495
481 660
481 724
481 732
481 772
481 787
481 794
481 813
481 841
481 907
481 930
481 946
481 955
482 516
482 673
482 705
482 839
482 860
482 898
482 902
482 911
482 918
482 925
482 940
483 537
483 543
483 563
483 668
483 718
483 834
483 851
483 858
483 865
483 884
483 893
483 903
484 548
484 623
484 714
484 738
484 760
484 762
484 768
484 801
484 806
484 825
484 892
484 913
484 923
484 966
485 624
485 689
485 692
485 713
485 720
485 744
485 752
485 774
485 793
485 815
485 820
485 823
485 852
485 867
485 877
485 890
486 571
486 595
486 650
486 652
486 751
486 767
486 783
486 803
486 957
487 566
487 646
487 726
487 745
487 816
487 818
487 922
487 927
487 941
487 947
487 960
487 968
487 979
487 981
487 982
488 512
488 518
488 570
488 804
489 632
489 672
489 681
489 789
489 832
489 863
489 876
489 880
489 882
489 920
489 929
489 954
489 956
489 963
489 970
490 516
490 538
490 621
490 800
490 821
490 902
490 911
490 918
490 924
490 925
490 931
492 524
492 602
492 667
492 746
492 773
492 797
492 799
492 848
492 886
492 939
492 948
492 959
493 611
493 627
493 660
493 715
493 748
493 772
493 870
493 930
494 598
494 628
494 643
494 688
494 747
494 763
494 796
494 875
494 921
494 943
495 562
495 627
495 696
495 709
495 715
495 724
495 772
495 813
495 841
495 870
495 907
495 955
496 497
496 574
496 632
496 681
496 701
496 882
496 899
496 912
496 920
496 929
496 954
496 956
496 963
496 970
497 536
497 632
497 670
497 672
497 678
497 701
497 719
497 789
497 863
497 876
497 920
497 929
497 954
497 956
497 970
498 603
499 584
499 633
499 636
499 765
499 827
499 911
499 918
499 919
499 925
499 931
499 940
499 975
500 567
500 575
500 612
500 647
501 511
501 604
501 690
501 691
501 742
501 798
501 810
501 901
501 917
501 949
501 958
501 967
501 969
501 977
501 984
502 517
502 553
502 565
502 569
502 740
503 557
503 559
503 664
503 710
503 759
503 770
503 819
503 835
503 856
503 859
503 862
503 908
503 934
503 936
504 983
504 985
504 986
504 988
504 989
504 990
504 991
504 992
504 993
504 994
504 995
504 996
504 997
504 998
504 999
504 1000
505 542
505 550
505 558
505 596
505 617
505 653
505 735
505 782
505 889
505 895
505 914
505 933
505 944
505 951
505 973
506 715
506 748
506 769
506 787
506 805
506 907
506 930
506 946
506 953
506 961
507 533
507 607
507 625
507 759
507 829
507 835
507 856
507 862
507 888
507 926
507 934
507 935
507 936
508 598
508 661
508 747
508 755
508 796
508 814
508 845
508 942
508 943
509 631
509 696
509 732
509 748
509 786
509 787
509 907
509 946
509 955
509 961
510 514
510 639
510 658
510 694
510 700
510 754
510 764
510 822
510 833
510 871
510 883
510 964
510 965
510 976
511 690
511 691
511 742
511 798
511 810
511 846
511 901
511 917
511 949
511 958
511 967
511 969
511 977
511 984
512 518
512 570
512 804
513 556
513 581
513 654
513 677
513 717
513 750
513 779
513 836
513 840
513 850
513 857
513 873
513 878
513 891
513 904
513 909
514 639
514 658
514 694
514 700
514 754
514 764
514 822
514 833
514 871
514 883
514 964
514 965
514 976
515 540
515 559
515 589
515 607
515 716
515 731
515 736
515 757
515 859
515 908
515 926
515 935
515 936
516 655
516 674
516 711
516 800
516 827
516 839
516 924
516 925
516 940
516 975
517 553
517 565
517 569
517 740
518 570
518 804
519 539
519 551
519 580
519 622
519 682
519 778
519 808
519 812
519 831
519 861
519 945
519 971
520 521
520 529
520 599
520 684
520 765
520 821
520 839
520 898
520 911
520 919
520 931
520 940
521 529
521 599
521 684
521 821
521 827
521 839
521 844
521 872
521 898
521 911
521 918
521 931
521 940
521 975
522 561
522 590
522 669
522 742
522 798
522 810
522 846
522 901
522 917
522 949
522 958
522 967
522 969
522 977
522 984
523 547
523 585
523 685
523 734
523 758
523 761
523 972
524 602
524 667
524 746
524 773
524 797
524 799
524 848
524 886
524 939
524 948
524 959
525 600
525 686
525 735
525 766
525 775
525 843
525 849
525 874
525 914
525 951
525 973
526 632
526 648
526 672
526 719
526 789
526 863
526 876
526 882
526 899
526 912
526 929
526 954
526 956
526 963
526 970
527 577
527 598
527 628
527 643
527 747
527 763
527 791
527 875
527 885
527 921
527 942
527 943
528 606
528 653
528 698
528 735
528 749
528 766
528 775
528 782
528 843
528 849
528 868
528 874
528 895
528 914
528 933
528 944
528 973
529 552
529 705
529 711
529 821
529 824
529 860
529 872
529 898
529 911
529 924
529 931
529 975
530 573
530 583
530 666
530 702
530 704
530 728
530 853
530 881
530 900
530 910
530 928
530 932
530 938
531 616
531 631
531 660
531 696
531 772
531 794
531 813
531 841
531 870
531 907
531 930
531 946
531 955
532 538
532 636
532 707
532 776
532 788
532 792
532 821
532 872
532 898
532 902
532 918
532 919
532 940
533 607
533 710
533 716
533 757
533 781
533 854
533 888
533 926
533 934
533 935
534 556
534 581
534 649
534 654
534 657
534 717
534 737
534 779
534 836
534 840
534 850
534 857
534 878
534 891
534 894
534 904
534 909
535 552
535 618
535 636
535 707
535 776
535 800
535 821
535 839
535 872
535 918
535 919
535 924
536 579
536 648
536 672
536 680
536 701
536 719
536 789
536 863
536 880
536 882
536 912
536 954
536 956
536 970
537 541
537 668
537 785
537 837
537 851
537 858
537 864
537 866
537 879
537 893
537 903
537 906
538 641
538 684
538 705
538 776
538 898
538 911
538 918
538 919
538 924
538 940
539 551
539 580
539 622
539 682
539 778
539 808
539 812
539 831
539 861
539 945
539 971
540 607
540 736
540 759
540 770
540 781
540 826
540 829
540 856
540 915
540 936
541 637
541 668
541 703
541 718
541 785
541 851
541 864
541 879
541 884
541 893
541 896
541 897
541 903
541 906
542 545
542 587
542 645
542 665
542 686
542 735
542 775
542 868
542 874
542 914
542 933
542 973
543 668
543 693
543 703
543 785
543 851
543 864
543 865
543 879
543 884
543 893
543 896
543 897
544 560
544 586
545 572
545 596
545 614
545 617
545 653
545 686
545 735
545 749
545 914
545 933
545 944
545 951
545 973
546 624
546 626
546 689
546 692
546 713
546 720
546 744
546 752
546 774
546 793
546 815
546 820
546 823
546 852
546 867
546 877
546 890
547 555
547 685
547 734
547 758
547 761
547 972
548 601
548 605
548 623
548 687
548 714
548 760
548 762
548 801
548 825
548 892
548 913
548 923
548 966
549 588
549 649
549 657
549 706
549 737
549 836
549 840
549 850
549 873
549 878
549 894
549 904
549 909
550 606
550 614
550 686
550 698
550 782
550 887
550 889
550 895
550 933
550 944
551 580
551 622
551 682
551 778
551 808
551 812
551 831
551 861
551 945
551 971
552 618
552 621
552 673
552 792
552 800
552 821
552 824
552 827
552 898
552 931
553 565
553 569
553 740
554 629
554 698
554 699
554 735
554 782
554 874
554 887
554 889
554 895
554 914
554 944
555 585
555 685
555 734
555 758
555 761
555 972
556 581
556 649
556 657
556 737
556 779
556 836
556 840
556 850
556 857
556 878
556 891
556 894
556 904
556 909
557 736
557 753
557 757
557 759
557 770
557 781
557 819
557 835
557 856
557 859
557 862
557 888
557 935
557 936
558 596
558 614
558 617
558 766
558 775
558 782
558 868
558 887
558 889
558 914
558 933
558 944
558 951
559 568
559 589
559 710
559 753
559 781
559 826
559 829
559 835
559 847
559 854
559 856
559 859
559 862
559 915
559 936
560 586
561 590
561 610
561 669
561 690
561 691
561 798
561 810
561 846
561 901
561 917
561 949
561 958
561 967
561 969
561 977
561 984
562 594
562 611
562 627
562 651
562 715
562 769
562 772
562 805
562 841
562 907
562 930
562 937
562 946
562 953
562 961
563 703
563 718
563 739
563 811
563 834
563 837
563 858
563 879
563 884
563 893
563 897
563 903
564 708
564 809
565 569
565 740
566 646
566 726
566 745
566 816
566 818
566 922
566 927
566 941
566 947
566 960
566 968
566 979
566 981
566 982
567 575
567 612
567 647
568 607
568 664
568 710
568 716
568 781
568 819
568 854
568 859
568 862
568 908
568 934
568 935
568 936
569 740
570 804
571 620
571 642
571 650
571 695
571 725
571 751
571 767
571 803
571 957
572 600
572 735
572 775
572 843
572 889
572 914
572 933
572 951
572 973
573 583
573 666
573 702
573 704
573 728
573 853
573 881
573 900
573 910
573 928
573 932
573 938
574 648
574 672
574 817
574 832
574 882
574 899
574 912
574 920
574 929
574 954
574 956
574 963
574 970
575 612
575 647
576 579
576 635
576 680
576 681
576 701
576 719
576 817
576 863
576 876
576 880
576 882
576 899
576 912
576 920
576 956
576 963
576 970
577 643
577 663
577 727
577 741
577 755
577 784
577 807
577 838
577 921
577 942
577 943
578 592
578 631
578 696
578 786
578 787
578 813
578 841
578 907
578 930
578 937
578 946
579 648
579 680
579 681
579 817
579 832
579 863
579 876
579 880
579 882
579 899
579 920
579 929
579 954
579 956
579 970
580 622
580 682
580 778
580 808
580 812
580 831
580 861
580 945
580 971
581 654
581 657
581 717
581 750
581 779
581 836
581 840
581 850
581 873
581 878
581 891
581 894
581 904
581 909
582 598
582 643
582 661
582 679
582 688
582 730
582 747
582 791
582 814
582 869
582 875
582 921
583 666
583 702
583 704
583 728
583 853
583 881
583 900
583 910
583 928
583 932
583 938
584 619
584 633
584 636
584 641
584 675
584 711
584 824
584 844
584 860
584 872
584 898
584 911
585 685
585 734
585 758
585 761
585 972
587 596
587 600
587 614
587 629
587 645
587 843
587 849
587 868
587 887
587 889
587 895
587 914
587 933
587 973
588 657
588 706
588 737
588 750
588 836
588 840
588 857
588 878
588 891
588 894
588 904
588 909
589 597
589 770
589 781
589 826
589 829
589 908
589 915
589 926
589 934
590 604
590 610
590 669
590 690
590 742
590 798
590 846
590 901
590 917
590 949
590 958
590 967
590 969
590 977
590 984
591 608
591 905
592 611
592 676
592 709
592 715
592 732
592 769
592 787
592 794
592 841
592 870
592 930
592 937
592 946
592 955
592 961
593 962
593 978
593 983
593 985
593 986
593 987
593 988
593 989
593 990
593 991
593 992
593 993
593 994
593 995
593 996
593 997
593 998
593 999
593 1000
594 611
594 631
594 660
594 676
594 748
594 769
594 786
594 813
594 841
594 907
594 930
594 946
595 620
595 642
595 650
595 652
595 695
595 725
595 751
595 767
595 783
595 803
595 957
596 645
596 686
596 766
596 849
596 874
596 889
596 933
596 951
596 973
597 625
597 716
597 729
597 819
597 829
597 835
597 856
597 859
597 915
597 934
597 935
597 936
598 644
598 730
598 741
598 743
598 763
598 771
598 784
598 796
598 838
598 921
598 942
598 943
599 636
599 684
599 705
599 792
599 824
599 827
599 860
599 911
599 919
599 924
599 925
599 931
599 940
599 975
600 606
600 617
600 629
600 645
600 698
600 843
600 849
600 887
600 895
600 914
600 933
600 951
600 973
601 605
601 623
601 714
601 760
601 762
601 768
601 801
601 806
601 825
601 892
601 913
601 916
601 923
601 966
602 667
602 746
602 773
602 797
602 799
602 848
602 886
602 939
602 948
602 959
604 610
604 690
604 691
604 742
604 810
604 846
604 901
604 917
604 949
604 958
604 967
604 969
604 977
604 984
605 623
605 687
605 738
605 801
605 806
605 825
605 892
605 913
605 916
605 923
605 966
606 699
606 766
606 782
606 868
606 874
606 895
606 933
606 944
606 951
606 973
607 729
607 731
607 736
607 753
607 757
607 819
607 829
607 854
607 862
607 935
608 905
609 962
609 978
609 983
609 985
609 986
609 987
609 988
609 989
609 990
609 991
609 992
609 993
609 994
609 995
609 996
609 997
609 998
609 999
609 1000
610 669
610 690
610 691
610 742
610 798
610 810
610 846
610 901
610 917
610 949
610 958
610 967
610 969
610 977
610 984
611 631
611 676
611 696
611 709
611 715
611 748
611 786
611 870
611 930
611 937
611 953
611 955
611 961
612 647
613 703
613 721
613 739
613 785
613 834
613 837
613 865
613 884
613 893
613 896
613 897
613 903
614 629
614 653
614 665
614 699
614 849
614 868
614 874
614 887
614 889
614 914
614 933
614 944
614 973
615 624
615 626
615 689
615 692
615 713
615 720
615 744
615 752
615 774
615 793
615 815
615 820
615 823
615 852
615 867
615 877
615 890
616 660
616 676
616 732
616 748
616 787
616 805
616 907
616 937
616 946
616 953
616 955
616 961
617 686
617 735
617 775
617 868
617 874
617 887
617 933
617 951
617 973
618 619
618 655
618 674
618 707
618 788
618 824
618 827
618 872
618 898
618 911
618 924
618 925
618 940
619 673
619 705
619 707
619 776
619 800
619 827
619 839
619 902
619 924
619 925
619 931
619 940
619 975
620 642
620 650
620 652
620 695
620 725
620 751
620 767
620 783
620 803
620 957
621 636
621 655
621 707
621 765
621 839
621 860
621 898
621 918
621 919
621 925
621 940
621 975
622 682
622 778
622 808
622 812
622 831
622 861
622 945
622 971
623 671
623 712
623 738
623 760
623 768
623 806
623 825
623 892
623 913
623 916
623 923
623 966
624 626
624 689
624 692
624 713
624 720
624 744
624 752
624 774
624 793
624 815
624 820
624 823
624 852
624 867
624 877
624 890
625 729
625 757
625 781
625 829
625 835
625 847
625 888
625 908
625 915
625 926
625 935
626 689
626 692
626 713
626 720
626 744
626 752
626 774
626 793
626 815
626 820
626 823
626 852
626 867
626 877
626 890
627 715
627 748
627 769
627 786
627 787
627 794
627 805
627 907
627 937
627 953
628 727
628 730
628 747
628 763
628 784
628 814
628 869
628 875
628 921
628 942
629 699
629 849
629 874
629 889
629 914
629 933
629 951
629 973
630 950
630 962
630 978
630 983
630 985
630 986
630 987
630 988
630 989
630 990
630 991
630 992
630 993
630 994
630 995
630 996
630 997
630 998
630 999
630 1000
631 715
631 724
631 794
631 813
631 841
631 870
631 937
631 946
631 955
631 961
632 681
632 789
632 832
632 880
632 882
632 899
632 912
632 920
632 929
632 954
632 956
632 963
632 970
633 655
633 675
633 711
633 765
633 776
633 800
633 821
633 827
633 839
633 844
633 860
633 898
633 919
633 925
633 975
634 790
634 974
635 678
635 719
635 817
635 832
635 880
635 882
635 899
635 912
635 920
635 929
635 954
635 956
635 963
635 970
636 673
636 684
636 765
636 788
636 821
636 824
636 902
636 924
636 940
636 975
637 668
637 693
637 703
637 718
637 785
637 834
637 837
637 851
637 858
637 865
637 884
637 896
637 897
637 906
638 644
638 659
638 661
638 663
638 730
638 747
638 771
638 784
638 791
638 807
638 838
638 869
638 875
638 943
639 658
639 694
639 700
639 754
639 764
639 822
639 833
639 871
639 883
639 964
639 965
639 976
641 655
641 707
641 765
641 821
641 827
641 860
641 902
641 925
641 940
642 650
642 652
642 695
642 725
642 751
642 767
642 783
642 803
642 957
643 679
643 727
643 730
643 743
643 755
643 763
643 796
643 838
643 845
643 869
643 875
643 942
643 943
644 659
644 688
644 727
644 730
644 755
644 814
644 838
644 845
644 869
644 921
644 943
645 653
645 665
645 686
645 766
645 887
645 889
645 895
645 933
645 944
645 951
645 973
646 726
646 745
646 816
646 818
646 922
646 927
646 941
646 947
646 960
646 968
646 979
646 981
646 982
648 670
648 680
648 719
648 832
648 880
648 882
648 899
648 912
648 920
648 929
648 954
648 956
648 963
648 970
649 654
649 657
649 706
649 717
649 737
649 750
649 836
649 840
649 857
649 873
649 878
649 891
649 894
649 904
649 909
650 652
650 695
650 751
650 767
650 783
650 803
650 957
651 676
651 696
651 732
651 786
651 794
651 841
651 870
651 937
651 946
652 695
652 725
652 751
652 767
652 783
652 803
652 957
653 665
653 686
653 699
653 766
653 775
653 889
653 895
653 933
653 944
653 973
654 677
654 717
654 737
654 750
654 840
654 850
654 873
654 878
654 891
654 894
654 904
654 909
655 705
655 765
655 776
655 788
655 792
655 800
655 827
655 844
655 918
655 919
655 924
655 931
655 940
656 980
657 677
657 706
657 717
657 737
657 779
657 836
657 857
657 873
657 891
657 894
657 909
658 694
658 700
658 754
658 764
658 822
658 833
658 871
658 883
658 964
658 965
658 976
659 730
659 784
659 791
659 796
659 807
659 875
659 885
659 921
659 942
659 943
660 676
660 724
660 748
660 787
660 805
660 813
660 930
660 946
660 953
661 663
661 763
661 771
661 802
661 869
661 885
661 942
661 943
662 950
662 952
662 962
662 978
662 983
662 985
662 986
662 987
662 988
662 989
662 990
662 991
662 992
662 993
662 994
662 995
662 996
662 997
662 998
662 999
662 1000
663 688
663 743
663 747
663 763
663 796
663 802
663 807
663 838
663 885
663 942
663 943
664 729
664 731
664 757
664 770
664 819
664 826
664 829
664 847
664 856
664 862
664 888
664 908
664 915
665 698
665 735
665 749
665 766
665 775
665 843
665 868
665 874
665 895
665 914
665 951
665 973
666 702
666 704
666 728
666 853
666 881
666 900
666 910
666 928
666 932
666 938
667 746
667 773
667 797
667 799
667 848
667 886
667 939
667 948
667 959
668 721
668 722
668 785
668 811
668 834
668 851
668 858
668 865
668 866
668 879
668 896
668 903
668 906
669 691
669 742
669 798
669 846
669 901
669 917
669 949
669 958
669 967
669 969
669 977
669 984
670 681
670 701
670 789
670 817
670 863
670 876
670 880
670 882
670 912
670 920
670 929
670 954
670 956
670 963
670 970
671 687
671 712
671 738
671 760
671 768
671 801
671 806
671 825
671 913
671 916
671 923
671 966
672 681
672 817
672 863
672 876
672 880
672 882
672 899
672 912
672 920
672 956
672 963
672 970
673 684
673 707
673 711
673 792
673 827
673 872
673 911
673 924
673 931
673 975
674 776
674 792
674 860
674 911
674 918
674 919
674 924
674 925
674 931
674 975
675 707
675 711
675 776
675 788
675 792
675 821
675 827
675 839
675 844
675 872
675 925
675 931
675 940
676 724
676 769
676 787
676 794
676 953
676 955
676 961
677 706
677 717
677 737
677 750
677 779
677 850
677 857
677 873
677 878
677 891
677 894
677 904
677 909
678 680
678 701
678 719
678 789
678 817
678 832
678 876
678 880
678 899
678 912
678 920
678 929
678 954
678 956
678 963
678 970
679 741
679 755
679 771
679 784
679 807
679 814
679 838
679 845
679 875
679 885
679 921
680 681
680 817
680 832
680 876
680 899
680 912
680 920
680 929
680 954
680 956
680 963
680 970
681 701
681 817
681 832
681 863
681 876
681 880
681 882
681 899
681 920
681 929
681 954
681 963
682 778
682 808
682 812
682 831
682 861
682 945
682 971
683 693
683 811
683 834
683 858
683 864
683 865
683 866
683 879
683 884
683 893
683 896
683 897
683 903
683 906
684 792
684 827
684 839
684 872
684 898
684 902
684 911
684 918
684 925
684 931
685 734
685 758
685 761
685 972
686 735
686 782
686 849
686 868
686 874
686 933
686 944
686 973
687 712
687 714
687 760
687 762
687 768
687 801
687 806
687 825
687 913
687 916
687 923
687 966
688 741
688 743
688 763
688 784
688 796
688 802
688 814
688 845
688 875
688 885
688 942
688 943
689 692
689 713
689 720
689 744
689 752
689 774
689 793
689 815
689 820
689 823
689 852
689 867
689 877
689 890
690 691
690 742
690 798
690 810
690 846
690 901
690 917
690 949
690 958
690 967
690 969
690 977
690 984
691 742
691 798
691 846
691 901
691 917
691 949
691 958
691 967
691 969
691 977
691 984
692 713
692 720
692 744
692 752
692 774
692 793
692 815
692 820
692 823
692 852
692 867
692 877
692 890
693 721
693 785
693 811
693 834
693 837
693 851
693 864
693 866
693 879
693 893
693 897
694 700
694 754
694 764
694 822
694 833
694 871
694 883
694 964
694 965
694 976
695 725
695 751
695 767
695 783
695 803
695 957
696 748
696 769
696 772
696 805
696 841
696 870
696 937
696 953
696 955
696 961
697 855
697 950
697 952
697 962
697 978
697 983
697 985
697 986
697 987
697 988
697 989
697 990
697 991
697 992
697 993
697 994
697 995
697 996
697 997
697 998
697 999
697 1000
698 699
698 766
698 782
698 868
698 874
698 887
698 914
698 944
699 775
699 843
699 849
699 868
699 887
699 895
699 914
699 933
699 951
700 754
700 764
700 822
700 833
700 871
700 883
700 964
700 965
700 976
701 789
701 817
701 832
701 863
701 876
701 880
701 882
701 920
701 954
701 956
701 963
701 970
702 704
702 728
702 853
702 881
702 900
702 910
702 928
702 932
702 938
703 721
703 739
703 837
703 858
703 865
703 884
703 893
703 896
703 897
703 903
704 728
704 853
704 881
704 900
704 910
704 928
704 932
704 938
705 776
705 800
705 839
705 860
705 902
705 911
705 919
705 925
705 975
706 717
706 737
706 750
706 779
706 836
706 840
706 850
706 857
706 873
706 878
706 891
706 894
706 909
707 827
707 844
707 898
707 919
707 924
707 975
708 809
709 715
709 732
709 769
709 786
709 805
709 841
709 870
709 907
709 937
709 953
709 961
710 716
710 729
710 731
710 781
710 829
710 847
710 859
710 862
710 888
710 915
710 926
710 935
710 936
711 776
711 824
711 839
711 902
711 911
711 925
711 931
711 940
712 738
712 760
712 762
712 768
712 801
712 806
712 825
712 892
712 913
712 916
712 923
712 966
713 720
713 744
713 752
713 774
713 793
713 815
713 820
713 823
713 852
713 867
713 877
713 890
714 738
714 768
714 825
714 892
714 913
714 916
714 923
714 966
715 724
715 787
715 794
715 841
715 907
715 937
715 946
715 955
715 961
716 731
716 753
716 757
716 826
716 829
716 856
716 859
716 862
716 908
716 915
716 926
716 935
717 779
717 836
717 840
717 850
717 857
717 873
717 878
717 891
717 894
717 904
717 909
718 721
718 722
718 811
718 834
718 837
718 858
718 864
718 865
718 879
718 884
718 896
718 897
718 906
719 789
719 832
719 863
719 880
719 899
719 912
719 920
719 929
719 954
719 956
719 963
719 970
720 744
720 752
720 774
720 793
720 815
720 820
720 823
720 852
720 867
720 877
720 890
721 837
721 851
721 858
721 864
721 879
721 893
721 896
721 903
722 739
722 785
722 834
722 837
722 864
722 865
722 896
722 903
722 906
723 842
723 855
723 950
723 952
723 962
723 978
723 983
723 985
723 986
723 987
723 988
723 989
723 990
723 991
723 992
723 993
723 994
723 995
723 996
723 997
723 998
723 999
723 1000
724 769
724 787
724 794
724 805
724 813
724 870
724 907
724 946
724 953
724 961
725 751
725 767
725 783
725 803
725 957
726 745
726 816
726 818
726 922
726 927
726 941
726 947
726 960
726 968
726 979
726 981
726 982
727 755
727 771
727 784
727 791
727 807
727 838
727 845
727 875
727 885
727 921
727 943
728 853
728 881
728 900
728 910
728 928
728 932
728 938
729 731
729 753
729 759
729 781
729 819
729 826
729 829
729 862
729 908
729 915
729 926
729 934
729 935
730 741
730 755
730 763
730 771
730 796
730 807
730 814
730 845
730 943
731 770
731 826
731 829
731 835
731 847
731 859
731 862
731 888
731 908
731 926
731 934
731 935
732 787
732 794
732 805
732 813
732 870
732 907
732 930
732 946
732 955
732 961
733 828
733 842
733 855
733 950
733 952
733 962
733 978
733 983
733 985
733 986
733 987
733 988
733 989
733 990
733 991
733 992
733 993
733 994
733 995
733 996
733 997
733 998
733 999
733 1000
734 758
734 761
734 972
735 782
735 843
735 849
735 868
735 874
735 889
735 933
735 951
735 973
736 770
736 826
736 829
736 854
736 862
736 888
736 908
736 915
736 934
736 935
736 936
737 750
737 779
737 836
737 840
737 850
737 857
737 873
737 878
737 891
737 894
737 904
737 909
738 760
738 762
738 801
738 806
738 825
738 892
738 913
738 916
738 923
738 966
739 785
739 851
739 865
739 866
739 879
739 884
739 896
739 897
739 906
741 755
741 791
741 802
741 807
741 845
741 869
741 875
741 885
741 942
741 943
742 798
742 810
742 846
742 901
742 917
742 949
742 958
742 967
742 969
742 977
742 984
743 747
743 763
743 771
743 791
743 802
743 807
743 814
743 838
743 885
744 752
744 774
744 793
744 815
744 820
744 823
744 852
744 867
744 877
744 890
745 816
745 818
745 922
745 927
745 941
745 947
745 960
745 968
745 979
745 981
745 982
746 773
746 797
746 799
746 848
746 886
746 939
746 948
746 959
747 771
747 791
747 796
747 802
747 807
747 845
747 875
747 885
747 921
748 786
748 841
748 907
748 930
748 937
748 955
748 961
749 766
749 775
749 843
749 868
749 887
749 889
749 914
749 933
749 944
749 973
750 836
750 850
750 857
750 873
750 878
750 891
750 894
750 904
750 909
751 767
751 783
751 803
751 957
752 774
752 793
752 815
752 820
752 823
752 852
752 867
752 877
752 890
753 759
753 770
753 819
753 835
753 847
753 854
753 856
753 862
753 888
753 908
753 915
753 926
753 936
754 764
754 822
754 833
754 871
754 883
754 964
754 965
754 976
755 784
755 791
755 807
755 838
755 875
755 885
755 942
755 943
756 828
756 830
756 842
756 855
756 950
756 952
756 962
756 978
756 983
756 985
756 986
756 987
756 988
756 989
756 990
756 991
756 992
756 993
756 994
756 995
756 996
756 997
756 998
756 999
756 1000
757 770
757 781
757 835
757 854
757 926
757 934
757 936
758 761
758 972
759 770
759 781
759 826
759 829
759 835
759 847
759 888
759 908
759 915
759 926
759 935
759 936
760 762
760 801
760 806
760 892
760 913
760 916
760 923
760 966
761 972
762 801
762 806
762 825
762 892
762 913
762 916
762 923
762 966
763 784
763 796
763 845
763 869
763 885
763 943
764 822
764 833
764 871
764 883
764 964
764 965
764 976
765 776
765 788
765 800
765 824
765 860
765 898
765 925
765 975
766 843
766 849
766 887
766 889
766 895
766 914
766 933
766 973
767 783
767 803
767 957
768 801
768 806
768 825
768 892
768 913
768 916
768 923
768 966
769 772
769 786
769 787
769 805
769 870
769 937
769 953
769 955
769 961
770 826
770 835
770 888
770 915
770 934
770 935
770 936
771 784
771 791
771 802
771 814
771 838
771 869
771 921
771 942
771 943
772 786
772 787
772 805
772 813
772 841
772 870
772 930
772 953
772 955
772 961
773 797
773 799
773 848
773 886
773 939
773 948
773 959
774 793
774 815
774 820
774 823
774 852
774 867
774 877
774 890
775 782
775 843
775 849
775 868
775 887
775 914
775 944
775 951
776 844
776 872
776 898
776 911
776 931
776 975
777 780
777 828
777 830
777 842
777 855
777 950
777 952
777 962
777 978
777 983
777 985
777 986
777 987
777 988
777 989
777 990
777 991
777 992
777 993
777 994
777 995
777 996
777 997
777 998
777 999
777 1000
778 808
778 812
778 831
778 861
778 945
778 971
779 836
779 840
779 857
779 873
779 878
779 891
779 894
779 904
779 909
780 828
780 830
780 842
780 855
780 950
780 952
780 962
780 978
780 983
780 985
780 986
780 987
780 988
780 989
780 990
780 991
780 992
780 993
780 994
780 995
780 996
780 997
780 998
780 999
780 1000
781 829
781 835
781 856
781 859
781 908
781 915
781 926
781 935
781 936
782 843
782 849
782 868
782 874
782 887
782 889
782 914
782 933
782 944
782 951
782 973
783 803
783 957
784 796
784 802
784 807
784 838
784 869
784 875
784 943
785 811
785 851
785 858
785 865
785 879
785 897
785 903
785 906
786 787
786 841
786 870
786 907
786 937
786 946
786 953
786 955
786 961
787 794
787 805
787 870
787 907
787 930
787 953
787 955
788 792
788 800
788 844
788 860
788 872
788 898
788 919
788 924
788 931
788 940
789 817
789 832
789 863
789 876
789 880
789 899
789 912
789 920
789 929
789 956
789 963
789 970
790 974
791 796
791 802
791 814
791 845
791 869
791 875
791 921
792 800
792 824
792 844
792 898
792 911
792 919
792 924
792 925
792 931
792 940
793 815
793 820
793 823
793 852
793 867
793 877
793 890
794 813
794 841
794 937
794 946
794 953
794 955
794 961
795 828
795 830
795 842
795 855
795 950
795 952
795 962
795 978
795 983
795 985
795 986
795 987
795 988
795 989
795 990
795 991
795 992
795 993
795 994
795 995
795 996
795 997
795 998
795 999
795 1000
796 802
796 845
796 869
796 921
797 799
797 848
797 886
797 939
797 948
797 959
798 810
798 846
798 901
798 917
798 949
798 958
798 967
798 969
798 977
798 984
799 848
799 886
799 939
799 948
799 959
800 824
800 844
800 872
800 918
800 924
800 940
801 825
801 892
801 913
801 916
801 923
801 966
802 807
802 838
802 942
802 943
803 957
805 813
805 930
805 937
805 946
805 953
805 955
806 892
806 913
806 916
806 923
806 966
807 845
807 885
807 921
807 943
808 812
808 831
808 861
808 945
808 971
810 846
810 901
810 917
810 949
810 958
810 967
810 969
810 977
810 984
811 834
811 851
811 858
811 864
811 866
811 884
811 893
811 896
811 897
811 906
812 831
812 861
812 945
812 971
813 841
813 930
813 946
813 953
814 875
814 885
814 921
814 942
814 943
815 820
815 823
815 852
815 867
815 877
815 890
816 818
816 922
816 927
816 941
816 947
816 960
816 968
816 979
816 981
816 982
817 832
817 863
817 876
817 880
817 882
817 920
817 929
817 954
817 963
817 970
818 922
818 927
818 941
818 947
818 960
818 968
818 979
818 981
818 982
819 829
819 835
819 847
819 854
819 856
819 859
819 915
819 934
819 935
819 936
820 823
820 852
820 867
820 877
820 890
821 824
821 839
821 898
821 902
821 918
821 925
821 940
821 975
822 833
822 871
822 883
822 964
822 965
822 976
823 852
823 867
823 877
823 890
824 839
824 844
824 872
824 918
824 919
824 925
824 931
824 940
824 975
825 892
825 913
825 916
825 923
825 966
826 854
826 856
826 908
826 926
826 934
826 935
826 936
827 902
827 918
827 919
827 924
827 925
827 931
827 975
828 830
828 842
828 855
828 950
828 952
828 962
828 978
828 983
828 985
828 986
828 987
828 988
828 989
828 990
828 991
828 992
828 993
828 994
828 995
828 996
828 997
828 998
828 999
828 1000
829 847
829 854
829 859
829 862
829 888
829 926
829 936
830 842
830 855
830 950
830 952
830 962
830 978
830 983
830 985
830 986
830 987
830 988
830 989
830 990
830 991
830 992
830 993
830 994
830 995
830 996
830 997
830 998
830 999
830 1000
831 861
831 945
831 971
832 863
832 876
832 882
832 912
832 920
832 954
832 956
832 963
832 970
833 871
833 883
833 964
833 965
833 976
834 837
834 865
834 893
834 896
834 897
834 903
834 906
835 859
835 888
835 908
835 926
835 934
835 936
836 840
836 850
836 857
836 873
836 878
836 891
836 894
836 904
837 851
837 858
837 864
837 866
837 879
837 896
837 903
838 869
838 875
838 885
838 942
839 860
839 898
839 902
839 911
839 918
839 925
839 975
840 850
840 857
840 873
840 878
840 891
840 894
840 904
840 909
841 930
841 961
842 855
842 950
842 952
842 962
842 978
842 983
842 985
842 986
842 987
842 988
842 989
842 990
842 991
842 992
842 993
842 994
842 995
842 996
842 997
842 998
842 999
842 1000
843 868
843 887
843 889
843 895
843 933
843 944
843 951
844 902
844 918
844 924
844 931
844 940
844 975
845 875
845 885
845 921
845 942
846 901
846 917
846 949
846 958
846 967
846 969
846 977
846 984
847 854
847 859
847 862
847 908
847 926
847 934
847 936
848 886
848 939
848 948
848 959
849 887
849 895
849 914
849 933
849 944
849 973
850 857
850 873
850 878
850 891
850 894
850 904
850 909
851 864
851 866
851 893
851 896
851 897
851 906
852 867
852 877
852 890
853 881
853 900
853 910
853 928
853 932
853 938
854 856
854 859
854 888
854 908
854 915
854 926
854 934
854 935
854 936
855 950
855 952
855 962
855 978
855 983
855 985
855 986
855 987
855 988
855 989
855 990
855 991
855 992
855 993
855 994
855 995
855 996
855 997
855 998
855 999
855 1000
856 888
856 908
856 935
857 873
857 878
857 891
857 894
857 904
857 909
858 864
858 866
858 884
858 893
858 896
858 897
858 903
858 906
859 915
859 934
859 935
859 936
860 872
860 898
860 902
860 924
860 925
860 931
860 940
860 975
861 945
861 971
862 888
862 908
862 915
862 926
862 935
862 936
863 876
863 880
863 882
863 899
863 912
863 920
863 929
863 954
863 963
863 970
864 865
864 866
864 879
864 884
864 903
864 906
865 893
865 896
865 903
865 906
866 879
866 884
866 896
866 906
867 877
867 890
868 887
868 889
868 895
868 914
868 951
868 973
869 921
869 942
870 930
870 946
870 953
870 961
871 883
871 964
871 965
871 976
872 898
872 902
872 911
872 918
872 924
872 925
872 931
872 940
872 975
873 878
873 891
873 894
873 904
873 909
874 887
874 933
874 944
874 951
874 973
875 942
876 880
876 882
876 899
876 912
876 956
876 963
876 970
877 890
878 891
878 904
878 909
879 884
879 893
879 897
879 903
880 882
880 899
880 912
880 920
880 929
880 954
880 956
880 963
880 970
881 900
881 910
881 928
881 932
881 938
882 912
882 920
882 929
882 954
882 956
882 963
882 970
883 964
883 965
883 976
884 896
884 897
884 906
886 939
886 948
886 959
887 895
887 933
887 944
887 951
887 973
888 908
888 926
888 934
888 935
888 936
889 895
889 944
889 951
891 894
891 904
891 909
892 913
892 916
892 966
893 896
893 903
893 906
894 904
894 909
895 914
895 933
895 951
895 973
896 897
896 903
896 906
897 906
898 902
898 919
898 924
899 912
899 920
899 929
899 954
899 956
899 963
899 970
900 910
900 928
900 932
900 938
901 917
901 949
901 958
901 967
901 969
901 977
901 984
902 918
902 924
902 925
902 940
903 906
904 909
907 937
907 946
907 955
908 915
908 926
908 934
908 935
910 928
910 932
910 938
911 918
911 924
911 975
912 920
912 929
912 954
912 956
912 963
912 970
913 916
913 923
913 966
914 933
914 944
914 951
915 934
915 935
915 936
916 923
916 966
917 949
917 958
917 967
917 969
917 977
917 984
918 924
918 925
918 940
919 924
920 954
920 956
920 963
920 970
921 942
921 943
922 927
922 941
922 947
922 960
922 968
922 979
922 981
922 982
923 966
924 931
924 975
926 934
926 936
927 941
927 947
927 960
927 968
927 979
927 981
927 982
928 932
928 938
929 954
929 956
929 963
929 970
930 937
930 946
931 940
931 975
932 938
933 951
934 935
934 936
937 946
937 955
937 961
939 948
939 959
940 975
941 947
941 960
941 968
941 979
941 981
941 982
942 943
944 951
945 971
946 953
946 955
946 961
947 960
947 968
947 979
947 981
947 982
948 959
949 958
949 967
949 969
949 977
949 984
950 952
950 962
950 978
950 983
950 985
950 986
950 987
950 988
950 989
950 990
950 991
950 992
950 993
950 994
950 995
950 996
950 997
950 998
950 999
950 1000
951 973
952 962
952 978
952 983
952 985
952 986
952 987
952 988
952 989
952 990
952 991
952 992
952 993
952 994
952 995
952 996
952 997
952 998
952 999
952 1000
953 955
953 961
954 956
954 963
954 970
955 961
956 963
958 967
958 969
958 977
958 984
960 968
960 979
960 981
960 982
962 978
962 983
962 985
962 986
962 987
962 988
962 989
962 990
962 991
962 992
962 993
962 994
962 995
962 996
962 997
962 998
962 999
962 1000
963 970
964 965
964 976
965 976
967 969
967 977
967 984
968 979
968 981
968 982
969 977
969 984
977 984
978 983
978 985
978 986
978 987
978 988
978 989
978 990
978 991
978 992
978 993
978 994
978 995
978 996
978 997
978 998
978 999
978 1000
979 981
979 982
981 982
983 985
983 986
983 987
983 988
983 989
983 990
983 991
983 992
983 993
983 994
983 995
983 996
983 997
983 998
983 999
983 1000
985 986
985 987
985 988
985 989
985 990
985 991
985 992
985 993
985 994
985 995
985 996
985 997
985 998
985 999
985 1000
986 987
986 988
986 989
986 990
986 991
986 992
986 993
986 994
986 995
986 996
986 997
986 998
986 999
986 1000
987 988
987 989
987 990
987 991
987 992
987 993
987 994
987 995
987 996
987 997
987 998
987 999
987 1000
988 989
988 990
988 991
988 992
988 993
988 994
988 995
988 996
988 997
988 998
988 999
988 1000
989 990
989 991
989 992
989 993
989 994
989 995
989 996
989 997
989 998
989 999
989 1000
990 991
990 992
990 993
990 994
990 995
990 996
990 997
990 998
990 999
990 1000
991 992
991 993
991 994
991 995
991 996
991 997
991 998
991 999
991 1000
992 993
992 994
992 995
992 996
992 997
992 998
992 999
992 1000
993 994
993 995
993 996
993 997
993 998
993 999
993 1000
994 995
994 996
994 997
994 998
994 999
994 1000
995 996
995 997
995 998
995 999
995 1000
996 997
996 998
996 999
996 1000
997 998
997 999
997 1000
998 999
998 1000
999 1000
