1 230
1 376
1 741
1 751
1 755
1 767
1 791
1 803
1 885
1 943
2 501
2 590
2 610
2 690
2 798
2 917
2 949
2 958
2 977
2 984
3 511
3 590
3 610
3 690
3 798
3 917
3 949
3 958
3 977
3 984
4 157
4 335
4 377
4 431
4 659
4 730
4 814
4 838
4 845
4 875
5 490
5 711
5 898
5 902
5 911
5 918
5 919
5 931
5 940
5 975
6 14
6 48
6 64
6 312
6 314
6 330
6 422
6 517
6 546
6 553
7 713
7 793
7 815
7 820
7 823
7 852
7 867
7 877
7 890
7 965
8 42
8 672
8 789
8 811
8 837
8 884
8 893
8 906
8 954
8 956
9 326
9 419
9 543
9 574
9 668
9 739
9 789
9 896
9 903
9 912
10 388
10 475
10 488
10 636
10 792
10 839
10 844
10 860
10 924
10 925
11 440
11 522
11 561
11 604
11 691
11 742
11 810
11 846
11 901
11 969
12 110
12 268
12 556
12 568
12 716
12 737
12 770
12 878
12 908
12 926
13 368
13 634
13 790
14 72
14 226
14 312
14 314
14 330
14 422
14 517
14 546
14 553
15 714
15 738
15 762
15 768
15 806
15 825
15 913
15 916
15 923
15 966
16 583
16 702
16 704
16 728
16 853
16 881
16 900
16 928
16 932
16 938
17 31
17 379
17 627
17 696
17 794
17 907
17 937
17 946
17 955
17 961
18 81
18 284
18 528
18 542
18 600
18 782
18 843
18 895
18 933
18 944
19 55
19 333
19 337
19 434
19 585
19 685
19 734
19 758
19 761
19 972
20 222
20 430
20 515
20 695
20 706
20 770
20 850
20 856
20 862
20 998
21 192
21 484
21 623
21 671
21 714
21 768
21 913
21 916
21 923
21 966
22 80
22 837
22 864
22 879
22 882
22 884
22 896
22 903
22 912
22 956
23 124
23 598
23 642
23 751
23 763
23 771
23 791
23 838
23 942
23 957
24 570
24 639
24 754
24 764
24 822
24 833
24 871
24 883
24 964
24 976
25 293
25 677
25 706
25 736
25 757
25 835
25 850
25 873
25 891
25 915
26 144
26 196
26 381
26 385
26 567
26 569
26 612
26 905
27 599
27 707
27 824
27 827
27 872
27 902
27 918
27 931
27 940
27 975
28 59
28 666
28 702
28 704
28 853
28 881
28 900
28 928
28 932
28 938
29 227
29 572
29 645
29 766
29 887
29 895
29 914
29 933
29 944
29 973
30 681
30 693
30 721
30 722
30 832
30 866
30 879
30 899
30 963
30 970
31 303
31 316
31 398
31 509
31 594
31 611
31 769
31 786
31 805
32 442
32 445
32 726
32 745
32 816
32 818
32 927
32 968
32 979
32 981
33 214
33 227
33 629
33 887
33 889
33 914
33 933
33 944
33 951
33 973
34 229
34 248
34 316
34 321
34 429
34 466
34 478
34 732
34 774
34 870
35 978
35 987
35 988
35 989
35 991
35 992
35 993
35 997
35 999
35 1000
36 828
36 830
36 842
36 960
36 983
36 986
36 990
36 994
36 995
36 996
37 80
37 354
37 432
37 458
37 637
37 785
37 837
37 876
37 882
37 912
38 220
38 313
38 641
38 711
38 898
38 902
38 911
38 919
38 940
38 975
39 95
39 105
39 120
39 257
39 276
39 277
39 450
39 564
39 708
39 809
40 218
40 258
40 376
40 595
40 598
40 755
40 807
40 885
40 921
40 942
41 84
41 93
41 234
41 640
41 840
42 251
42 432
42 739
42 834
42 876
42 884
42 893
42 912
42 954
43 48
43 60
43 226
43 312
43 314
43 330
43 422
43 517
43 546
43 553
44 89
44 836
44 985
45 86
45 294
45 534
45 557
45 597
45 826
45 847
45 857
45 909
45 935
46 828
46 830
46 842
46 960
46 983
46 986
46 990
46 994
46 995
46 996
47 79
47 108
47 224
47 447
47 523
47 547
47 685
47 758
47 761
47 972
48 72
48 226
48 314
48 330
48 422
48 517
48 546
48 553
49 664
49 746
49 773
49 797
49 799
49 848
49 886
49 939
49 948
49 959
50 361
50 367
50 622
50 682
50 778
50 812
50 831
50 861
50 945
50 971
51 104
51 475
51 633
51 655
51 673
51 675
51 765
51 792
51 860
51 925
52 211
52 349
52 581
52 657
52 695
52 710
52 826
52 847
52 856
52 998
53 324
53 337
53 447
53 523
53 555
53 585
53 685
53 734
53 761
53 972
54 361
54 551
54 622
54 682
54 778
54 812
54 831
54 861
54 945
54 971
55 79
55 333
55 523
55 547
55 555
55 685
55 758
55 761
55 972
56 452
56 530
56 666
56 728
56 853
56 881
56 900
56 928
56 932
56 938
57 465
57 746
57 773
57 797
57 799
57 848
57 886
57 939
57 948
57 959
58 621
58 711
58 800
58 898
58 902
58 911
58 919
58 931
58 940
58 975
59 530
59 702
59 728
59 853
59 881
59 900
59 928
59 932
59 938
60 64
60 312
60 314
60 330
60 422
60 517
60 546
60 553
61 449
61 488
61 552
61 584
61 673
61 684
61 765
61 792
61 860
61 924
62 526
62 632
62 858
62 863
62 865
62 879
62 896
62 899
62 920
62 956
63 267
63 313
63 621
63 800
63 902
63 918
63 919
63 931
63 940
63 975
64 72
64 226
64 312
64 330
64 422
64 517
64 546
64 553
65 345
65 495
65 565
65 715
65 748
65 787
65 870
65 907
65 955
65 961
66 112
66 134
66 206
66 219
66 273
66 309
66 540
66 586
67 99
67 431
67 638
67 718
67 730
67 751
67 767
67 921
67 942
67 957
68 570
68 700
68 754
68 764
68 822
68 833
68 871
68 883
68 964
68 976
69 406
69 563
69 668
69 817
69 832
69 834
69 864
69 884
69 929
69 963
70 114
70 337
70 434
70 547
70 585
70 685
70 734
70 758
70 761
70 972
71 145
71 169
71 447
71 547
71 555
71 685
71 734
71 758
71 761
71 972
72 226
72 312
72 314
72 422
72 517
72 546
72 553
73 828
73 830
73 842
73 960
73 983
73 986
73 990
73 994
73 995
73 996
74 548
74 738
74 762
74 768
74 801
74 806
74 892
74 913
74 923
74 966
75 598
75 652
75 679
75 730
75 741
75 763
75 784
75 807
75 942
75 943
76 462
76 605
76 660
76 669
76 769
76 907
76 930
76 937
76 946
76 967
77 687
77 712
77 806
77 825
77 892
77 913
77 916
77 923
77 966
78 440
78 522
78 561
78 604
78 691
78 742
78 810
78 846
78 901
78 969
79 145
79 438
79 523
79 685
79 734
79 758
79 761
79 972
80 193
80 386
80 407
80 537
80 880
80 882
80 897
80 956
81 278
81 457
81 545
81 653
81 735
81 782
81 874
81 887
81 951
82 238
82 253
82 429
82 578
82 676
82 709
82 748
82 813
82 955
82 961
83 123
83 126
83 161
83 261
83 319
83 340
83 418
83 647
84 93
84 234
84 640
84 840
85 132
85 308
85 364
85 714
85 760
85 801
85 913
85 916
85 923
85 966
86 137
86 254
86 544
86 557
86 829
86 856
86 908
86 915
86 934
87 530
87 583
87 704
87 728
87 853
87 881
87 900
87 928
87 932
87 938
88 96
88 105
88 120
88 257
88 276
88 277
88 450
88 564
88 708
88 809
89 836
89 985
90 440
90 522
90 561
90 604
90 691
90 742
90 810
90 846
90 901
90 969
91 107
91 157
91 460
91 527
91 582
91 620
91 643
91 771
91 807
91 942
92 639
92 658
92 754
92 764
92 822
92 833
92 871
92 883
92 964
92 976
93 234
93 640
93 840
94 201
94 229
94 506
94 669
94 774
94 870
94 907
94 946
94 961
94 967
95 105
95 120
95 257
95 276
95 277
95 450
95 564
95 708
95 809
96 120
96 257
96 276
96 277
96 450
96 564
96 708
96 809
97 577
97 638
97 643
97 650
97 661
97 663
97 688
97 783
97 875
97 957
98 397
98 522
98 561
98 604
98 691
98 742
98 810
98 846
98 901
98 969
99 221
99 335
99 455
99 463
99 577
99 582
99 802
99 807
99 814
100 535
100 618
100 776
100 788
100 792
100 821
100 844
100 860
100 924
100 925
101 501
101 590
101 610
101 690
101 798
101 917
101 949
101 958
101 977
101 984
102 828
102 830
102 842
102 960
102 983
102 986
102 990
102 994
102 995
102 996
103 383
103 491
103 674
103 872
103 898
103 902
103 918
103 931
103 940
103 975
104 388
104 552
104 618
104 673
104 765
104 844
104 860
104 924
104 925
105 257
105 276
105 277
105 450
105 564
105 708
105 809
106 215
106 410
106 457
106 505
106 554
106 653
106 868
106 933
106 944
106 973
107 595
107 644
107 741
107 802
107 814
107 838
107 875
107 885
107 921
107 957
108 272
108 324
108 438
108 447
108 555
108 585
108 685
108 734
108 758
108 972
109 744
109 752
109 793
109 815
109 820
109 823
109 852
109 867
109 877
109 890
109 965
110 137
110 474
110 507
110 819
110 826
110 850
110 854
110 894
110 904
110 909
111 208
111 431
111 650
111 741
111 783
111 791
111 796
111 802
111 814
111 869
111 885
112 134
112 206
112 219
112 273
112 309
112 540
112 586
113 539
113 551
113 580
113 622
113 682
113 778
113 812
113 831
113 861
113 945
113 971
114 324
114 333
114 434
114 438
114 555
114 685
114 734
114 758
114 761
114 972
115 643
115 688
115 755
115 763
115 791
115 803
115 838
115 869
115 875
115 885
115 921
116 258
116 460
116 620
116 679
116 727
116 730
116 783
116 784
116 791
116 838
116 869
117 125
117 191
117 194
117 236
117 242
117 259
117 274
117 393
117 470
117 512
117 518
118 346
118 489
118 496
118 834
118 837
118 866
118 880
118 896
118 897
118 954
118 963
119 124
119 173
119 577
119 620
119 638
119 642
119 644
119 730
119 845
119 875
119 885
120 257
120 276
120 277
120 450
120 564
120 708
120 809
121 349
121 464
121 544
121 549
121 607
121 856
121 859
121 894
121 908
121 935
121 998
122 539
122 551
122 580
122 622
122 682
122 778
122 812
122 831
122 861
122 945
122 971
123 126
123 161
123 261
123 319
123 340
123 418
123 647
124 455
124 494
124 595
124 727
124 796
124 802
124 814
124 943
125 191
125 194
125 236
125 242
125 259
125 274
125 393
125 470
125 512
125 518
126 161
126 261
126 319
126 340
126 418
126 647
127 346
127 496
127 683
127 722
127 785
127 863
127 876
127 879
127 893
127 929
127 970
128 575
128 664
128 746
128 773
128 797
128 799
128 848
128 886
128 939
128 948
128 959
129 207
129 339
129 400
129 525
129 910
129 936
130 174
130 370
130 519
130 668
130 678
130 834
130 864
130 865
130 882
130 912
130 956
131 199
131 229
131 478
131 605
131 616
131 660
131 769
131 786
131 841
131 955
131 967
132 738
132 760
132 768
132 806
132 825
132 892
132 913
132 916
132 923
132 966
133 168
133 227
133 270
133 617
133 665
133 749
133 849
133 874
133 895
133 944
133 973
134 206
134 219
134 273
134 309
134 540
134 586
135 428
135 528
135 572
135 606
135 698
135 735
135 782
135 914
135 933
135 944
135 973
136 501
136 511
136 590
136 610
136 690
136 798
136 917
136 949
136 958
136 977
136 984
137 424
137 533
137 716
137 717
137 750
137 847
137 926
137 934
137 998
138 186
138 671
138 712
138 714
138 738
138 768
138 801
138 825
138 916
138 923
138 966
139 471
139 528
139 596
139 600
139 653
139 868
139 874
139 887
139 895
139 933
139 973
140 687
140 760
140 762
140 801
140 806
140 825
140 892
140 913
140 916
140 923
140 966
141 621
141 824
141 827
141 872
141 902
141 911
141 918
141 919
141 931
141 940
141 975
142 152
142 175
142 260
142 423
142 437
142 456
142 631
142 787
142 805
142 930
142 967
143 484
143 623
143 687
143 760
143 768
143 825
143 892
143 913
143 916
143 923
143 966
144 196
144 381
144 385
144 567
144 569
144 612
144 905
145 324
145 434
145 447
145 547
145 585
145 734
145 758
145 761
145 972
146 431
146 527
146 643
146 755
146 763
146 784
146 791
146 838
146 845
146 875
146 921
147 694
147 700
147 754
147 764
147 822
147 833
147 871
147 883
147 964
147 976
148 601
148 671
148 760
148 762
148 801
148 806
148 892
148 913
148 916
148 923
148 966
149 153
149 182
149 349
149 654
149 716
149 729
149 753
149 759
149 850
149 908
149 926
150 165
150 230
150 302
150 725
150 751
150 791
150 807
150 838
150 869
150 875
150 943
151 401
151 664
151 746
151 773
151 797
151 799
151 848
151 886
151 939
151 948
151 959
152 166
152 260
152 429
152 562
152 676
152 774
152 787
152 813
152 870
152 953
153 320
153 349
153 360
153 729
153 819
153 829
153 909
153 934
153 935
153 998
154 744
154 752
154 793
154 815
154 820
154 823
154 852
154 867
154 877
154 890
154 965
155 184
155 290
155 498
155 560
156 641
156 707
156 827
156 872
156 898
156 902
156 911
156 919
156 931
156 940
156 975
157 448
157 455
157 644
157 652
157 718
157 725
157 869
157 885
157 921
158 474
158 559
158 649
158 710
158 737
158 781
158 819
158 859
158 878
158 894
158 909
159 301
159 475
159 482
159 552
159 675
159 705
159 776
159 792
159 839
159 844
159 925
160 244
160 318
160 414
160 519
160 536
160 834
160 865
160 896
160 912
160 956
160 970
161 261
161 319
161 340
161 418
161 647
162 515
162 717
162 750
162 753
162 829
162 854
162 862
162 908
162 926
162 934
162 935
163 539
163 551
163 580
163 622
163 682
163 778
163 812
163 831
163 861
163 945
163 971
164 208
164 433
164 463
164 571
164 628
164 688
164 767
164 796
164 803
164 807
164 869
165 486
165 679
165 743
165 755
165 763
165 783
165 791
165 845
165 921
165 943
166 175
166 260
166 304
166 338
166 562
166 709
166 805
166 946
166 955
166 967
167 375
167 681
167 683
167 719
167 832
167 834
167 858
167 897
167 906
167 920
167 963
168 439
168 542
168 545
168 614
168 665
168 686
168 698
168 843
168 933
168 973
169 434
169 447
169 523
169 547
169 555
169 685
169 734
169 758
169 761
169 972
170 519
170 613
170 678
170 785
170 811
170 834
170 837
170 863
170 864
170 896
170 963
171 360
171 399
171 464
171 556
171 581
171 597
171 716
171 819
171 826
171 878
171 935
172 962
172 978
172 987
172 988
172 989
172 991
172 992
172 993
172 997
172 999
172 1000
173 577
173 598
173 638
173 718
173 725
173 730
173 743
173 755
173 921
173 942
174 193
174 496
174 519
174 541
174 837
174 858
174 863
174 893
174 929
174 970
175 321
175 481
175 565
175 611
175 669
175 774
175 930
175 955
175 961
176 253
176 321
176 366
176 578
176 669
176 709
176 748
176 786
176 787
176 946
176 955
177 444
177 667
177 974
178 430
178 507
178 568
178 759
178 779
178 835
178 857
178 894
178 904
178 915
178 926
179 233
179 305
179 359
179 363
179 380
179 412
179 499
179 656
179 888
179 980
180 254
180 294
180 405
180 513
180 710
180 757
180 770
180 908
180 926
180 934
180 998
181 248
181 395
181 462
181 509
181 591
181 611
181 627
181 772
181 804
181 930
181 955
182 299
182 415
182 607
182 649
182 657
182 716
182 850
182 857
182 878
182 909
183 384
183 601
183 623
183 712
183 714
183 738
183 760
183 825
183 892
183 916
183 966
184 290
184 498
184 560
185 208
185 494
185 620
185 638
185 688
185 796
185 814
185 845
185 942
185 943
185 957
186 384
186 601
186 712
186 760
186 762
186 892
186 913
186 916
186 923
186 966
187 353
187 494
187 527
187 661
187 718
187 771
187 783
187 802
187 807
187 845
187 943
188 501
188 511
188 590
188 610
188 690
188 798
188 917
188 949
188 958
188 977
188 984
189 205
189 296
189 316
189 462
189 500
189 531
189 774
189 870
189 907
189 953
189 961
190 275
190 282
190 305
190 359
190 363
190 380
190 412
190 499
190 656
190 888
190 980
191 194
191 236
191 242
191 259
191 274
191 393
191 470
191 512
191 518
192 623
192 712
192 762
192 768
192 806
192 892
192 913
192 916
192 923
192 966
193 327
193 526
193 574
193 680
193 785
193 858
193 866
193 880
193 896
194 236
194 242
194 259
194 274
194 393
194 470
194 512
194 518
195 397
195 440
195 522
195 561
195 604
195 691
195 742
195 810
195 846
195 901
195 969
196 381
196 385
196 567
196 569
196 612
196 905
197 322
197 325
197 487
197 566
197 646
197 808
197 922
197 941
197 947
197 982
198 575
198 664
198 746
198 773
198 797
198 799
198 848
198 886
198 939
198 948
198 959
199 336
199 423
199 500
199 608
199 660
199 732
199 786
199 813
199 953
199 961
200 384
200 687
200 760
200 762
200 801
200 806
200 892
200 913
200 916
200 923
200 966
201 495
201 562
201 594
201 786
201 794
201 813
201 870
201 946
201 953
201 967
202 217
202 628
202 661
202 771
202 784
202 814
202 838
202 845
202 869
202 921
202 943
203 214
203 389
203 542
203 554
203 596
203 614
203 782
203 874
203 944
203 951
203 973
204 436
204 694
204 700
204 754
204 764
204 822
204 833
204 871
204 883
204 964
204 976
205 478
205 578
205 676
205 709
205 715
205 732
205 813
205 870
205 907
205 930
206 219
206 273
206 309
206 540
206 586
207 339
207 400
207 525
207 910
207 936
208 335
208 353
208 376
208 688
208 727
208 747
208 791
208 807
209 459
209 502
209 702
209 704
209 728
209 853
209 881
209 900
209 928
209 932
209 938
210 639
210 658
210 694
210 754
210 764
210 822
210 833
210 871
210 883
210 964
210 976
211 415
211 581
211 753
211 770
211 781
211 854
211 859
211 878
211 894
211 926
212 467
212 562
212 627
212 651
212 724
212 732
212 794
212 930
212 953
212 955
212 961
213 454
213 526
213 576
213 701
213 739
213 858
213 865
213 879
213 880
213 906
213 912
213 956
214 587
214 614
214 775
214 782
214 843
214 868
214 874
214 914
214 944
214 951
215 287
215 558
215 699
215 766
215 775
215 849
215 868
215 933
215 944
215 951
215 973
216 383
216 521
216 599
216 674
216 711
216 872
216 898
216 902
216 918
216 931
216 940
216 975
217 230
217 256
217 351
217 455
217 527
217 659
217 730
217 743
217 796
217 807
217 921
218 246
218 411
218 460
218 508
218 582
218 620
218 783
218 791
218 814
218 885
218 942
219 273
219 309
219 540
219 586
220 313
220 707
220 800
220 824
220 827
220 872
220 898
220 918
220 919
220 931
220 975
221 433
221 494
221 598
221 642
221 659
221 661
221 725
221 763
221 869
221 921
221 957
222 252
222 371
222 589
222 677
222 759
222 779
222 819
222 850
222 909
222 926
222 935
223 362
223 536
223 613
223 635
223 637
223 719
223 832
223 834
223 863
223 876
223 903
223 954
224 337
224 434
224 438
224 447
224 555
224 585
224 685
224 734
224 758
224 761
224 972
225 409
225 501
225 511
225 590
225 610
225 690
225 798
225 917
225 949
225 958
225 977
225 984
226 312
226 314
226 330
226 422
226 517
226 546
226 553
227 428
227 471
227 505
227 665
227 686
227 849
227 868
227 887
227 973
228 713
228 744
228 752
228 793
228 815
228 820
228 823
228 852
228 867
228 877
228 890
228 965
229 304
229 398
229 531
229 565
229 669
229 787
229 841
229 937
229 967
230 494
230 718
230 727
230 741
230 767
230 921
230 942
230 943
230 957
231 416
231 460
231 463
231 652
231 661
231 663
231 743
231 751
231 763
231 807
231 814
231 921
232 347
232 552
232 584
232 618
232 705
232 776
232 792
232 821
232 844
232 860
232 924
232 925
233 275
233 282
233 305
233 359
233 363
233 380
233 412
233 499
233 656
233 888
233 980
234 640
234 840
235 250
235 396
235 529
235 707
235 711
235 824
235 898
235 902
235 911
235 919
235 931
235 975
236 242
236 259
236 274
236 393
236 470
236 512
236 518
237 329
237 382
237 395
237 578
237 676
237 724
237 786
237 794
237 804
237 805
237 937
237 946
238 429
238 437
238 631
238 660
238 715
238 804
238 907
238 937
238 946
238 953
238 961
239 572
239 735
239 766
239 775
239 782
239 868
239 889
239 895
239 933
239 944
239 951
239 973
240 570
240 658
240 694
240 700
240 754
240 764
240 822
240 833
240 871
240 883
240 964
240 976
241 535
241 618
241 675
241 765
241 776
241 788
241 821
241 839
241 844
241 860
241 924
241 925
242 259
242 274
242 393
242 470
242 512
242 518
243 492
243 524
243 602
243 746
243 773
243 797
243 799
243 848
243 886
243 939
243 948
243 959
244 255
244 279
244 719
244 739
244 832
244 834
244 864
244 866
244 897
244 903
244 920
245 246
245 376
245 416
245 582
245 688
245 725
245 767
245 771
245 802
245 814
245 943
245 957
246 331
246 582
246 620
246 679
246 771
246 803
246 814
246 838
246 875
246 942
247 395
247 565
247 651
247 715
247 748
247 786
247 787
247 841
247 930
247 946
247 953
247 961
248 336
248 478
248 631
248 724
248 769
248 870
248 937
248 946
248 953
248 961
249 414
249 458
249 468
249 473
249 681
249 693
249 740
249 837
249 864
249 876
249 882
249 884
250 674
250 800
250 824
250 898
250 902
250 911
250 918
250 919
250 931
250 940
250 975
251 354
251 574
251 719
251 863
251 865
251 866
251 884
251 899
251 903
251 912
251 954
252 293
252 356
252 649
252 779
252 781
252 826
252 829
252 878
252 909
252 934
252 935
253 379
253 425
253 456
253 462
253 605
253 627
253 870
253 907
253 930
253 961
254 341
254 369
254 430
254 476
254 557
254 736
254 770
254 854
254 856
254 935
255 386
255 414
255 454
255 632
255 672
255 789
255 834
255 866
255 929
255 954
255 963
256 302
256 598
256 644
256 650
256 718
256 730
256 751
256 845
256 875
256 885
256 943
257 276
257 277
257 450
257 564
257 708
257 809
258 431
258 486
258 679
258 718
258 727
258 755
258 763
258 796
258 845
258 957
259 274
259 393
259 470
259 512
259 518
260 336
260 495
260 616
260 676
260 732
260 787
260 870
260 937
260 946
261 319
261 340
261 418
261 647
262 403
262 583
262 666
262 702
262 704
262 728
262 853
262 881
262 900
262 928
262 932
262 938
263 756
263 780
263 828
263 830
263 842
263 960
263 983
263 986
263 990
263 994
263 995
263 996
264 410
264 428
264 686
264 699
264 766
264 775
264 868
264 874
264 889
264 914
264 933
264 944
265 582
265 642
265 644
265 650
265 661
265 767
265 783
265 814
265 869
265 942
265 943
265 957
266 332
266 349
266 356
266 513
266 549
266 559
266 597
266 657
266 716
266 731
266 757
266 935
267 307
267 391
267 621
267 707
267 872
267 898
267 911
267 918
267 919
267 940
267 975
268 424
268 533
268 556
268 625
268 654
268 706
268 710
268 729
268 753
268 891
268 998
269 427
269 526
269 579
269 635
269 719
269 817
269 837
269 876
269 882
269 912
269 963
269 970
270 596
270 600
270 629
270 686
270 749
270 849
270 887
270 889
270 895
270 951
270 973
271 524
271 602
271 664
271 746
271 773
271 797
271 799
271 848
271 886
271 939
271 948
271 959
272 324
272 333
272 337
272 438
272 523
272 547
272 585
272 685
272 758
272 761
272 972
273 309
273 540
273 586
274 393
274 470
274 512
274 518
275 282
275 305
275 359
275 363
275 380
275 412
275 499
275 656
275 888
275 980
276 277
276 450
276 564
276 708
276 809
277 450
277 564
277 708
277 809
278 428
278 439
278 457
278 471
278 596
278 629
278 686
278 698
278 889
278 933
278 944
279 537
279 613
279 693
279 701
279 703
279 864
279 893
279 896
279 899
279 906
279 929
280 589
280 607
280 625
280 716
280 731
280 737
280 753
280 781
280 829
280 859
280 908
280 909
281 301
281 388
281 538
281 618
281 633
281 705
281 788
281 792
281 821
281 844
281 924
281 925
282 305
282 359
282 363
282 380
282 412
282 499
282 656
282 888
282 980
283 950
283 952
283 962
283 978
283 987
283 988
283 989
283 991
283 992
283 993
283 997
283 999
283 1000
284 410
284 550
284 554
284 606
284 614
284 645
284 868
284 874
284 887
284 895
284 944
284 973
285 292
285 367
285 435
285 539
285 580
285 622
285 682
285 778
285 812
285 831
285 861
285 945
285 971
286 310
286 502
286 666
286 702
286 704
286 728
286 853
286 881
286 900
286 928
286 932
286 938
287 471
287 558
287 629
287 699
287 849
287 874
287 889
287 895
287 914
287 933
287 944
287 973
288 510
288 639
288 658
288 694
288 700
288 754
288 764
288 822
288 833
288 871
288 883
288 964
288 976
289 733
289 756
289 780
289 828
289 830
289 842
289 960
289 983
289 986
289 990
289 994
289 995
289 996
290 450
290 498
290 560
291 303
291 304
291 379
291 398
291 423
291 478
291 500
291 592
291 594
291 611
291 715
291 841
291 946
292 435
292 539
292 551
292 580
292 622
292 682
292 778
292 812
292 831
292 861
292 945
292 971
293 294
293 476
293 507
293 544
293 568
293 654
293 717
293 826
293 894
293 934
293 998
294 503
294 737
294 835
294 850
294 854
294 873
294 904
294 909
294 935
294 998
295 342
295 348
295 423
295 481
295 506
295 631
295 676
295 709
295 724
295 774
295 907
295 930
295 967
296 382
296 395
296 437
296 531
296 608
296 627
296 696
296 769
296 805
296 870
296 937
296 961
297 713
297 720
297 744
297 752
297 793
297 815
297 820
297 823
297 852
297 867
297 877
297 890
297 965
298 524
298 575
298 602
298 664
298 746
298 773
298 797
298 799
298 848
298 886
298 939
298 948
298 959
299 332
299 515
299 557
299 677
299 710
299 835
299 847
299 850
299 857
299 909
299 915
299 998
300 733
300 756
300 780
300 828
300 830
300 842
300 960
300 983
300 986
300 990
300 994
300 995
300 996
301 315
301 475
301 633
301 636
301 673
301 776
301 839
301 844
301 860
301 924
301 925
302 331
302 377
302 494
302 571
302 644
302 718
302 802
302 807
302 845
302 921
302 957
303 336
303 342
303 398
303 608
303 709
303 748
303 870
303 946
303 953
303 955
303 961
304 345
304 348
304 495
304 724
304 786
304 787
304 804
304 946
304 953
304 967
305 359
305 363
305 380
305 412
305 499
305 656
305 888
305 980
306 570
306 639
306 658
306 694
306 700
306 754
306 764
306 822
306 833
306 871
306 883
306 964
306 976
307 443
307 621
307 641
307 827
307 872
307 898
307 911
307 918
307 919
307 931
307 940
307 975
308 601
308 671
308 687
308 712
308 762
308 801
308 825
308 892
308 913
308 916
308 923
308 966
309 540
309 586
310 452
310 459
310 666
310 702
310 704
310 728
310 853
310 881
310 900
310 928
310 932
310 938
311 413
311 484
311 601
311 623
311 671
311 687
311 738
311 806
311 825
311 892
311 913
311 923
311 966
312 314
312 330
312 422
312 517
312 546
312 553
313 599
313 827
313 872
313 898
313 902
313 911
313 919
313 931
313 940
313 975
314 330
314 422
314 517
314 546
314 553
315 488
315 520
315 618
315 619
315 636
315 684
315 705
315 788
315 839
315 860
315 924
315 925
316 627
316 631
316 774
316 786
316 804
316 813
316 841
316 937
316 953
316 967
317 397
317 440
317 522
317 561
317 604
317 691
317 742
317 810
317 846
317 901
317 969
318 406
318 427
318 454
318 537
318 668
318 719
318 789
318 858
318 884
318 896
318 906
318 970
319 340
319 418
319 647
320 515
320 677
320 716
320 736
320 750
320 854
320 856
320 859
320 878
320 908
320 926
320 998
321 578
321 594
321 605
321 631
321 660
321 669
321 769
321 804
321 870
321 930
322 325
322 487
322 566
322 646
322 808
322 922
322 941
322 947
322 982
323 344
323 513
323 557
323 559
323 607
323 649
323 706
323 770
323 829
323 857
323 908
323 935
323 998
324 337
324 434
324 438
324 523
324 685
324 734
324 758
324 972
325 487
325 566
325 646
325 808
325 922
325 941
325 947
325 982
326 454
326 637
326 693
326 701
326 739
326 811
326 834
326 866
326 893
326 897
326 906
326 929
327 537
327 681
327 722
327 789
327 865
327 866
327 876
327 879
327 884
327 896
327 929
327 970
328 396
328 674
328 711
328 800
328 824
328 872
328 898
328 902
328 911
328 918
328 919
328 940
328 975
329 336
329 342
329 345
329 366
329 669
329 724
329 748
329 772
329 774
329 937
329 953
329 967
330 422
330 517
330 546
330 553
331 353
331 411
331 638
331 659
331 747
331 763
331 802
331 814
331 869
331 875
331 943
332 341
332 369
332 649
332 710
332 737
332 819
332 856
332 862
332 878
332 894
332 934
333 337
333 447
333 523
333 547
333 585
333 734
333 758
333 761
333 972
334 581
334 654
334 710
334 759
334 779
334 781
334 856
334 857
334 859
334 878
334 904
334 926
334 998
335 571
335 628
335 688
335 725
335 783
335 784
335 803
335 869
335 875
335 885
336 437
336 531
336 578
336 592
336 605
336 786
336 870
336 967
337 438
337 547
337 555
337 734
337 761
337 972
338 429
338 456
338 493
338 594
338 709
338 715
338 772
338 813
338 930
338 937
338 953
338 961
339 400
339 525
339 910
339 936
340 418
340 647
341 430
341 657
341 710
341 716
341 731
341 750
341 757
341 856
341 862
341 894
341 934
342 481
342 565
342 591
342 748
342 787
342 805
342 813
342 907
342 955
342 967
343 503
343 716
343 729
343 736
343 737
343 826
343 835
343 854
343 859
343 904
343 915
343 935
343 998
344 405
344 503
344 515
344 649
344 657
344 729
344 750
344 829
344 847
344 854
344 873
344 894
345 462
345 466
345 500
345 594
345 627
345 732
345 769
345 813
345 907
345 961
346 496
346 668
346 722
346 739
346 789
346 851
346 876
346 899
346 912
346 920
346 956
347 449
347 584
347 619
347 765
347 776
347 792
347 821
347 839
347 844
347 860
347 924
347 925
348 429
348 466
348 481
348 495
348 748
348 772
348 813
348 937
348 953
348 961
348 967
349 544
349 649
349 695
349 759
349 779
349 835
349 878
349 998
350 479
350 550
350 554
350 587
350 617
350 735
350 775
350 782
350 874
350 895
350 914
350 944
350 951
351 460
351 628
351 638
351 650
351 661
351 741
351 763
351 791
351 807
351 838
351 845
351 921
352 428
352 439
352 477
352 606
352 686
352 698
352 735
352 749
352 843
352 874
352 889
352 895
352 973
353 508
353 628
353 650
353 661
353 725
353 763
353 771
353 885
353 942
353 957
354 468
354 472
354 632
354 811
354 865
354 866
354 882
354 897
354 920
354 929
354 970
355 459
355 502
355 583
355 666
355 702
355 704
355 728
355 853
355 881
355 900
355 928
355 932
355 938
356 549
356 589
356 649
356 695
356 835
356 859
356 873
356 904
356 908
356 926
356 935
356 998
357 406
357 407
357 414
357 427
357 432
357 637
357 683
357 701
357 739
357 811
357 879
357 906
357 954
357 956
358 689
358 713
358 720
358 744
358 752
358 793
358 815
358 820
358 823
358 852
358 867
358 877
358 890
358 965
359 363
359 380
359 412
359 499
359 656
359 888
359 980
360 371
360 424
360 464
360 589
360 625
360 706
360 856
360 908
360 909
360 915
360 926
360 998
361 367
361 435
361 539
361 580
361 622
361 682
361 778
361 812
361 831
361 861
361 945
361 971
362 458
362 489
362 635
362 678
362 739
362 837
362 879
362 882
362 897
362 920
362 954
362 963
362 970
363 380
363 412
363 499
363 656
363 888
363 980
364 623
364 712
364 714
364 738
364 760
364 762
364 768
364 806
364 892
364 913
364 916
364 923
364 966
365 723
365 733
365 756
365 780
365 828
365 830
365 842
365 960
365 983
365 986
365 990
365 994
365 995
365 996
366 395
366 456
366 493
366 495
366 578
366 592
366 616
366 870
366 907
366 930
366 961
366 967
367 435
367 551
367 580
367 622
367 682
367 778
367 812
367 831
367 861
367 945
367 971
368 634
368 790
369 559
369 654
369 737
369 779
369 857
369 904
369 908
369 915
369 926
369 934
369 935
369 998
370 375
370 427
370 536
370 576
370 672
370 681
370 683
370 785
370 832
370 882
370 896
370 906
370 970
371 464
371 588
371 654
371 706
371 717
371 753
371 835
371 878
371 908
371 909
371 915
371 934
372 855
372 950
372 952
372 962
372 978
372 987
372 988
372 989
372 991
372 992
372 993
372 997
372 999
372 1000
373 550
373 614
373 629
373 653
373 665
373 698
373 735
373 782
373 868
373 874
373 887
373 889
373 914
373 951
374 510
374 514
374 639
374 658
374 694
374 700
374 754
374 764
374 822
374 833
374 871
374 883
374 964
374 976
375 404
375 473
375 635
375 693
375 817
375 858
375 864
375 876
375 879
375 897
375 920
375 956
376 416
376 718
376 747
376 784
376 796
376 802
376 885
376 942
376 943
376 957
377 411
377 643
377 644
377 659
377 688
377 718
377 751
377 783
377 803
377 807
377 885
377 921
378 389
378 528
378 558
378 606
378 735
378 843
378 849
378 889
378 895
378 914
378 933
378 944
378 951
378 973
379 605
379 651
379 660
379 676
379 805
379 841
379 937
379 946
379 953
379 955
379 967
380 412
380 499
380 656
380 888
380 980
381 385
381 567
381 569
381 612
381 905
382 592
382 608
382 696
382 715
382 772
382 774
382 794
382 804
382 907
382 930
382 955
382 961
383 417
383 521
383 674
383 800
383 898
383 902
383 911
383 918
383 919
383 931
383 940
383 975
384 413
384 484
384 601
384 760
384 801
384 825
384 892
384 913
384 916
384 923
384 966
385 567
385 569
385 612
385 905
386 536
386 648
386 668
386 670
386 681
386 722
386 897
386 903
386 954
386 956
386 963
386 970
387 855
387 950
387 952
387 962
387 978
387 987
387 988
387 989
387 991
387 992
387 993
387 997
387 999
387 1000
388 619
388 673
388 675
388 705
388 765
388 792
388 821
388 839
388 860
388 924
388 925
389 528
389 600
389 665
389 698
389 775
389 843
389 849
389 874
389 887
389 914
389 933
389 973
390 430
390 544
390 589
390 607
390 625
390 759
390 829
390 859
390 891
390 908
390 915
390 926
390 934
390 998
391 396
391 491
391 516
391 707
391 711
391 827
391 872
391 898
391 902
391 918
391 931
391 940
391 975
392 606
392 614
392 629
392 645
392 735
392 775
392 849
392 889
392 895
392 914
392 933
392 944
392 951
392 973
393 470
393 512
393 518
394 492
394 524
394 575
394 602
394 664
394 746
394 773
394 797
394 799
394 848
394 886
394 939
394 948
394 959
395 467
395 748
395 786
395 841
395 870
395 937
395 953
395 955
395 961
396 599
396 674
396 824
396 872
396 898
396 911
396 918
396 919
396 931
396 940
396 975
397 440
397 522
397 561
397 604
397 691
397 742
397 810
397 846
397 901
397 969
398 467
398 493
398 651
398 748
398 774
398 787
398 794
398 870
398 930
398 955
399 559
399 716
399 731
399 826
399 847
399 850
399 856
399 862
399 891
399 904
399 908
399 915
399 998
400 525
400 910
400 936
401 492
401 524
401 602
401 664
401 746
401 773
401 797
401 799
401 848
401 886
401 939
401 948
401 959
402 855
402 950
402 952
402 962
402 978
402 987
402 988
402 989
402 991
402 992
402 993
402 997
402 999
402 1000
403 452
403 530
403 583
403 666
403 702
403 704
403 728
403 853
403 881
403 900
403 928
403 932
403 938
404 468
404 473
404 536
404 635
404 670
404 672
404 785
404 789
404 863
404 865
404 899
404 906
404 920
405 424
405 533
405 589
405 706
405 731
405 829
405 847
405 862
405 894
405 915
405 926
405 935
406 451
406 483
406 613
406 648
406 672
406 789
406 863
406 864
406 912
406 920
406 956
407 451
407 473
407 541
407 563
407 670
407 739
407 876
407 879
407 884
407 906
407 954
407 970
408 442
408 445
408 726
408 745
408 816
408 818
408 927
408 968
408 979
408 981
409 501
409 511
409 590
409 610
409 690
409 798
409 917
409 949
409 958
409 977
409 984
410 471
410 528
410 587
410 617
410 735
410 749
410 782
410 868
410 874
410 951
410 973
411 628
411 638
411 643
411 661
411 679
411 730
411 741
411 802
411 803
411 845
411 957
412 499
412 656
412 888
412 980
413 461
413 671
413 687
413 714
413 768
413 801
413 806
413 825
413 913
413 916
413 923
413 966
414 489
414 635
414 678
414 740
414 785
414 876
414 884
414 899
414 929
414 954
415 556
415 597
415 677
415 695
415 736
415 737
415 770
415 781
415 819
415 873
415 934
415 998
416 455
416 494
416 508
416 577
416 598
416 644
416 767
416 796
416 875
416 885
416 942
416 943
417 490
417 521
417 599
417 711
417 800
417 824
417 827
417 872
417 902
417 918
417 919
417 931
417 940
417 975
418 647
419 451
419 613
419 632
419 648
419 811
419 851
419 858
419 865
419 882
419 896
419 899
419 906
419 929
419 970
420 795
420 855
420 950
420 952
420 962
420 978
420 987
420 988
420 989
420 991
420 992
420 993
420 997
420 999
420 1000
421 697
421 723
421 733
421 756
421 780
421 828
421 830
421 842
421 960
421 983
421 986
421 990
421 994
421 995
421 996
422 517
422 546
422 553
423 429
423 478
423 509
423 531
423 616
423 732
423 774
423 794
423 813
423 930
423 967
424 549
424 588
424 716
424 759
424 862
424 873
424 878
424 909
424 915
424 934
424 935
425 506
425 562
425 591
425 631
425 651
425 732
425 769
425 804
425 841
425 937
425 946
425 953
425 961
425 967
426 795
426 855
426 950
426 952
426 962
426 978
426 987
426 988
426 989
426 991
426 992
426 993
426 997
426 999
426 1000
427 432
427 526
427 789
427 834
427 863
427 864
427 879
427 884
427 893
427 903
427 912
428 479
428 542
428 653
428 749
428 843
428 887
428 914
428 933
428 944
428 973
429 500
429 565
429 660
429 669
429 732
429 805
429 841
429 961
430 597
430 716
430 717
430 731
430 737
430 753
430 835
430 891
430 915
430 926
431 433
431 598
431 620
431 638
431 642
431 659
431 791
431 803
431 869
431 943
432 458
432 472
432 497
432 563
432 721
432 739
432 837
432 858
432 863
432 954
432 970
433 628
433 730
433 741
433 755
433 771
433 783
433 802
433 803
433 845
433 875
433 921
433 943
434 447
434 547
434 555
434 585
434 734
434 758
434 761
434 972
435 539
435 551
435 580
435 622
435 682
435 778
435 812
435 831
435 861
435 945
435 971
436 510
436 514
436 570
436 658
436 694
436 700
436 754
436 764
436 822
436 833
436 871
436 883
436 964
436 976
437 495
437 608
437 611
437 627
437 715
437 724
437 732
437 787
437 804
437 813
437 870
438 523
438 555
438 585
438 685
438 734
438 758
438 761
438 972
439 505
439 542
439 550
439 587
439 699
439 735
439 766
439 868
439 914
439 933
439 944
439 951
440 522
440 561
440 604
440 691
440 742
440 810
440 846
440 901
440 969
441 689
441 692
441 713
441 720
441 744
441 752
441 793
441 815
441 820
441 823
441 852
441 867
441 877
441 890
441 965
442 445
442 726
442 745
442 816
442 818
442 927
442 968
442 979
442 981
443 641
443 711
443 800
443 824
443 827
443 872
443 898
443 902
443 911
443 918
443 919
443 931
443 940
443 975
444 667
444 974
445 726
445 745
445 816
445 818
445 927
445 968
445 979
445 981
446 473
446 496
446 563
446 635
446 648
446 678
446 681
446 693
446 701
446 740
446 811
446 837
446 903
446 906
446 954
447 555
447 585
447 734
447 758
447 761
447 972
448 508
448 577
448 595
448 638
448 643
448 644
448 652
448 718
448 741
448 743
448 755
448 802
448 803
448 942
449 480
449 520
449 535
449 584
449 655
449 673
449 765
449 776
449 788
449 821
449 844
449 924
449 925
450 564
450 708
450 809
451 473
451 536
451 680
451 681
451 701
451 832
451 866
451 879
451 897
451 903
451 929
451 963
452 502
452 583
452 666
452 702
452 704
452 728
452 853
452 881
452 900
452 928
452 932
452 938
453 795
453 855
453 950
453 952
453 962
453 978
453 987
453 988
453 989
453 991
453 992
453 993
453 997
453 999
453 1000
454 637
454 678
454 721
454 832
454 834
454 864
454 879
454 897
454 899
454 906
454 920
455 598
455 642
455 659
455 663
455 679
455 725
455 727
455 784
455 807
455 942
456 467
456 500
456 562
456 565
456 578
456 594
456 696
456 870
456 907
456 930
456 955
457 505
457 550
457 596
457 645
457 698
457 699
457 749
457 766
457 849
457 914
457 933
457 951
458 483
458 681
458 703
458 811
458 834
458 866
458 882
458 897
458 929
458 954
458 970
459 530
459 583
459 666
459 702
459 704
459 728
459 853
459 881
459 900
459 928
459 932
459 938
460 598
460 663
460 751
460 771
460 783
460 784
460 791
460 796
460 942
460 957
461 484
461 548
461 601
461 671
461 712
461 738
461 762
461 768
461 801
461 825
461 892
461 916
461 923
461 966
462 531
462 676
462 748
462 769
462 772
462 907
462 937
462 946
462 953
462 961
463 494
463 643
463 718
463 725
463 747
463 771
463 784
463 802
463 807
463 838
463 943
463 957
464 581
464 597
464 657
464 717
464 759
464 770
464 779
464 847
464 857
464 891
464 998
465 492
465 524
465 575
465 602
465 664
465 746
465 773
465 797
465 799
465 848
465 886
465 939
465 948
465 959
466 578
466 594
466 605
466 608
466 724
466 732
466 870
466 907
466 953
466 955
466 961
466 967
467 591
467 732
467 786
467 787
467 794
467 804
467 805
467 841
467 946
467 953
467 961
468 489
468 635
468 719
468 740
468 789
468 858
468 865
468 906
468 920
468 929
468 963
468 970
469 497
469 574
469 648
469 678
469 719
469 785
469 811
469 817
469 863
469 865
469 882
469 896
469 899
469 956
469 963
470 512
470 518
471 550
471 558
471 596
471 629
471 749
471 775
471 843
471 887
471 944
471 951
471 973
472 489
472 497
472 519
472 670
472 680
472 785
472 834
472 837
472 863
472 866
472 882
472 929
472 956
472 970
473 536
473 541
473 648
473 678
473 693
473 722
473 858
473 899
473 956
473 970
474 695
474 717
474 729
474 731
474 779
474 826
474 835
474 847
474 854
474 894
474 909
474 926
474 934
474 998
475 520
475 633
475 673
475 675
475 705
475 776
475 788
475 792
475 844
475 860
475 924
475 925
476 533
476 731
476 736
476 750
476 753
476 779
476 847
476 854
476 859
476 873
476 891
476 904
476 909
476 998
477 479
477 550
477 587
477 645
477 653
477 766
477 775
477 782
477 849
477 874
477 889
477 914
477 944
477 951
477 973
478 605
478 651
478 696
478 772
478 786
478 794
478 805
478 813
478 937
478 946
479 600
479 617
479 766
479 843
479 849
479 887
479 889
479 895
479 914
479 933
479 944
479 951
479 973
480 482
480 520
480 538
480 633
480 636
480 675
480 684
480 705
480 765
480 788
480 839
480 844
480 860
480 924
480 925
481 591
481 611
481 651
481 660
481 709
481 769
481 804
481 930
481 937
481 946
481 955
481 967
482 532
482 535
482 538
482 584
482 655
482 684
482 765
482 788
482 792
482 821
482 839
482 844
482 924
482 925
483 543
483 635
483 637
483 670
483 672
483 817
483 832
483 851
483 858
483 880
483 884
483 929
483 963
483 970
484 601
484 687
484 760
484 801
484 806
484 825
484 892
484 913
484 916
484 923
484 966
485 603
485 689
485 692
485 713
485 720
485 744
485 752
485 793
485 815
485 820
485 823
485 852
485 867
485 877
485 890
485 965
486 494
486 595
486 628
486 661
486 743
486 763
486 767
486 771
486 803
486 838
486 869
486 875
486 921
486 942
487 566
487 646
487 808
487 922
487 941
487 947
487 982
488 520
488 535
488 619
488 655
488 675
488 684
488 705
488 765
488 821
488 839
488 844
488 924
488 925
489 497
489 563
489 668
489 701
489 740
489 785
489 834
489 865
489 906
489 912
489 956
490 491
490 516
490 529
490 641
490 827
490 872
490 898
490 902
490 911
490 918
490 919
490 931
490 940
490 975
491 521
491 599
491 641
491 711
491 800
491 827
491 872
491 898
491 911
491 919
491 931
491 940
491 975
492 575
492 602
492 664
492 746
492 773
492 797
492 799
492 848
492 886
492 939
492 948
492 959
493 500
493 565
493 669
493 709
493 724
493 748
493 769
493 787
493 907
493 946
493 953
493 955
493 961
494 571
494 643
494 688
494 727
494 730
494 743
494 796
495 592
495 715
495 724
495 772
495 786
495 787
495 841
495 937
495 953
496 541
496 632
496 670
496 701
496 721
496 785
496 811
496 832
496 863
496 865
496 920
497 537
497 672
497 785
497 789
497 834
497 876
497 893
497 899
497 906
497 920
497 963
497 970
498 560
499 656
499 888
499 980
500 562
500 591
500 616
500 696
500 732
500 774
500 937
500 955
500 961
501 511
501 590
501 610
501 690
501 798
501 917
501 949
501 958
501 977
501 984
502 530
502 583
502 666
502 702
502 704
502 728
502 853
502 881
502 900
502 928
502 932
502 938
503 557
503 657
503 729
503 779
503 819
503 847
503 850
503 859
503 894
503 904
503 909
503 935
503 998
504 777
504 795
504 855
504 950
504 952
504 962
504 978
504 987
504 988
504 989
504 991
504 992
504 993
504 997
504 999
504 1000
505 587
505 645
505 699
505 749
505 766
505 775
505 849
505 889
505 895
505 914
505 933
505 951
506 509
506 562
506 605
506 651
506 676
506 769
506 774
506 804
506 841
506 930
506 946
506 953
506 955
507 534
507 557
507 568
507 654
507 695
507 729
507 753
507 759
507 826
507 854
507 857
507 859
507 873
508 644
508 652
508 659
508 663
508 727
508 767
508 814
508 838
508 875
508 921
508 942
508 943
509 578
509 592
509 696
509 715
509 732
509 772
509 786
509 787
509 841
509 937
509 961
509 967
510 514
510 639
510 658
510 694
510 700
510 754
510 764
510 822
510 833
510 871
510 883
510 964
510 976
511 590
511 610
511 690
511 798
511 917
511 949
511 958
511 977
511 984
512 518
513 515
513 549
513 581
513 654
513 737
513 750
513 759
513 856
513 862
513 894
513 904
513 915
513 934
514 570
514 639
514 658
514 694
514 700
514 754
514 764
514 822
514 833
514 871
514 883
514 964
514 976
515 717
515 731
515 847
515 850
515 856
515 859
515 873
515 878
515 894
515 935
516 521
516 621
516 674
516 800
516 824
516 827
516 872
516 898
516 902
516 911
516 918
516 931
516 940
516 975
517 546
517 553
519 648
519 672
519 678
519 722
519 851
519 880
519 896
519 897
519 906
519 929
519 963
520 535
520 619
520 633
520 684
520 765
520 776
520 821
520 839
520 844
520 860
520 924
520 925
521 529
521 599
521 800
521 824
521 827
521 898
521 902
521 911
521 918
521 919
521 931
521 975
522 561
522 604
522 691
522 742
522 810
522 846
522 901
522 969
523 547
523 555
523 585
523 685
523 734
523 758
523 761
523 972
524 575
524 602
524 746
524 773
524 797
524 799
524 848
524 886
524 939
524 948
524 959
525 910
525 936
526 579
526 670
526 693
526 719
526 740
526 858
526 876
526 880
526 884
526 896
526 954
526 963
527 577
527 582
527 595
527 620
527 638
527 652
527 727
527 730
527 741
527 747
527 751
527 838
527 957
528 596
528 699
528 775
528 782
528 849
528 868
528 874
528 895
528 944
528 951
528 973
529 674
529 711
529 800
529 824
529 827
529 872
529 898
529 902
529 911
529 918
529 919
529 931
529 940
529 975
530 583
530 666
530 702
530 704
530 728
530 853
530 881
530 900
530 928
530 932
530 938
531 562
531 608
531 611
531 627
531 676
531 769
531 870
531 907
531 930
531 937
531 961
532 535
532 538
532 552
532 619
532 655
532 684
532 705
532 765
532 776
532 788
532 792
532 821
532 839
532 844
532 924
532 925
533 534
533 588
533 657
533 695
533 716
533 770
533 781
533 829
533 873
533 891
533 908
533 935
533 998
534 556
534 581
534 589
534 717
534 750
534 770
534 829
534 847
534 859
534 862
534 904
534 908
534 915
534 998
535 633
535 655
535 684
535 776
535 821
535 844
535 860
535 924
535 925
536 537
536 561
536 680
536 864
536 865
536 880
536 893
536 903
536 956
536 970
537 785
537 817
537 834
537 864
537 865
537 884
537 896
537 899
537 920
537 929
537 956
538 552
538 633
538 636
538 673
538 675
538 705
538 776
538 821
538 839
538 844
538 860
538 924
538 925
539 551
539 580
539 622
539 682
539 778
539 812
539 831
539 861
539 945
539 971
540 586
541 543
541 574
541 670
541 672
541 719
541 721
541 811
541 866
541 880
541 882
541 899
541 906
541 956
542 606
542 614
542 617
542 629
542 645
542 653
542 665
542 686
542 843
542 874
542 887
542 951
543 613
543 632
543 721
543 740
543 851
543 864
543 865
543 879
543 882
543 884
543 903
543 929
543 956
543 963
544 625
544 649
544 654
544 677
544 695
544 736
544 779
544 829
544 850
544 856
544 878
544 915
545 550
545 554
545 572
545 600
545 614
545 698
545 749
545 775
545 843
545 868
545 887
545 914
545 933
545 944
545 951
546 553
547 585
547 685
547 734
547 758
547 761
547 972
548 623
548 671
548 687
548 712
548 714
548 738
548 760
548 762
548 801
548 825
548 892
548 913
548 916
548 923
548 966
549 556
549 657
549 729
549 753
549 779
549 835
549 854
549 859
549 873
549 878
549 908
549 935
550 596
550 665
550 749
550 766
550 782
550 849
550 944
550 951
550 973
551 580
551 622
551 682
551 778
551 812
551 831
551 861
551 945
551 971
552 636
552 655
552 675
552 684
552 705
552 765
552 788
552 792
552 844
552 860
552 924
554 558
554 587
554 614
554 617
554 749
554 782
554 849
554 868
554 895
554 914
554 944
554 951
555 685
555 734
555 758
555 761
555 972
556 581
556 625
556 695
556 717
556 757
556 826
556 850
556 857
556 894
556 926
556 935
556 998
557 559
557 625
557 657
557 736
557 829
557 835
557 847
557 854
557 856
557 873
557 998
558 629
558 653
558 698
558 766
558 775
558 782
558 849
558 868
558 874
558 887
558 933
558 951
558 973
559 717
559 736
559 753
559 757
559 759
559 781
559 819
559 835
559 847
559 862
559 891
559 894
561 604
561 691
561 742
561 810
561 846
561 901
561 969
562 565
562 616
562 627
562 772
562 774
562 907
562 930
562 955
562 967
563 670
563 719
563 722
563 785
563 811
563 834
563 851
563 858
563 879
563 893
563 896
563 903
563 920
564 708
564 809
565 627
565 696
565 732
565 813
565 930
565 946
565 953
565 955
565 967
566 646
566 808
566 922
566 941
566 947
566 982
567 569
567 612
567 905
568 588
568 597
568 657
568 677
568 737
568 750
568 779
568 854
568 857
568 862
568 904
568 909
568 934
568 998
569 612
569 905
570 639
570 658
570 694
570 700
570 754
570 764
570 822
570 833
570 871
570 883
570 964
570 976
571 595
571 620
571 650
571 679
571 741
571 743
571 763
571 783
571 807
571 838
571 869
571 885
571 921
571 957
572 606
572 645
572 665
572 686
572 766
572 775
572 843
572 849
572 868
572 889
572 895
572 933
572 944
572 951
573 603
573 615
573 689
573 692
573 713
573 720
573 744
573 752
573 793
573 815
573 820
573 823
573 852
573 867
573 877
573 890
573 965
574 576
574 579
574 648
574 832
574 866
574 879
574 880
574 884
574 897
574 899
574 906
574 954
574 956
575 602
575 664
575 746
575 773
575 797
575 799
575 848
575 886
575 939
575 948
575 959
576 637
576 680
576 681
576 701
576 789
576 811
576 837
576 858
576 879
576 882
576 884
576 893
576 899
576 903
576 956
577 659
577 663
577 743
577 751
577 755
577 767
577 784
577 791
577 803
577 807
577 942
578 605
578 696
578 724
578 732
578 772
578 794
578 804
578 967
579 635
579 701
579 703
579 739
579 817
579 858
579 866
579 879
579 880
579 884
579 903
579 906
579 954
579 963
579 970
580 622
580 682
580 778
580 812
580 831
580 861
580 945
580 971
581 654
581 677
581 731
581 779
581 819
581 829
581 857
581 904
581 915
581 935
582 595
582 620
582 628
582 638
582 644
582 650
582 661
582 784
582 803
582 875
582 885
583 666
583 704
583 728
583 853
583 881
583 900
583 928
583 932
583 938
584 633
584 636
584 655
584 673
584 675
584 705
584 765
584 776
584 788
584 821
584 839
584 924
584 925
585 685
585 734
585 758
585 761
585 972
587 614
587 665
587 686
587 749
587 766
587 874
587 889
587 933
587 944
587 951
587 973
588 589
588 597
588 607
588 625
588 677
588 770
588 781
588 835
588 857
588 878
588 891
588 904
588 935
588 998
589 731
589 750
589 819
589 826
589 859
589 873
589 878
589 894
589 909
589 998
590 610
590 690
590 798
590 917
590 949
590 958
590 977
590 984
591 631
591 651
591 660
591 709
591 732
591 787
591 804
591 805
591 813
591 841
591 946
591 955
591 967
592 611
592 660
592 669
592 715
592 748
592 786
592 787
592 794
592 805
592 870
592 937
592 946
592 955
593 624
593 630
593 662
593 697
593 723
593 733
593 756
593 780
593 828
593 830
593 842
593 960
593 983
593 986
593 990
593 994
593 995
593 996
594 631
594 669
594 696
594 709
594 772
594 786
594 794
594 804
594 805
594 946
594 953
595 638
595 718
595 741
595 747
595 763
595 767
595 791
595 802
595 942
595 943
595 957
596 600
596 698
596 699
596 775
596 843
596 868
596 874
596 889
596 895
596 914
596 944
597 649
597 695
597 706
597 710
597 781
597 819
597 894
597 908
597 909
597 934
597 998
598 642
598 663
598 688
598 718
598 727
598 741
598 771
598 814
598 942
599 641
599 707
599 824
599 872
599 898
599 902
599 911
599 918
599 919
599 931
599 940
599 975
600 606
600 629
600 665
600 699
600 735
600 849
600 868
600 874
600 895
600 914
600 944
600 973
601 671
601 687
601 714
601 762
601 768
601 801
601 806
601 892
601 913
601 916
601 966
602 664
602 746
602 773
602 797
602 799
602 848
602 886
602 939
602 948
602 959
603 615
603 689
603 692
603 713
603 720
603 744
603 752
603 793
603 815
603 820
603 823
603 852
603 867
603 877
603 890
603 965
604 691
604 742
604 810
604 846
604 901
604 969
605 769
605 772
605 794
605 804
605 841
605 907
605 930
605 946
605 955
606 735
606 749
606 775
606 782
606 843
606 868
606 887
606 889
606 914
606 933
606 944
607 654
607 695
607 731
607 759
607 779
607 826
607 835
607 873
607 878
607 894
607 908
607 926
607 934
608 616
608 631
608 696
608 772
608 804
608 870
608 907
608 930
608 937
608 946
608 955
608 967
609 626
609 777
609 795
609 855
609 950
609 952
609 962
609 978
609 987
609 988
609 989
609 991
609 992
609 993
609 997
609 999
609 1000
610 690
610 798
610 917
610 949
610 958
610 977
610 984
611 651
611 669
611 715
611 772
611 774
611 786
611 907
611 930
611 937
611 946
611 953
612 905
613 672
613 678
613 683
613 864
613 866
613 879
613 884
613 906
613 912
613 920
613 929
613 963
613 970
614 617
614 645
614 735
614 766
614 868
614 887
614 889
614 895
614 944
615 689
615 692
615 713
615 720
615 744
615 752
615 793
615 815
615 820
615 823
615 852
615 867
615 877
615 890
615 965
616 660
616 669
616 696
616 732
616 774
616 804
616 805
616 813
616 841
616 937
616 953
616 967
617 629
617 653
617 665
617 699
617 775
617 874
617 889
617 895
617 914
617 944
617 951
617 973
618 619
618 636
618 655
618 705
618 776
618 788
618 792
618 821
618 839
618 844
618 860
618 924
618 925
619 636
619 655
619 675
619 684
619 705
619 788
619 792
619 821
619 839
619 844
619 924
619 925
620 652
620 659
620 679
620 727
620 783
620 838
620 875
620 942
620 957
621 641
621 674
621 707
621 711
621 800
621 824
621 827
621 911
621 918
621 919
621 931
621 940
621 975
622 682
622 778
622 812
622 831
622 861
622 945
622 971
623 687
623 712
623 738
623 760
623 762
623 768
623 801
623 825
623 892
623 913
623 916
623 923
623 966
624 630
624 662
624 697
624 723
624 733
624 756
624 780
624 828
624 830
624 842
624 960
624 983
624 986
624 990
624 994
624 995
624 996
625 649
625 677
625 710
625 729
625 770
625 819
625 847
625 854
625 894
625 908
625 935
625 998
626 777
626 795
626 855
626 950
626 952
626 962
626 978
626 987
626 988
626 989
626 991
626 992
626 993
626 997
626 999
626 1000
627 660
627 724
627 772
627 804
627 907
627 946
627 953
627 955
627 961
628 642
628 644
628 650
628 688
628 727
628 730
628 743
628 875
628 942
628 943
628 957
629 698
629 749
629 782
629 843
629 849
629 887
629 889
629 895
629 933
630 662
630 697
630 723
630 733
630 756
630 780
630 828
630 830
630 842
630 960
630 983
630 986
630 990
630 994
630 995
630 996
631 669
631 696
631 709
631 772
631 786
631 813
631 907
631 946
631 953
631 955
632 681
632 817
632 851
632 864
632 865
632 866
632 876
632 893
632 897
632 906
632 920
632 929
632 956
632 970
633 636
633 675
633 684
633 705
633 765
633 776
633 788
633 821
633 839
633 924
633 925
634 790
635 739
635 817
635 851
635 858
635 865
635 880
635 882
635 903
635 929
635 956
636 655
636 675
636 684
636 788
636 821
636 839
636 844
636 860
636 924
636 925
637 668
637 683
637 722
637 739
637 832
637 837
637 851
637 866
637 882
637 899
637 906
637 912
637 954
638 663
638 747
638 767
638 838
638 845
638 943
638 957
639 658
639 694
639 700
639 754
639 764
639 822
639 833
639 871
639 883
639 964
639 976
640 840
641 707
641 800
641 824
641 827
641 872
641 902
641 911
641 918
641 919
641 931
641 940
641 975
642 643
642 659
642 663
642 730
642 767
642 783
642 784
642 814
642 845
642 885
642 943
642 957
643 644
643 661
643 679
643 688
643 755
643 771
643 803
643 869
643 942
643 943
644 650
644 743
644 747
644 755
644 802
644 869
644 942
645 653
645 665
645 698
645 699
645 749
645 843
645 849
645 868
645 874
645 887
645 944
646 808
646 922
646 941
646 947
646 982
648 672
648 785
648 817
648 834
648 858
648 863
648 865
648 876
648 903
648 912
648 954
648 963
649 710
649 717
649 729
649 750
649 770
649 781
649 862
649 926
649 934
649 998
650 663
650 743
650 747
650 751
650 763
650 771
650 783
650 784
650 838
650 921
650 943
651 660
651 676
651 709
651 748
651 769
651 794
651 805
651 907
651 930
651 953
651 955
652 659
652 679
652 718
652 730
652 743
652 751
652 767
652 771
652 783
652 784
652 791
652 838
652 875
652 921
653 665
653 686
653 699
653 735
653 843
653 868
653 895
653 914
653 933
653 951
653 973
654 716
654 750
654 759
654 779
654 826
654 829
654 862
654 904
654 915
654 934
655 673
655 684
655 765
655 776
655 792
655 821
655 839
655 844
655 860
655 924
656 888
656 980
657 677
657 710
657 736
657 770
657 850
657 854
657 856
657 857
657 878
657 935
658 694
658 700
658 754
658 764
658 822
658 833
658 871
658 883
658 964
658 976
659 688
659 718
659 741
659 743
659 755
659 807
659 875
659 943
659 957
660 676
660 709
660 805
660 841
660 937
660 946
660 953
660 955
661 688
661 725
661 730
661 763
661 767
661 802
661 803
661 845
661 885
662 697
662 723
662 733
662 756
662 780
662 828
662 830
662 842
662 960
662 983
662 986
662 990
662 994
662 995
662 996
663 688
663 743
663 763
663 771
663 802
663 807
663 838
663 845
663 869
663 885
663 921
664 746
664 773
664 797
664 799
664 848
664 886
664 939
664 948
664 959
665 749
665 766
665 843
665 849
665 868
665 874
665 889
665 933
666 702
666 704
666 728
666 853
666 881
666 900
666 928
666 932
666 938
667 974
668 670
668 722
668 739
668 817
668 865
668 882
668 884
668 897
668 920
668 929
668 954
668 956
668 963
669 732
669 841
669 870
669 930
669 937
669 953
669 967
670 680
670 740
670 789
670 811
670 832
670 851
670 858
670 866
670 876
670 893
670 920
671 714
671 738
671 762
671 768
671 801
671 806
671 825
671 892
671 913
671 916
671 923
671 966
672 703
672 721
672 722
672 817
672 851
672 884
672 899
672 903
672 912
672 970
673 675
673 684
673 705
673 776
673 788
673 821
673 839
673 844
673 860
673 924
673 925
674 707
674 711
674 824
674 827
674 872
674 898
674 911
674 918
674 919
674 931
674 940
674 975
675 705
675 765
675 776
675 788
675 792
675 860
675 924
676 732
676 772
676 794
676 805
676 907
676 946
676 955
676 961
676 967
677 710
677 757
677 759
677 835
677 854
677 856
677 873
677 891
677 908
677 909
678 680
678 683
678 834
678 837
678 876
678 896
678 897
678 899
678 929
678 956
678 963
679 688
679 763
679 767
679 791
679 802
679 803
679 807
679 845
679 869
679 957
680 789
680 811
680 817
680 851
680 865
680 880
680 882
680 893
680 903
680 912
680 920
680 929
680 954
680 970
681 683
681 739
681 740
681 858
681 880
681 896
681 897
681 920
681 954
681 963
682 778
682 812
682 831
682 861
682 945
682 971
683 703
683 719
683 832
683 834
683 851
683 858
683 882
683 899
683 912
683 920
683 954
683 956
683 963
683 970
684 765
684 788
684 792
684 821
684 839
684 860
684 924
684 925
685 734
685 758
685 761
685 972
686 698
686 699
686 843
686 868
686 874
686 887
686 889
686 895
686 914
686 944
686 951
686 973
687 712
687 760
687 768
687 801
687 806
687 825
687 892
687 913
687 916
687 923
687 966
688 747
688 755
688 767
688 838
688 942
688 957
689 692
689 713
689 720
689 744
689 752
689 793
689 815
689 820
689 823
689 852
689 867
689 877
689 890
689 965
690 798
690 917
690 949
690 958
690 977
690 984
691 742
691 810
691 846
691 901
691 969
692 713
692 720
692 744
692 752
692 793
692 815
692 820
692 823
692 852
692 867
692 877
692 890
692 965
693 721
693 740
693 817
693 832
693 834
693 851
693 865
693 866
693 879
693 893
693 897
693 929
693 954
693 970
694 700
694 754
694 764
694 822
694 833
694 871
694 883
694 964
694 976
695 710
695 819
695 826
695 829
695 835
695 873
695 891
695 904
695 908
695 915
696 709
696 724
696 769
696 774
696 804
696 813
696 907
696 955
696 961
697 723
697 733
697 756
697 780
697 828
697 830
697 842
697 960
697 983
697 986
697 990
697 994
697 995
697 996
698 699
698 735
698 849
698 874
698 889
698 914
698 933
698 951
698 973
699 749
699 766
699 775
699 782
699 874
699 887
699 933
699 973
700 754
700 764
700 822
700 833
700 871
700 883
700 964
700 976
701 785
701 789
701 811
701 863
701 864
701 876
701 882
701 893
701 896
701 954
701 956
701 963
702 704
702 728
702 853
702 881
702 900
702 928
702 932
702 938
703 721
703 740
703 811
703 817
703 834
703 863
703 876
703 880
703 893
703 899
703 903
703 906
703 912
703 920
703 954
703 956
703 970
704 853
704 881
704 900
704 928
704 932
704 938
705 788
705 792
705 839
705 844
705 925
706 737
706 753
706 759
706 781
706 829
706 850
706 862
706 878
706 891
706 915
706 926
706 934
706 935
706 998
707 800
707 824
707 827
707 872
707 898
707 902
707 911
707 918
707 919
707 931
707 940
707 975
708 809
709 724
709 732
709 774
709 930
709 937
709 955
709 961
710 717
710 753
710 856
710 857
710 862
710 909
710 926
710 934
711 800
711 827
711 872
711 902
711 911
711 918
711 919
711 931
711 940
711 975
712 714
712 738
712 760
712 768
712 801
712 806
712 825
712 892
712 913
712 916
712 923
712 966
713 720
713 744
713 752
713 793
713 815
713 820
713 823
713 852
713 867
713 877
713 890
713 965
714 738
714 760
714 762
714 768
714 801
714 806
714 825
714 892
714 913
714 916
714 923
714 966
715 732
715 786
715 787
715 794
715 841
715 907
715 937
715 953
715 955
715 961
715 967
716 729
716 759
716 826
716 850
716 859
716 862
716 878
716 926
717 729
717 781
717 829
717 835
717 850
717 854
717 862
717 891
717 894
717 934
718 727
718 730
718 771
718 869
718 885
718 921
718 942
719 785
719 789
719 837
719 863
719 864
719 879
719 880
719 912
719 954
719 956
719 963
720 744
720 752
720 793
720 815
720 820
720 823
720 852
720 867
720 877
720 890
720 965
721 722
721 739
721 817
721 832
721 834
721 858
721 863
721 866
721 880
721 884
721 893
721 899
721 929
721 963
722 817
722 832
722 851
722 864
722 880
722 893
722 899
722 903
722 906
722 929
722 954
723 733
723 756
723 780
723 828
723 830
723 842
723 960
723 983
723 986
723 990
723 994
723 995
723 996
724 769
724 774
724 786
724 787
724 805
724 813
724 930
724 953
724 967
725 727
725 751
725 755
725 767
725 771
725 784
725 803
725 838
725 845
725 869
725 942
725 943
725 957
726 745
726 816
726 818
726 927
726 968
726 979
726 981
727 747
727 751
727 755
727 796
727 803
727 885
727 921
727 942
727 943
728 853
728 881
728 900
728 928
728 932
728 938
729 757
729 759
729 781
729 835
729 847
729 854
729 873
729 878
729 894
729 935
730 755
730 869
730 875
730 921
730 942
730 957
731 736
731 737
731 770
731 826
731 850
731 857
731 859
731 891
731 894
731 904
731 935
732 907
732 930
733 756
733 780
733 828
733 830
733 842
733 960
733 983
733 986
733 990
733 994
733 995
733 996
734 758
734 761
734 972
735 782
735 843
735 849
735 887
735 889
735 933
735 944
735 951
735 973
736 757
736 759
736 826
736 829
736 847
736 850
736 873
736 878
736 904
736 926
736 934
736 935
736 998
737 757
737 829
737 847
737 854
737 857
737 862
737 904
737 909
737 926
737 935
737 998
738 760
738 762
738 768
738 801
738 806
738 825
738 892
738 913
738 916
738 923
738 966
739 837
739 851
739 863
739 864
739 876
739 879
739 906
739 929
740 785
740 832
740 865
740 866
740 876
740 880
740 897
740 912
740 920
740 929
740 954
740 963
740 970
741 771
741 783
741 802
741 814
741 838
741 845
741 875
741 921
741 942
741 943
742 810
742 846
742 901
742 969
743 747
743 755
743 784
743 796
743 814
743 869
743 875
743 943
743 957
744 752
744 793
744 815
744 820
744 823
744 852
744 867
744 877
744 890
744 965
745 816
745 818
745 927
745 968
745 979
745 981
746 773
746 797
746 799
746 848
746 886
746 939
746 948
746 959
747 751
747 796
747 802
747 803
747 814
747 838
747 845
747 869
747 875
747 885
747 921
747 943
748 787
748 794
748 804
748 813
748 841
748 907
748 937
748 946
748 961
748 967
749 849
749 874
749 889
749 914
749 933
749 951
749 973
750 753
750 819
750 847
750 856
750 857
750 862
750 873
750 878
750 891
750 909
750 926
750 998
751 755
751 784
751 802
751 807
751 814
751 875
751 942
751 943
751 957
752 793
752 815
752 820
752 823
752 852
752 867
752 877
752 890
752 965
753 770
753 779
753 781
753 854
753 873
753 878
753 891
753 915
753 934
753 935
753 998
754 764
754 822
754 833
754 871
754 883
754 964
754 976
755 784
755 838
755 869
755 875
755 921
755 943
756 780
756 828
756 830
756 842
756 960
756 983
756 986
756 990
756 994
756 995
756 996
757 770
757 819
757 826
757 835
757 847
757 859
757 862
757 891
757 894
757 904
757 909
757 915
757 926
757 934
757 935
758 761
758 972
759 819
759 826
759 862
759 891
759 904
759 908
759 915
760 762
760 806
760 825
760 892
760 913
760 916
760 923
760 966
761 972
762 801
762 806
762 825
762 892
762 913
762 916
762 923
762 966
763 783
763 796
763 838
763 885
763 921
763 942
763 957
764 822
764 833
764 871
764 883
764 964
764 976
765 776
765 792
765 821
765 839
765 860
765 924
765 925
766 775
766 843
766 887
766 889
766 895
766 914
766 933
766 951
766 973
767 784
767 838
767 869
767 875
767 921
767 942
767 943
768 801
768 806
768 825
768 892
768 913
768 916
768 923
768 966
769 794
769 804
769 805
769 870
769 946
769 955
769 961
769 967
770 819
770 826
770 835
770 854
770 857
770 904
770 908
770 926
771 783
771 796
771 802
771 845
771 875
771 885
772 774
772 794
772 804
772 930
772 953
772 961
772 967
773 797
773 799
773 848
773 886
773 939
773 948
773 959
774 787
774 794
774 841
774 930
774 953
774 967
775 782
775 843
775 868
775 874
775 887
775 914
775 951
776 788
776 792
776 821
776 839
776 844
776 860
776 925
777 795
777 855
777 950
777 952
777 962
777 978
777 987
777 988
777 989
777 991
777 992
777 993
777 997
777 999
777 1000
778 812
778 831
778 861
778 945
778 971
779 819
779 847
779 857
779 862
779 891
779 894
779 908
779 926
779 934
780 828
780 830
780 842
780 960
780 983
780 986
780 990
780 994
780 995
780 996
781 826
781 857
781 859
781 862
781 873
781 891
781 904
781 908
781 926
781 934
781 998
782 843
782 849
782 868
782 887
782 889
782 914
782 973
783 784
783 803
783 814
783 885
783 942
783 943
783 957
784 796
784 807
784 845
784 869
784 921
784 957
785 837
785 863
785 865
785 880
785 884
785 912
785 963
785 970
786 870
786 953
786 955
786 961
786 967
787 805
787 841
787 870
787 955
787 967
788 792
788 821
788 839
788 860
788 924
788 925
789 851
789 863
789 866
789 882
789 884
789 897
789 906
789 912
789 956
789 963
791 807
791 814
791 838
791 845
791 875
791 885
791 942
791 943
791 957
792 844
792 860
792 924
792 925
793 815
793 820
793 823
793 852
793 867
793 877
793 890
793 965
794 805
794 813
794 907
794 937
794 955
794 961
795 855
795 950
795 952
795 962
795 978
795 987
795 988
795 989
795 991
795 992
795 993
795 997
795 999
795 1000
796 802
796 814
796 838
796 845
796 869
796 875
796 885
796 942
796 943
796 957
797 799
797 848
797 886
797 939
797 948
797 959
798 917
798 949
798 958
798 977
798 984
799 848
799 886
799 939
799 948
799 959
800 824
800 827
800 872
800 898
800 902
800 911
800 918
800 919
800 931
800 940
800 975
801 806
801 892
801 913
801 916
801 923
801 966
802 803
802 869
802 942
802 957
803 845
803 885
803 921
803 942
803 943
803 957
804 805
804 937
804 955
804 961
805 813
805 930
805 937
805 953
805 967
806 825
806 892
806 913
806 923
806 966
807 869
807 875
807 885
807 957
808 922
808 941
808 947
808 982
810 846
810 901
810 969
811 832
811 865
811 882
811 893
811 896
811 903
811 920
811 929
811 954
811 963
812 831
812 861
812 945
812 971
813 841
813 907
813 930
813 946
813 955
813 967
814 838
814 845
814 885
814 943
814 957
815 820
815 823
815 852
815 867
815 877
815 890
815 965
816 818
816 927
816 968
816 979
816 981
817 863
817 879
817 880
817 884
817 897
817 903
817 912
817 920
817 929
817 963
817 970
818 927
818 968
818 979
818 981
819 826
819 847
819 891
819 904
819 908
819 909
819 915
819 934
819 998
820 823
820 852
820 867
820 877
820 890
820 965
821 839
821 860
821 924
821 925
822 833
822 871
822 883
822 964
822 976
823 852
823 867
823 877
823 890
823 965
824 827
824 872
824 898
824 902
824 911
824 918
824 919
824 931
824 940
824 975
825 892
825 913
825 916
825 923
825 966
826 856
826 857
826 891
826 894
826 915
826 998
827 872
827 898
827 911
827 918
827 919
827 931
827 940
827 975
828 830
828 842
828 960
828 983
828 986
828 990
828 994
828 995
828 996
829 854
829 856
829 862
829 891
829 894
829 908
829 915
829 934
829 935
830 842
830 960
830 983
830 986
830 990
830 994
830 995
830 996
831 861
831 945
831 971
832 837
832 851
832 863
832 864
832 897
832 899
832 903
832 920
832 954
832 963
833 871
833 883
833 964
833 976
834 876
834 880
834 899
834 912
835 847
835 850
835 857
835 859
835 873
835 904
835 909
835 998
836 985
837 858
837 863
837 866
837 882
837 884
837 903
837 912
837 954
837 963
837 970
839 844
839 860
839 924
839 925
841 870
841 907
841 930
841 937
841 946
841 955
841 967
842 960
842 983
842 986
842 990
842 994
842 995
842 996
843 849
843 868
843 889
843 895
843 933
843 951
843 973
844 924
844 925
845 921
845 942
845 957
846 901
846 969
847 854
847 856
847 857
847 862
847 891
847 909
848 886
848 939
848 948
848 959
849 887
849 889
849 895
849 944
849 973
850 854
850 856
850 862
850 873
850 878
850 891
850 904
850 908
850 915
850 926
850 935
851 858
851 866
851 876
851 893
851 896
851 899
851 912
851 920
851 929
851 954
851 956
851 963
851 970
852 867
852 877
852 890
852 965
853 881
853 900
853 928
853 932
853 938
854 857
854 862
854 873
854 894
854 926
854 998
855 950
855 952
855 962
855 978
855 987
855 988
855 989
855 991
855 992
855 993
855 997
855 999
855 1000
856 859
856 873
856 878
856 894
856 904
856 908
856 909
856 915
857 873
857 891
857 909
857 915
857 926
857 934
858 863
858 866
858 879
858 880
858 893
858 929
858 970
859 862
859 873
859 878
859 891
859 904
859 915
859 926
859 934
859 935
860 924
860 925
861 945
861 971
862 891
862 904
862 909
862 915
863 879
863 896
863 897
863 906
863 912
863 929
863 970
864 865
864 880
864 882
864 896
864 897
864 899
864 903
864 912
864 920
864 954
864 956
865 879
865 884
865 899
865 903
865 906
865 956
866 876
866 884
866 893
866 920
866 929
866 954
867 877
867 890
867 965
868 887
868 895
868 914
868 933
868 973
869 885
869 921
869 957
870 907
870 937
870 946
870 967
871 883
871 964
871 976
872 898
872 902
872 911
872 918
872 919
872 940
872 975
873 891
873 904
873 908
873 909
873 915
873 934
874 895
874 914
874 933
874 951
874 973
875 885
875 957
876 880
876 882
876 893
876 899
876 903
876 906
876 920
876 954
876 956
877 890
877 965
878 908
878 909
878 926
878 934
878 998
879 893
879 899
879 903
879 912
879 929
879 954
879 963
880 884
880 893
880 896
880 897
880 929
880 954
880 956
880 970
881 900
881 928
881 932
881 938
882 896
882 897
882 903
882 906
882 912
882 954
883 964
883 976
884 896
884 899
884 956
884 970
885 921
886 939
886 948
886 959
887 889
887 895
887 914
887 933
887 951
887 973
888 980
889 895
889 933
889 944
889 951
890 965
891 894
891 904
891 934
891 935
892 913
892 916
892 923
892 966
893 896
893 899
893 912
893 920
893 929
893 956
893 963
893 970
894 909
894 915
894 926
894 935
895 914
895 933
895 951
896 897
896 906
896 920
896 956
896 963
896 970
897 899
897 903
897 954
897 956
897 963
897 970
898 902
898 911
898 918
898 931
898 940
898 975
899 903
899 912
900 928
900 932
900 938
901 969
902 911
902 918
902 919
902 931
902 940
902 975
903 906
903 920
903 963
903 970
904 909
904 934
904 998
906 920
906 956
907 930
907 946
908 915
908 934
908 935
909 926
909 934
910 936
911 918
911 919
911 931
911 940
911 975
912 929
912 954
913 916
913 923
913 966
914 944
914 973
915 926
915 935
916 923
916 966
917 949
917 958
917 977
917 984
918 919
918 931
918 940
918 975
919 931
919 940
919 975
920 954
920 963
921 943
922 941
922 947
922 982
923 966
924 925
926 998
927 968
927 979
927 981
928 932
928 938
930 937
930 946
930 953
930 961
931 940
931 975
932 938
933 951
934 998
935 998
937 946
937 953
937 967
939 948
939 959
940 975
941 947
941 982
943 957
944 951
944 973
945 971
946 961
947 982
948 959
949 958
949 977
949 984
950 952
950 962
950 978
950 987
950 988
950 989
950 991
950 992
950 993
950 997
950 999
950 1000
951 973
952 962
952 978
952 987
952 988
952 989
952 991
952 992
952 993
952 997
952 999
952 1000
953 955
953 967
956 963
956 970
958 977
958 984
960 983
960 986
960 990
960 994
960 995
960 996
961 967
962 978
962 987
962 988
962 989
962 991
962 992
962 993
962 997
962 999
962 1000
963 970
964 976
968 979
968 981
977 984
978 987
978 988
978 989
978 991
978 992
978 993
978 997
978 999
978 1000
979 981
983 986
983 990
983 994
983 995
983 996
986 990
986 994
986 995
986 996
987 988
987 989
987 991
987 992
987 993
987 997
987 999
987 1000
988 989
988 991
988 992
988 993
988 997
988 999
988 1000
989 991
989 992
989 993
989 997
989 999
989 1000
990 994
990 995
990 996
991 992
991 993
991 997
991 999
991 1000
992 993
992 997
992 999
992 1000
993 997
993 999
993 1000
994 995
994 996
995 996
997 999
997 1000
999 1000
