1 221
1 274
1 416
1 643
1 661
1 730
1 771
1 796
1 807
1 885
2 636
2 655
2 673
2 765
2 776
2 792
2 844
2 860
2 925
2 974
3 92
3 93
3 95
3 109
3 145
3 234
3 452
3 634
4 165
4 221
4 256
4 331
4 376
4 598
4 791
4 845
4 943
4 980
5 38
5 800
5 827
5 898
5 911
5 918
5 919
5 931
5 940
5 975
6 48
6 72
6 312
6 314
6 553
6 652
7 692
7 713
7 793
7 815
7 852
7 867
7 877
7 890
7 965
8 43
8 179
8 233
8 359
8 363
8 412
8 499
8 656
8 691
8 752
9 249
9 419
9 579
9 632
9 739
9 811
9 896
9 897
9 920
9 929
10 636
10 655
10 673
10 765
10 776
10 792
10 844
10 860
10 925
10 974
11 510
11 604
11 754
11 822
11 833
11 871
11 883
11 964
11 969
11 976
12 158
12 677
12 695
12 753
12 819
12 835
12 862
12 894
12 979
12 998
13 532
13 535
13 618
13 633
13 675
13 684
13 705
13 788
13 821
13 839
14 64
14 226
14 330
14 422
14 517
14 546
15 384
15 623
15 762
15 768
15 801
15 892
15 905
15 913
15 916
15 923
16 262
16 355
16 361
16 459
16 583
16 702
16 881
16 900
16 924
16 995
17 336
17 478
17 651
17 709
17 732
17 813
17 907
17 930
17 937
17 946
18 81
18 96
18 428
18 686
18 699
18 766
18 868
18 887
18 944
18 973
19 53
19 272
19 523
19 585
19 685
19 734
19 758
19 761
19 972
19 996
20 252
20 293
20 503
20 625
20 753
20 770
20 856
20 908
20 934
20 935
21 186
21 687
21 714
21 738
21 760
21 892
21 905
21 913
21 916
21 923
22 519
22 537
22 613
22 740
22 811
22 864
22 882
22 893
22 920
22 954
23 99
23 117
23 217
23 221
23 494
23 638
23 679
23 771
23 820
23 875
24 261
24 790
24 810
24 833
24 846
24 871
24 883
24 964
24 969
24 976
25 252
25 415
25 750
25 779
25 781
25 847
25 873
25 908
25 926
25 998
26 144
26 184
26 196
26 385
26 495
26 567
26 612
27 250
27 707
27 827
27 898
27 911
27 918
27 919
27 931
27 940
27 975
28 262
28 355
28 361
28 459
28 583
28 702
28 881
28 900
28 924
28 995
29 524
29 575
29 746
29 797
29 799
29 848
29 886
29 939
29 948
29 959
30 193
30 318
30 354
30 404
30 473
30 670
30 683
30 701
30 866
30 884
31 466
31 478
31 531
31 592
31 608
31 696
31 774
31 804
31 870
31 967
32 442
32 548
32 726
32 729
32 745
32 816
32 818
32 927
32 968
32 981
33 139
33 270
33 378
33 542
33 645
33 849
33 868
33 889
33 895
33 944
34 229
34 247
34 426
34 456
34 578
34 592
34 696
34 732
34 961
34 967
35 978
35 987
35 988
35 989
35 991
35 992
35 993
35 997
35 999
35 1000
36 823
36 830
36 840
36 888
36 960
36 983
36 985
36 986
36 990
36 994
37 105
37 276
37 288
37 450
37 555
37 564
37 566
37 689
37 708
37 809
38 156
38 711
38 872
38 898
38 911
38 918
38 919
38 940
38 975
39 105
39 143
39 288
39 450
39 555
39 564
39 566
39 689
39 708
39 809
40 302
40 335
40 455
40 688
40 730
40 741
40 747
40 771
40 803
40 957
41 690
41 764
41 798
41 836
41 901
41 917
41 949
41 958
41 977
41 984
42 62
42 458
42 637
42 851
42 863
42 866
42 929
42 954
42 963
42 970
43 190
43 282
43 363
43 380
43 412
43 499
43 656
43 691
43 752
44 828
44 830
44 840
44 888
44 960
44 983
44 985
44 986
44 990
44 994
45 180
45 415
45 654
45 677
45 716
45 826
45 857
45 862
45 904
45 934
46 780
46 840
46 842
46 888
46 960
46 983
46 985
46 986
46 990
46 994
47 301
47 333
47 547
47 585
47 685
47 734
47 758
47 761
47 972
47 996
48 72
48 312
48 314
48 553
48 652
49 465
49 492
49 640
49 797
49 799
49 848
49 886
49 939
49 948
49 959
50 622
50 682
50 727
50 778
50 812
50 831
50 861
50 909
50 945
50 971
51 347
51 584
51 618
51 633
51 675
51 684
51 705
51 788
51 821
51 839
52 344
52 556
52 706
52 829
52 850
52 854
52 904
52 915
52 935
52 998
53 79
53 272
53 585
53 685
53 734
53 758
53 761
53 972
53 996
54 682
54 727
54 778
54 812
54 831
54 861
54 909
54 945
54 971
55 207
55 339
55 525
55 902
56 403
56 502
56 530
56 666
56 728
56 853
56 910
56 928
56 932
56 938
57 393
57 664
57 746
57 797
57 799
57 848
57 886
57 939
57 948
57 959
58 711
58 800
58 827
58 872
58 898
58 918
58 919
58 931
58 940
58 975
59 490
59 521
59 824
59 827
59 872
59 898
59 918
59 931
59 940
59 975
60 139
60 373
60 558
60 600
60 658
60 766
60 887
60 889
60 944
60 951
61 535
61 584
61 618
61 633
61 675
61 684
61 705
61 788
61 821
61 839
62 427
62 451
62 519
62 563
62 680
62 811
62 817
62 865
62 970
63 391
63 674
63 707
63 711
63 827
63 898
63 911
63 931
63 940
63 975
64 226
64 330
64 422
64 517
64 546
65 212
65 429
65 616
65 676
65 804
65 805
65 930
65 937
65 961
65 967
66 318
66 672
66 680
66 681
66 785
66 834
66 866
66 879
66 906
66 963
67 107
67 115
67 433
67 620
67 643
67 784
67 803
67 838
67 885
67 980
68 514
68 570
68 822
68 833
68 846
68 871
68 883
68 964
68 969
68 976
69 432
69 469
69 473
69 519
69 635
69 648
69 876
69 893
69 929
69 963
70 272
70 301
70 547
70 585
70 685
70 734
70 758
70 761
70 972
70 996
71 333
71 337
71 438
71 523
71 734
71 758
71 761
71 972
71 996
72 312
72 314
72 553
72 652
73 756
73 840
73 842
73 888
73 960
73 983
73 985
73 986
73 990
73 994
74 484
74 623
74 760
74 762
74 768
74 801
74 905
74 913
74 916
74 923
75 258
75 302
75 433
75 628
75 743
75 747
75 807
75 838
75 875
75 943
76 181
76 338
76 493
76 500
76 591
76 676
76 907
76 937
76 946
76 955
77 687
77 714
77 738
77 762
77 825
77 892
77 905
77 913
77 916
77 923
78 510
78 754
78 822
78 833
78 871
78 883
78 964
78 969
78 976
79 114
79 523
79 547
79 685
79 734
79 758
79 761
79 972
79 996
80 451
80 683
80 693
80 740
80 837
80 864
80 865
80 879
80 897
80 956
81 392
81 471
81 629
81 665
81 775
81 868
81 874
81 933
81 973
82 382
82 395
82 425
82 467
82 605
82 787
82 930
82 946
82 955
82 967
83 317
83 340
83 646
83 647
83 808
83 903
83 922
83 941
83 947
83 982
84 690
84 764
84 798
84 836
84 901
84 917
84 949
84 958
84 977
84 984
85 687
85 714
85 738
85 806
85 825
85 892
85 905
85 913
85 916
85 923
86 371
86 534
86 657
86 677
86 695
86 716
86 753
86 894
86 908
86 926
87 403
87 502
87 530
87 666
87 728
87 853
87 910
87 928
87 932
87 938
88 276
88 277
88 288
88 450
88 555
88 564
88 566
88 689
88 708
88 809
89 828
89 830
89 842
89 888
89 960
89 983
89 985
89 986
89 990
89 994
90 522
90 810
90 822
90 833
90 846
90 871
90 883
90 964
90 969
90 976
91 97
91 246
91 620
91 628
91 730
91 763
91 803
91 807
91 838
91 942
92 93
92 95
92 109
92 145
92 234
92 452
92 634
93 95
93 109
93 145
93 234
93 452
93 634
94 447
94 631
94 676
94 715
94 732
94 794
94 805
94 813
94 907
94 961
95 109
95 145
95 234
95 452
95 634
96 168
96 617
96 658
96 686
96 749
96 874
96 889
96 895
96 973
97 518
97 650
97 725
97 741
97 807
97 814
97 845
97 869
97 875
98 704
98 754
98 810
98 833
98 846
98 871
98 883
98 964
98 969
98 976
99 486
99 527
99 571
99 620
99 755
99 771
99 869
99 942
99 943
100 619
100 655
100 673
100 765
100 776
100 792
100 844
100 860
100 925
100 974
101 690
101 764
101 798
101 836
101 901
101 917
101 949
101 958
101 977
101 984
102 823
102 828
102 842
102 888
102 960
102 983
102 985
102 986
102 990
102 994
103 307
103 521
103 707
103 827
103 872
103 918
103 919
103 931
103 975
104 532
104 535
104 584
104 633
104 675
104 684
104 705
104 788
104 821
104 839
105 277
105 450
105 555
105 564
105 566
105 689
105 708
105 809
106 479
106 505
106 572
106 606
106 645
106 887
106 895
106 914
106 933
106 973
107 185
107 508
107 595
107 644
107 679
107 730
107 747
107 803
107 807
107 921
108 169
108 301
108 434
108 523
108 547
108 685
108 734
108 758
108 761
108 972
108 996
109 145
109 234
109 452
109 634
110 280
110 371
110 476
110 559
110 588
110 597
110 857
110 873
110 891
110 908
110 998
111 164
111 463
111 659
111 741
111 763
111 783
111 807
111 845
111 869
111 875
111 943
112 406
112 599
112 824
112 872
112 898
112 911
112 918
112 919
112 931
112 940
112 975
113 551
113 580
113 682
113 727
113 778
113 812
113 831
113 861
113 909
113 945
113 971
114 324
114 434
114 438
114 585
114 685
114 734
114 758
114 761
114 972
114 996
115 202
115 218
115 638
115 679
115 869
115 921
115 942
115 943
115 957
115 980
116 117
116 353
116 416
116 582
116 767
116 791
116 802
116 820
116 875
116 921
116 942
117 125
117 381
117 718
117 743
117 807
117 875
117 921
117 943
117 957
118 354
118 407
118 469
118 536
118 721
118 785
118 858
118 893
118 929
118 954
118 970
119 236
119 571
119 671
119 784
119 796
119 807
119 814
119 869
119 885
119 943
119 980
120 134
120 190
120 233
120 359
120 363
120 380
120 412
120 499
120 656
120 691
120 752
121 533
121 556
121 589
121 706
121 736
121 829
121 859
121 878
121 915
121 926
121 979
122 539
122 622
122 682
122 727
122 778
122 812
122 831
122 861
122 909
122 945
122 971
123 325
123 340
123 487
123 646
123 647
123 808
123 903
123 922
123 941
123 947
123 982
124 125
124 411
124 486
124 508
124 595
124 755
124 771
124 783
124 784
124 802
124 885
125 187
125 377
125 771
125 796
125 803
125 814
125 845
125 875
125 943
126 161
126 325
126 340
126 646
126 647
126 808
126 903
126 922
126 941
126 947
126 982
127 174
127 327
127 414
127 446
127 672
127 817
127 832
127 851
127 880
127 906
127 963
128 394
128 602
128 640
128 746
128 797
128 799
128 848
128 886
128 939
128 948
128 959
129 545
129 936
129 966
130 386
130 519
130 526
130 721
130 722
130 863
130 864
130 879
130 897
130 954
130 970
131 321
131 398
131 456
131 611
131 715
131 732
131 769
131 774
131 794
131 907
131 955
132 192
132 714
132 738
132 760
132 801
132 825
132 892
132 905
132 913
132 916
132 923
133 352
133 378
133 558
133 617
133 658
133 775
133 782
133 874
133 933
133 951
133 973
134 233
134 282
134 359
134 363
134 380
134 412
134 499
134 656
134 691
134 752
135 287
135 505
135 614
135 735
135 843
135 849
135 868
135 895
135 914
135 933
135 951
136 610
136 690
136 764
136 798
136 836
136 901
136 917
136 949
136 958
136 977
136 984
137 360
137 399
137 554
137 581
137 757
137 847
137 862
137 878
137 935
137 979
137 998
138 712
138 738
138 760
138 768
138 801
138 825
138 892
138 905
138 913
138 916
138 923
139 629
139 735
139 843
139 849
139 874
139 895
139 914
139 951
139 973
140 601
140 687
140 712
140 760
140 762
140 806
140 892
140 905
140 913
140 916
140 923
141 313
141 599
141 707
141 872
141 898
141 911
141 918
141 919
141 931
141 940
141 975
142 456
142 531
142 627
142 748
142 794
142 804
142 907
142 946
142 955
142 961
142 967
143 276
143 277
143 288
143 450
143 555
143 564
143 566
143 689
143 708
143 809
144 184
144 196
144 385
144 495
144 567
144 612
145 234
145 452
145 634
146 460
146 620
146 638
146 718
146 725
146 747
146 807
146 838
146 845
146 921
146 980
147 436
147 440
147 561
147 700
147 754
147 790
147 822
147 833
147 964
147 969
147 976
148 601
148 623
148 687
148 760
148 768
148 825
148 892
148 905
148 913
148 916
148 923
149 343
149 415
149 654
149 731
149 829
149 854
149 856
149 862
149 894
149 908
149 915
150 246
150 486
150 755
150 763
150 783
150 820
150 869
150 885
150 942
150 943
150 980
151 465
151 640
151 664
151 746
151 797
151 799
151 848
151 886
151 939
151 948
151 959
152 336
152 342
152 462
152 467
152 500
152 594
152 611
152 676
152 774
152 870
152 955
153 334
153 371
153 476
153 649
153 770
153 862
153 873
153 891
153 934
153 935
153 998
154 603
154 692
154 713
154 744
154 793
154 815
154 852
154 867
154 877
154 890
154 965
155 290
155 560
155 742
156 383
156 406
156 674
156 898
156 911
156 918
156 919
156 931
156 940
156 975
157 242
157 376
157 377
157 416
157 486
157 638
157 730
157 784
157 791
157 820
157 980
158 657
158 677
158 770
158 779
158 847
158 850
158 856
158 908
158 926
159 532
159 535
159 584
159 618
159 633
159 675
159 684
159 705
159 788
159 821
159 839
160 249
160 458
160 526
160 683
160 693
160 701
160 789
160 906
160 929
160 954
160 956
161 340
161 487
161 646
161 647
161 808
161 903
161 922
161 941
161 947
161 982
162 557
162 568
162 757
162 770
162 826
162 850
162 891
162 894
162 904
162 934
162 998
163 435
163 580
163 682
163 727
163 778
163 812
163 831
163 861
163 909
163 945
163 971
164 351
164 486
164 527
164 661
164 688
164 767
164 814
164 845
164 942
164 957
165 508
165 628
165 663
165 743
165 763
165 845
165 875
165 885
165 957
165 980
166 175
166 345
166 379
166 421
166 456
166 531
166 562
166 592
166 774
166 787
166 955
167 170
167 213
167 255
167 519
167 680
167 721
167 851
167 866
167 899
167 920
167 963
168 239
168 397
168 471
168 542
168 645
168 699
168 887
168 933
168 951
168 973
169 301
169 324
169 523
169 547
169 685
169 734
169 758
169 761
169 972
169 996
170 269
170 414
170 537
170 701
170 863
170 864
170 880
170 893
170 896
170 954
171 334
171 533
171 854
171 859
171 878
171 891
171 904
171 908
171 926
171 934
171 935
172 962
172 978
172 987
172 988
172 989
172 991
172 992
172 993
172 997
172 999
172 1000
173 231
173 246
173 259
173 377
173 460
173 763
173 767
173 802
173 807
173 942
173 980
174 251
174 419
174 489
174 722
174 863
174 865
174 880
174 954
174 956
174 970
175 176
175 651
175 676
175 724
175 774
175 804
175 805
175 813
175 937
175 961
176 348
176 398
176 429
176 565
176 608
176 870
176 907
176 930
176 937
177 615
177 692
177 720
177 744
177 793
177 815
177 852
177 867
177 877
177 890
177 965
178 343
178 588
178 607
178 657
178 779
178 819
178 835
178 854
178 873
178 935
178 998
179 190
179 233
179 282
179 359
179 380
179 412
179 499
179 656
179 691
179 752
180 293
180 360
180 399
180 625
180 716
180 779
180 856
180 857
180 891
180 935
181 201
181 295
181 421
181 466
181 565
181 594
181 608
181 813
181 937
181 961
182 371
182 503
182 544
182 557
182 581
182 588
182 757
182 779
182 857
182 915
182 926
183 714
183 738
183 760
183 762
183 806
183 825
183 892
183 905
183 913
183 916
183 923
184 196
184 385
184 495
184 567
184 612
185 245
185 256
185 259
185 331
185 644
185 730
185 807
185 838
185 845
185 921
186 384
186 601
186 623
186 644
186 762
186 801
186 806
186 825
186 916
186 923
187 663
187 763
187 767
187 784
187 802
187 845
187 869
187 875
187 921
187 942
188 610
188 690
188 764
188 798
188 836
188 901
188 917
188 949
188 958
188 977
188 984
189 205
189 423
189 562
189 616
189 669
189 715
189 732
189 786
189 813
189 930
189 967
190 359
190 363
190 380
190 412
190 499
190 656
190 691
190 752
191 349
191 368
191 538
191 953
192 308
192 413
192 714
192 738
192 768
192 806
192 892
192 913
192 916
192 923
193 249
193 419
193 469
193 693
193 739
193 851
193 896
193 912
193 920
193 956
194 279
194 670
194 678
194 740
194 817
194 834
194 851
194 880
194 884
194 906
194 954
195 210
195 694
195 754
195 790
195 822
195 846
195 871
195 883
195 964
195 969
195 976
196 385
196 495
196 567
196 612
197 319
197 418
197 487
197 646
197 647
197 808
197 903
197 922
197 941
197 947
197 982
198 575
198 640
198 664
198 746
198 797
198 799
198 848
198 886
198 939
198 948
198 959
199 303
199 342
199 591
199 611
199 660
199 696
199 772
199 786
199 937
199 961
199 967
200 461
200 712
200 714
200 768
200 801
200 825
200 892
200 905
200 913
200 916
200 923
201 481
201 531
201 586
201 592
201 660
201 669
201 748
201 787
201 937
201 946
202 259
202 274
202 527
202 577
202 650
202 743
202 755
202 783
202 791
202 957
203 397
203 457
203 558
203 600
203 782
203 843
203 868
203 889
203 895
203 914
203 944
204 573
204 603
204 720
204 744
204 793
204 815
204 852
204 867
204 877
204 890
204 965
205 462
205 611
205 631
205 732
205 786
205 805
205 907
205 930
205 955
205 967
206 257
206 309
207 339
207 525
207 902
208 285
208 622
208 682
208 727
208 778
208 812
208 831
208 861
208 909
208 945
208 971
209 262
209 355
209 361
209 459
209 583
209 702
209 881
209 900
209 924
209 995
210 436
210 694
210 704
210 833
210 846
210 871
210 883
210 964
210 969
210 976
211 252
211 369
211 549
211 654
211 731
211 826
211 829
211 835
211 850
211 859
211 998
212 260
212 382
212 426
212 462
212 594
212 660
212 769
212 774
212 805
212 907
213 327
213 375
213 496
213 519
213 536
213 635
213 863
213 865
213 876
213 899
213 956
214 428
214 558
214 572
214 600
214 653
214 749
214 775
214 849
214 868
214 895
214 914
214 944
215 471
215 505
215 528
215 542
215 550
215 558
215 658
215 699
215 849
215 895
215 944
215 951
216 529
216 599
216 707
216 711
216 824
216 827
216 872
216 898
216 911
216 931
216 940
216 975
217 642
217 643
217 661
217 671
217 784
217 796
217 803
217 807
217 838
217 875
217 980
218 221
218 231
218 242
218 455
218 512
218 643
218 650
218 663
218 767
218 869
218 921
219 273
219 540
219 795
220 490
220 599
220 621
220 800
220 824
220 827
220 872
220 918
220 919
220 931
220 940
220 975
221 274
221 331
221 431
221 763
221 783
221 803
221 957
221 980
222 252
222 588
222 716
222 779
222 835
222 847
222 891
222 894
222 926
222 934
222 935
222 998
223 446
223 563
223 635
223 693
223 785
223 811
223 837
223 864
223 865
223 880
223 906
223 963
224 590
224 610
224 690
224 764
224 798
224 836
224 901
224 917
224 949
224 958
224 977
224 984
225 590
225 610
225 690
225 764
225 798
225 836
225 901
225 917
225 949
225 958
225 977
225 984
226 330
226 422
226 517
226 546
227 389
227 392
227 428
227 600
227 735
227 766
227 782
227 843
227 849
227 889
227 951
227 973
228 569
228 667
228 713
228 720
228 744
228 793
228 815
228 852
228 867
228 877
228 890
228 965
229 291
229 329
229 481
229 500
229 591
229 608
229 651
229 813
229 841
229 907
229 946
230 411
230 448
230 455
230 577
230 595
230 638
230 644
230 679
230 755
230 771
230 943
230 957
231 448
231 628
231 642
231 688
231 747
231 751
231 755
231 807
231 957
231 980
232 241
232 281
232 532
232 584
232 618
232 633
232 675
232 684
232 705
232 788
232 821
232 839
233 282
233 359
233 363
233 380
233 499
233 656
233 691
233 752
234 452
234 634
235 599
235 800
235 824
235 827
235 872
235 898
235 911
235 918
235 919
235 931
235 940
235 975
236 258
236 411
236 650
236 783
236 791
236 796
236 814
236 845
236 885
236 942
236 980
237 248
237 429
237 466
237 631
237 732
237 769
237 804
237 813
237 946
237 955
237 961
237 967
238 247
238 295
238 296
238 447
238 481
238 709
238 724
238 748
238 772
238 786
238 804
238 805
239 358
239 542
239 596
239 617
239 653
239 665
239 782
239 843
239 895
239 914
239 951
240 604
240 694
240 704
240 754
240 810
240 833
240 846
240 871
240 883
240 964
240 969
240 976
241 532
241 535
241 584
241 618
241 633
241 675
241 684
241 705
241 788
241 821
241 839
242 411
242 416
242 455
242 486
242 571
242 598
242 730
242 784
242 802
242 875
243 393
243 401
243 602
243 664
243 746
243 797
243 799
243 848
243 886
243 939
243 948
243 959
244 489
244 563
244 635
244 670
244 672
244 817
244 832
244 851
244 858
244 893
244 912
244 970
245 508
245 582
245 659
245 741
245 751
245 767
245 814
245 820
245 921
245 942
245 957
246 265
246 512
246 595
246 659
246 755
246 802
246 820
246 921
246 957
247 295
247 493
247 591
247 769
247 772
247 786
247 804
247 841
247 955
247 967
248 253
248 303
248 531
248 565
248 586
248 748
248 769
248 786
248 841
248 930
248 961
249 536
249 693
249 785
249 789
249 832
249 851
249 880
249 899
249 920
250 490
250 800
250 824
250 827
250 872
250 911
250 918
250 919
250 931
250 940
250 975
251 473
251 483
251 693
251 701
251 837
251 893
251 899
251 906
251 912
251 954
251 956
252 254
252 533
252 736
252 750
252 753
252 829
252 915
252 998
253 421
253 437
253 478
253 594
253 631
253 676
253 715
253 724
253 813
253 870
253 955
254 474
254 607
254 695
254 759
254 829
254 854
254 894
254 908
254 915
254 935
254 979
255 404
255 497
255 739
255 785
255 817
255 834
255 865
255 880
255 882
255 897
255 899
256 274
256 351
256 595
256 598
256 741
256 838
256 869
256 875
256 942
256 980
257 309
258 335
258 642
258 650
258 671
258 688
258 718
258 751
258 796
258 921
258 943
259 335
259 381
259 571
259 595
259 598
259 747
259 807
259 845
259 942
260 329
260 379
260 395
260 500
260 562
260 676
260 724
260 804
260 937
260 946
260 967
261 498
261 604
261 639
261 700
261 704
261 790
261 810
261 822
261 964
261 969
261 976
262 355
262 361
262 459
262 583
262 702
262 881
262 900
262 924
262 995
263 823
263 828
263 830
263 840
263 842
263 888
263 960
263 983
263 985
263 986
263 990
263 994
264 284
264 392
264 653
264 775
264 782
264 843
264 849
264 874
264 887
264 933
264 944
264 951
265 274
265 455
265 650
265 663
265 671
265 767
265 783
265 802
265 814
265 820
265 957
266 365
266 513
266 515
266 557
266 568
266 695
266 753
266 781
266 819
266 878
266 908
266 935
267 539
267 580
267 622
267 682
267 727
267 778
267 812
267 831
267 861
267 909
267 945
267 971
268 507
268 677
268 695
268 753
268 854
268 856
268 862
268 873
268 891
268 894
268 908
268 998
269 427
269 637
269 722
269 739
269 851
269 864
269 866
269 880
269 896
269 920
269 929
270 284
270 373
270 645
270 653
270 699
270 735
270 868
270 887
270 933
270 944
270 973
271 394
271 401
271 524
271 664
271 746
271 797
271 799
271 848
271 886
271 939
271 948
271 959
272 324
272 434
272 438
272 547
272 734
272 758
272 761
272 972
272 996
273 540
273 795
274 571
274 582
274 595
274 638
274 743
274 838
274 875
275 603
275 692
275 713
275 720
275 744
275 793
275 815
275 852
275 867
275 877
275 890
275 965
276 277
276 288
276 450
276 555
276 564
276 566
276 689
276 708
276 809
277 288
277 450
277 555
277 564
277 566
277 689
277 708
277 809
278 350
278 528
278 587
278 606
278 699
278 766
278 843
278 849
278 874
278 914
278 933
278 944
279 451
279 469
279 541
279 703
279 740
279 789
279 866
279 876
279 897
279 899
279 970
280 293
280 365
280 464
280 474
280 544
280 588
280 759
280 829
280 856
280 908
280 935
281 315
281 532
281 584
281 618
281 633
281 675
281 684
281 705
281 788
281 821
281 839
282 359
282 363
282 380
282 412
282 499
282 656
282 691
282 752
283 950
283 952
283 962
283 978
283 987
283 988
283 989
283 991
283 992
283 993
283 997
283 999
283 1000
284 287
284 596
284 749
284 843
284 889
284 895
284 914
284 933
284 944
284 951
285 292
285 551
285 580
285 622
285 727
285 778
285 812
285 831
285 861
285 909
285 945
285 971
286 310
286 403
286 502
286 530
286 666
286 728
286 853
286 910
286 928
286 932
286 938
287 373
287 397
287 410
287 457
287 550
287 849
287 874
287 889
287 895
287 944
287 973
288 450
288 555
288 564
288 566
288 689
288 708
288 809
289 780
289 823
289 828
289 830
289 840
289 842
289 888
289 960
289 983
289 985
289 986
289 990
289 994
290 560
290 742
291 345
291 379
291 425
291 426
291 493
291 732
291 748
291 772
291 794
291 805
291 907
291 937
292 539
292 551
292 622
292 682
292 727
292 778
292 812
292 831
292 861
292 909
292 945
292 971
293 474
293 513
293 557
293 581
293 710
293 757
293 759
293 779
293 934
293 998
294 568
294 581
294 588
294 657
294 706
294 731
294 753
294 759
294 781
294 826
294 829
294 859
294 926
295 423
295 466
295 467
295 616
295 676
295 769
295 772
295 794
295 805
295 870
296 437
296 467
296 562
296 591
296 616
296 786
296 787
296 804
296 841
296 946
296 955
296 967
297 603
297 667
297 692
297 713
297 720
297 744
297 793
297 815
297 852
297 867
297 877
297 890
297 965
298 492
298 524
298 575
298 602
298 640
298 746
298 797
298 799
298 848
298 886
298 939
298 948
298 959
299 343
299 503
299 559
299 588
299 710
299 717
299 737
299 779
299 856
299 862
299 873
299 935
299 998
300 780
300 823
300 828
300 830
300 840
300 842
300 888
300 960
300 983
300 985
300 986
300 990
300 994
301 337
301 438
301 585
301 685
301 734
301 758
301 761
301 972
301 996
302 381
302 527
302 642
302 725
302 784
302 791
302 814
302 942
302 943
302 957
302 980
303 338
303 423
303 425
303 605
303 627
303 709
303 724
303 769
303 774
303 930
303 946
304 336
304 338
304 342
304 493
304 531
304 592
304 651
304 774
304 841
304 870
304 946
304 961
304 967
305 308
305 623
305 687
305 712
305 760
305 762
305 806
305 825
305 892
305 905
305 913
305 916
305 923
306 498
306 514
306 561
306 604
306 639
306 754
306 790
306 846
306 871
306 883
306 964
306 969
306 976
307 383
307 396
307 406
307 490
307 641
307 800
307 898
307 911
307 919
307 931
307 940
307 975
308 484
308 712
308 760
308 762
308 801
308 806
308 892
308 905
308 913
308 916
308 923
310 403
310 502
310 530
310 666
310 728
310 853
310 910
310 928
310 932
310 938
311 413
311 712
311 714
311 738
311 762
311 768
311 806
311 825
311 892
311 905
311 913
311 916
311 923
312 314
312 553
312 652
313 491
313 521
313 707
313 711
313 824
313 827
313 872
313 898
313 918
313 919
313 931
313 975
314 553
314 652
315 347
315 532
315 535
315 584
315 618
315 633
315 675
315 684
315 705
315 788
315 821
315 839
316 348
316 395
316 423
316 616
316 676
316 748
316 772
316 774
316 786
316 794
316 937
316 946
316 967
317 319
317 322
317 418
317 487
317 646
317 647
317 808
317 903
317 922
317 941
317 947
317 982
318 354
318 404
318 563
318 579
318 632
318 789
318 879
318 882
318 912
318 929
318 954
319 322
319 418
319 487
319 646
319 647
319 808
319 903
319 922
319 941
319 947
319 982
320 369
320 464
320 568
320 698
320 759
320 835
320 850
320 873
320 878
320 894
320 915
320 934
320 935
321 336
321 447
321 467
321 500
321 578
321 631
321 660
321 696
321 709
321 907
321 961
321 967
322 325
322 418
322 487
322 646
322 647
322 808
322 903
322 922
322 941
322 947
322 982
323 390
323 464
323 554
323 556
323 597
323 625
323 717
323 759
323 779
323 819
323 857
323 904
323 915
324 434
324 438
324 523
324 585
324 685
324 734
324 758
324 761
324 972
324 996
325 418
325 487
325 646
325 647
325 808
325 903
325 922
325 941
325 947
325 982
326 375
326 458
326 489
326 496
326 668
326 719
326 879
326 893
326 906
326 912
326 920
326 954
326 970
327 427
327 519
327 526
327 632
327 670
327 681
327 817
327 863
327 866
327 880
327 920
328 391
328 516
328 521
328 599
328 674
328 707
328 800
328 824
328 911
328 918
328 931
328 940
328 975
329 345
329 395
329 592
329 611
329 748
329 787
329 813
329 841
329 870
329 937
329 961
330 422
330 517
330 546
331 628
331 659
331 688
331 730
331 751
331 763
331 796
331 807
331 943
331 957
332 515
332 533
332 534
332 717
332 753
332 826
332 835
332 847
332 859
332 862
332 894
332 935
332 998
333 337
333 434
333 523
333 547
333 585
333 685
333 734
333 758
333 761
333 972
333 996
334 716
334 770
334 826
334 835
334 850
334 856
334 862
334 878
334 894
334 915
334 926
335 448
335 494
335 577
335 659
335 755
335 803
335 885
335 942
335 957
335 980
336 426
336 631
336 748
336 804
336 841
336 870
336 930
336 946
336 967
337 434
337 438
337 523
337 585
337 685
337 734
337 758
337 761
337 972
337 996
338 592
338 594
338 627
338 651
338 669
338 696
338 794
338 841
338 930
338 955
339 525
339 902
340 418
340 646
340 647
340 808
340 903
340 922
340 941
340 947
340 982
341 360
341 369
341 568
341 597
341 649
341 654
341 716
341 717
341 759
341 847
341 873
341 934
341 998
342 500
342 509
342 562
342 696
342 709
342 748
342 804
342 805
342 946
342 955
343 405
343 556
343 581
343 597
343 737
343 770
343 819
343 891
343 935
343 979
344 556
344 649
344 677
344 710
344 753
344 826
344 835
344 873
344 878
344 891
344 934
344 979
345 379
345 509
345 594
345 605
345 669
345 732
345 937
345 946
345 955
345 967
346 362
346 432
346 454
346 468
346 722
346 739
346 832
346 837
346 851
346 893
346 897
346 899
346 929
347 532
347 535
347 584
347 618
347 633
347 675
347 684
347 705
347 788
347 821
347 839
348 421
348 467
348 592
348 631
348 786
348 813
348 841
348 870
348 930
348 946
348 967
349 368
349 538
349 953
350 378
350 614
350 617
350 629
350 645
350 766
350 887
350 889
350 895
350 944
350 951
350 973
351 571
351 643
351 644
351 650
351 659
351 741
351 807
351 845
351 942
351 943
351 957
352 505
352 572
352 645
352 653
352 658
352 699
352 735
352 843
352 914
352 933
352 951
352 973
353 376
353 642
353 644
353 679
353 743
353 767
353 771
353 803
353 845
353 875
353 957
353 980
354 496
354 789
354 865
354 893
354 899
354 906
354 912
354 956
354 963
354 970
355 361
355 459
355 583
355 702
355 881
355 900
355 924
355 995
356 365
356 399
356 515
356 549
356 588
356 698
356 737
356 753
356 854
356 859
356 862
356 904
356 915
356 979
357 432
357 489
357 496
357 574
357 648
357 678
357 681
357 785
357 858
357 876
357 880
357 899
357 920
357 929
358 373
358 477
358 629
358 658
358 749
358 775
358 782
358 868
358 887
358 889
358 933
358 944
358 951
359 363
359 380
359 412
359 499
359 656
359 691
359 752
360 405
360 698
360 706
360 716
360 736
360 757
360 862
360 891
360 915
360 926
360 998
361 459
361 583
361 702
361 881
361 900
361 924
361 995
362 454
362 497
362 537
362 680
362 703
362 719
362 722
362 740
362 817
362 866
362 876
362 906
362 912
363 380
363 412
363 499
363 656
363 691
363 752
364 413
364 687
364 712
364 714
364 738
364 760
364 768
364 801
364 825
364 892
364 905
364 913
364 916
364 923
365 476
365 625
365 657
365 736
365 770
365 781
365 856
365 873
365 904
365 915
365 979
366 395
366 608
366 631
366 709
366 724
366 774
366 786
366 804
366 930
366 937
366 946
366 955
366 961
366 967
367 435
367 539
367 551
367 580
367 622
367 682
367 727
367 778
367 812
367 831
367 861
367 909
367 945
367 971
368 538
368 953
369 737
369 750
369 770
369 779
369 850
369 859
369 878
369 904
369 926
369 979
369 998
370 756
370 780
370 823
370 828
370 830
370 840
370 842
370 888
370 960
370 983
370 985
370 986
370 990
370 994
371 405
371 424
371 549
371 556
371 706
371 737
371 829
371 850
371 934
371 998
372 855
372 950
372 952
372 962
372 978
372 987
372 988
372 989
372 991
372 992
372 993
372 997
372 999
372 1000
373 410
373 505
373 645
373 658
373 868
373 874
373 889
373 895
373 944
373 973
374 436
374 514
374 561
374 694
374 700
374 790
374 810
374 822
374 833
374 871
374 883
374 964
374 969
374 976
375 446
375 563
375 576
375 579
375 740
375 817
375 834
375 896
375 929
375 956
375 963
375 970
376 620
376 638
376 659
376 663
376 755
376 771
376 783
376 791
376 845
376 869
376 943
377 416
377 725
377 755
377 763
377 784
377 791
377 802
377 814
377 820
377 845
377 942
378 477
378 600
378 735
378 766
378 843
378 849
378 868
378 914
378 933
378 951
378 973
379 456
379 481
379 509
379 715
379 769
379 772
379 804
379 930
379 937
379 946
380 412
380 499
380 656
380 691
380 752
381 411
381 431
381 628
381 659
381 718
381 747
381 767
381 802
381 814
381 885
381 942
382 437
382 466
382 591
382 592
382 611
382 669
382 787
382 794
382 804
382 805
382 937
382 946
383 516
383 529
383 711
383 824
383 872
383 898
383 911
383 918
383 919
383 931
383 940
383 975
384 601
384 687
384 712
384 762
384 801
384 806
384 825
384 892
384 905
384 913
384 916
384 923
385 495
385 567
385 612
386 404
386 678
386 701
386 740
386 817
386 837
386 863
386 864
386 876
386 882
386 884
386 893
386 970
387 855
387 950
387 952
387 962
387 978
387 987
387 988
387 989
387 991
387 992
387 993
387 997
387 999
387 1000
388 480
388 482
388 488
388 619
388 636
388 655
388 673
388 765
388 776
388 792
388 844
388 860
388 925
388 974
389 410
389 528
389 542
389 587
389 600
389 653
389 686
389 766
389 887
389 933
389 944
389 951
389 973
390 474
390 533
390 534
390 625
390 649
390 657
390 736
390 819
390 829
390 856
390 908
390 934
390 979
391 443
391 674
391 800
391 824
391 827
391 898
391 911
391 918
391 919
391 931
391 940
391 975
392 617
392 645
392 843
392 887
392 889
392 895
392 914
392 933
392 944
392 951
392 973
393 575
393 602
393 640
393 664
393 746
393 797
393 799
393 848
393 886
393 939
393 948
393 959
394 575
394 602
394 640
394 664
394 746
394 797
394 799
394 848
394 886
394 939
394 948
394 959
395 696
395 732
395 748
395 787
395 870
395 930
395 937
395 946
395 961
396 529
396 621
396 641
396 800
396 824
396 872
396 898
396 911
396 918
396 919
396 931
396 940
396 975
397 457
397 479
397 550
397 686
397 749
397 766
397 775
397 849
397 944
397 951
397 973
398 426
398 493
398 500
398 676
398 772
398 786
398 787
398 813
398 930
398 946
398 955
398 967
399 556
399 568
399 695
399 706
399 717
399 750
399 819
399 873
399 878
399 908
399 935
400 756
400 780
400 823
400 828
400 830
400 840
400 842
400 888
400 960
400 983
400 985
400 986
400 990
400 994
401 575
401 602
401 640
401 664
401 746
401 797
401 799
401 848
401 886
401 939
401 948
401 959
402 855
402 950
402 952
402 962
402 978
402 987
402 988
402 989
402 991
402 992
402 993
402 997
402 999
402 1000
403 502
403 530
403 666
403 728
403 853
403 910
403 928
403 932
403 938
404 473
404 678
404 680
404 837
404 863
404 864
404 879
404 880
404 897
404 970
405 533
405 559
405 649
405 698
405 737
405 759
405 829
405 873
405 934
405 979
405 998
406 417
406 443
406 491
406 641
406 707
406 827
406 898
406 911
406 931
406 940
406 975
407 496
407 537
407 632
407 719
407 721
407 851
407 876
407 884
407 893
407 897
407 956
407 963
407 970
408 442
408 445
408 548
408 726
408 729
408 745
408 816
408 818
408 927
408 968
408 981
409 501
409 511
409 590
409 610
409 690
409 764
409 798
409 836
409 901
409 917
409 949
409 958
409 977
409 984
410 600
410 614
410 658
410 749
410 849
410 868
410 874
410 889
410 914
410 944
410 951
411 463
411 508
411 577
411 582
411 650
411 663
411 747
411 838
411 869
412 499
412 656
412 691
412 752
413 461
413 601
413 687
413 738
413 801
413 806
413 892
413 905
413 913
413 916
413 923
414 483
414 681
414 683
414 703
414 785
414 811
414 817
414 851
414 880
414 897
414 920
414 956
415 424
415 568
415 677
415 695
415 750
415 753
415 779
415 826
415 847
415 894
415 979
416 455
416 486
416 595
416 747
416 791
416 803
416 845
416 875
416 921
416 980
417 443
417 491
417 599
417 641
417 674
417 707
417 800
417 824
417 898
417 911
417 918
417 919
417 931
417 975
418 487
418 646
418 647
418 808
418 903
418 922
418 941
418 947
418 982
419 526
419 541
419 576
419 670
419 739
419 740
419 811
419 837
419 876
419 884
419 929
419 954
420 777
420 855
420 950
420 952
420 962
420 978
420 987
420 988
420 989
420 991
420 992
420 993
420 997
420 999
420 1000
421 509
421 605
421 616
421 669
421 715
421 732
421 772
421 786
421 787
421 794
421 804
422 517
422 546
423 447
423 591
423 594
423 631
423 651
423 724
423 772
423 774
423 813
423 907
423 955
424 507
424 544
424 581
424 588
424 710
424 731
424 737
424 750
424 781
424 857
424 859
424 878
424 979
425 437
425 481
425 506
425 565
425 592
425 605
425 627
425 669
425 676
425 870
425 907
425 946
426 447
426 481
426 500
426 506
426 611
426 627
426 709
426 772
426 937
426 955
427 541
427 563
427 648
427 740
427 811
427 832
427 851
427 858
427 863
427 884
427 912
427 920
428 457
428 505
428 606
428 614
428 617
428 735
428 874
428 889
428 895
428 944
428 951
428 973
429 447
429 478
429 578
429 591
429 592
429 594
429 696
429 709
429 748
429 772
429 937
429 967
430 476
430 544
430 557
430 581
430 589
430 597
430 649
430 695
430 757
430 759
430 835
430 857
430 878
430 904
430 935
431 460
431 486
431 527
431 628
431 642
431 661
431 688
431 730
431 743
431 747
431 814
431 921
431 942
432 472
432 537
432 683
432 721
432 722
432 863
432 879
432 893
432 920
432 954
432 963
432 970
433 571
433 642
433 659
433 718
433 730
433 741
433 771
433 791
433 802
433 845
433 885
433 921
433 943
434 438
434 547
434 585
434 685
434 734
434 758
434 761
434 972
434 996
435 539
435 551
435 580
435 622
435 682
435 727
435 778
435 812
435 831
435 861
435 909
435 945
435 971
436 570
436 639
436 694
436 700
436 704
436 754
436 810
436 846
436 871
436 964
436 969
436 976
437 462
437 481
437 586
437 594
437 608
437 660
437 769
437 805
437 907
437 930
437 955
438 523
438 547
438 685
438 734
438 758
438 761
438 972
438 996
439 505
439 528
439 572
439 600
439 614
439 653
439 735
439 782
439 849
439 887
439 889
439 914
439 933
439 951
439 973
440 498
440 510
440 522
440 561
440 694
440 704
440 790
440 822
440 833
440 846
440 883
440 964
440 969
440 976
441 444
441 569
441 573
441 615
441 667
441 713
441 720
441 744
441 793
441 815
441 852
441 867
441 877
441 890
441 965
442 445
442 548
442 726
442 729
442 745
442 816
442 818
442 927
442 968
442 981
443 490
443 491
443 621
443 641
443 827
443 872
443 898
443 911
443 918
443 931
443 940
443 975
444 573
444 615
444 667
444 692
444 713
444 720
444 744
444 793
444 815
444 852
444 867
444 877
444 890
444 965
445 548
445 726
445 729
445 745
445 816
445 818
445 927
445 968
445 981
446 451
446 563
446 579
446 632
446 703
446 740
446 785
446 865
446 879
446 880
446 896
446 899
447 493
447 605
447 611
447 660
447 709
447 805
447 813
447 870
447 967
448 470
448 595
448 598
448 644
448 650
448 688
448 751
448 763
448 814
448 845
448 943
448 957
449 475
449 480
449 520
449 552
449 619
449 636
449 655
449 673
449 765
449 776
449 792
449 844
449 860
449 925
449 974
450 555
450 564
450 566
450 689
450 708
450 809
451 483
451 668
451 681
451 722
451 739
451 863
451 876
451 880
451 884
451 929
451 954
452 634
453 777
453 855
453 950
453 952
453 962
453 978
453 987
453 988
453 989
453 991
453 992
453 993
453 997
453 999
453 1000
454 469
454 536
454 576
454 635
454 681
454 683
454 863
454 865
454 876
454 893
454 929
454 963
454 970
455 518
455 730
455 784
455 796
455 807
455 845
455 885
455 942
455 957
456 531
456 565
456 578
456 608
456 660
456 676
456 787
456 794
456 955
456 961
457 505
457 558
457 596
457 600
457 629
457 665
457 749
457 868
457 874
457 895
457 933
458 472
458 668
458 672
458 680
458 703
458 722
458 789
458 834
458 837
458 864
458 906
458 956
459 583
459 702
459 881
459 900
459 924
459 995
460 512
460 661
460 679
460 743
460 751
460 784
460 796
460 820
460 869
460 885
460 921
460 957
461 687
461 712
461 714
461 760
461 768
461 801
461 806
461 825
461 892
461 905
461 913
461 916
461 923
462 611
462 669
462 732
462 748
462 769
462 772
462 786
462 787
462 870
462 955
462 961
463 571
463 577
463 628
463 638
463 659
463 671
463 741
463 767
463 784
463 803
463 814
463 838
463 980
464 534
464 554
464 559
464 654
464 710
464 731
464 757
464 847
464 850
464 862
464 935
464 979
465 492
465 524
465 602
465 640
465 664
465 746
465 797
465 799
465 848
465 886
465 939
465 948
465 959
466 509
466 578
466 616
466 660
466 709
466 772
466 794
466 937
466 946
466 955
467 616
467 676
467 715
467 724
467 805
467 841
467 930
467 955
467 961
468 613
468 635
468 648
468 672
468 678
468 683
468 739
468 789
468 832
468 865
468 880
468 912
468 954
468 970
469 496
469 637
469 683
469 719
469 817
469 851
469 864
469 893
469 906
469 963
470 643
470 663
470 679
470 730
470 741
470 743
470 755
470 784
470 802
470 869
470 885
470 921
470 943
470 980
471 542
471 550
471 572
471 653
471 686
471 735
471 749
471 766
471 843
471 887
471 889
471 895
471 944
472 632
472 648
472 668
472 672
472 721
472 832
472 837
472 866
472 879
472 899
472 920
472 929
472 956
472 963
473 579
473 637
473 693
473 785
473 817
473 897
473 899
473 920
473 929
473 954
473 963
473 970
474 533
474 607
474 654
474 677
474 695
474 757
474 759
474 862
474 891
474 904
474 926
474 979
475 480
475 482
475 520
475 552
475 619
475 636
475 655
475 673
475 765
475 776
475 792
475 844
475 860
475 925
475 974
476 554
476 750
476 759
476 781
476 850
476 857
476 862
476 878
476 891
476 908
476 979
476 998
477 528
477 550
477 572
477 617
477 699
477 782
477 849
477 874
477 889
477 914
477 933
477 944
477 951
477 973
478 578
478 651
478 660
478 676
478 715
478 769
478 794
478 805
478 841
478 870
478 930
478 946
479 558
479 587
479 596
479 606
479 775
479 874
479 887
479 889
479 895
479 914
479 933
479 944
479 951
479 973
480 520
480 552
480 619
480 636
480 655
480 673
480 765
480 776
480 792
480 844
480 860
480 925
480 974
481 506
481 565
481 651
481 715
481 732
481 769
481 841
481 930
481 961
482 488
482 520
482 552
482 619
482 636
482 655
482 673
482 765
482 776
482 792
482 844
482 860
482 925
482 974
483 668
483 693
483 703
483 719
483 785
483 789
483 834
483 879
483 896
483 897
483 899
483 906
483 963
484 601
484 687
484 712
484 738
484 760
484 768
484 801
484 806
484 825
484 892
484 905
484 913
484 916
484 923
485 569
485 573
485 603
485 615
485 667
485 692
485 713
485 720
485 744
485 793
485 815
485 852
485 867
485 877
485 890
485 965
486 741
486 755
486 807
486 820
486 845
486 885
486 943
486 957
487 646
487 647
487 808
487 903
487 922
487 941
487 947
487 982
488 520
488 552
488 619
488 636
488 655
488 673
488 765
488 776
488 792
488 844
488 860
488 925
488 974
489 526
489 541
489 574
489 670
489 740
489 817
489 858
489 880
489 884
489 906
489 912
489 963
490 621
490 711
490 800
490 872
490 898
490 911
490 918
490 919
490 931
490 940
490 975
491 516
491 529
491 599
491 707
491 711
491 800
491 824
491 911
491 918
491 919
491 940
491 975
492 524
492 575
492 602
492 640
492 664
492 746
492 797
492 799
492 848
492 886
492 939
492 948
492 959
493 586
493 605
493 715
493 794
493 804
493 813
493 841
493 930
493 961
493 967
494 527
494 595
494 644
494 663
494 718
494 725
494 743
494 791
494 814
494 869
494 921
494 942
494 943
494 980
495 567
495 612
496 519
496 722
496 811
496 834
496 866
496 880
496 882
496 897
496 906
496 929
497 579
497 672
497 678
497 789
497 837
497 858
497 864
497 876
497 893
497 896
497 899
497 906
497 929
497 963
498 604
498 700
498 754
498 790
498 810
498 822
498 833
498 846
498 871
498 883
498 964
498 969
498 976
499 656
499 691
499 752
500 627
500 669
500 732
500 787
500 805
500 841
500 946
500 967
501 511
501 590
501 610
501 690
501 764
501 798
501 836
501 901
501 917
501 949
501 958
501 977
501 984
502 530
502 666
502 728
502 853
502 910
502 928
502 932
502 938
503 557
503 588
503 597
503 607
503 677
503 698
503 716
503 731
503 819
503 878
503 908
503 979
503 998
504 773
504 777
504 855
504 950
504 952
504 962
504 978
504 987
504 988
504 989
504 991
504 992
504 993
504 997
504 999
504 1000
505 600
505 606
505 686
505 749
505 782
505 887
505 933
505 951
506 562
506 565
506 651
506 669
506 715
506 732
506 769
506 772
506 930
506 937
506 946
506 961
506 967
507 557
507 649
507 698
507 750
507 779
507 819
507 826
507 829
507 862
507 891
507 904
507 908
507 926
507 934
508 512
508 582
508 688
508 718
508 820
508 838
508 875
508 885
508 943
508 957
508 980
509 608
509 627
509 748
509 774
509 805
509 841
509 870
509 930
509 946
509 955
509 961
510 570
510 639
510 754
510 790
510 810
510 822
510 833
510 846
510 871
510 883
510 964
510 969
510 976
511 590
511 610
511 690
511 764
511 798
511 836
511 901
511 917
511 949
511 958
511 977
511 984
512 577
512 644
512 650
512 671
512 679
512 743
512 783
512 838
512 845
512 869
512 921
512 942
513 544
513 557
513 654
513 736
513 737
513 826
513 854
513 856
513 859
513 862
513 894
513 908
513 926
513 935
514 522
514 700
514 704
514 754
514 810
514 822
514 833
514 846
514 871
514 883
514 964
514 969
514 976
515 544
515 568
515 654
515 706
515 736
515 819
515 847
515 856
515 857
515 878
515 894
515 934
515 979
516 521
516 529
516 621
516 641
516 674
516 824
516 827
516 872
516 898
516 918
516 919
516 940
516 975
517 546
518 577
518 644
518 650
518 659
518 751
518 755
518 763
518 796
518 802
518 838
518 875
518 921
518 957
518 980
519 648
519 668
519 680
519 722
519 834
519 929
519 956
519 963
520 552
520 619
520 636
520 655
520 673
520 765
520 776
520 792
520 844
520 860
520 925
520 974
521 621
521 674
521 711
521 800
521 824
521 872
521 898
521 918
521 919
521 931
521 940
521 975
522 561
522 570
522 700
522 704
522 790
522 810
522 822
522 833
522 846
522 871
522 883
522 964
522 969
522 976
523 547
523 585
523 685
523 734
523 758
523 761
523 972
523 996
524 575
524 602
524 640
524 664
524 746
524 797
524 799
524 848
524 886
524 939
524 948
524 959
525 902
526 541
526 672
526 837
526 851
526 858
526 863
526 865
526 876
526 879
526 884
526 896
526 956
527 643
527 661
527 718
527 725
527 741
527 763
527 771
527 791
527 814
527 885
527 980
528 550
528 600
528 665
528 686
528 749
528 775
528 868
528 874
528 887
528 895
528 914
528 973
529 621
529 674
529 711
529 800
529 827
529 872
529 898
529 911
529 918
529 919
529 940
529 975
530 666
530 728
530 853
530 910
530 928
530 932
530 938
531 562
531 586
531 608
531 651
531 696
531 769
531 774
531 786
531 805
531 813
532 535
532 618
532 633
532 675
532 684
532 705
532 788
532 821
532 839
533 549
533 581
533 695
533 698
533 757
533 759
533 781
533 819
533 934
533 979
534 549
534 581
534 698
534 716
534 717
534 819
534 856
534 859
534 891
534 904
534 915
534 979
534 998
535 584
535 618
535 633
535 675
535 684
535 705
535 788
535 821
535 839
536 541
536 576
536 613
536 637
536 683
536 811
536 851
536 876
536 899
536 906
536 954
536 956
536 963
537 574
537 635
537 637
537 722
537 785
537 879
537 882
537 884
537 896
537 956
537 963
537 970
538 953
539 551
539 580
539 622
539 682
539 727
539 778
539 812
539 831
539 861
539 909
539 945
539 971
540 795
541 574
541 579
541 632
541 683
541 866
541 884
541 893
541 897
541 899
541 912
541 920
542 587
542 596
542 658
542 665
542 749
542 775
542 887
542 895
542 914
542 944
542 951
543 697
543 723
543 733
543 756
543 780
543 823
543 828
543 830
543 840
543 842
543 888
543 960
543 983
543 985
543 986
543 990
543 994
544 607
544 698
544 717
544 835
544 847
544 857
544 891
544 894
544 904
544 934
544 935
545 936
545 966
547 585
547 685
547 734
547 758
547 761
547 972
547 996
548 726
548 729
548 745
548 816
548 818
548 927
548 968
548 981
549 559
549 710
549 757
549 826
549 829
549 847
549 854
549 862
549 873
549 878
549 891
549 908
550 572
550 606
550 629
550 775
550 782
550 868
550 895
550 933
550 944
550 951
550 973
551 580
551 622
551 682
551 727
551 778
551 812
551 831
551 861
551 909
551 945
551 971
552 619
552 636
552 655
552 673
552 765
552 776
552 792
552 844
552 860
552 925
552 974
553 652
554 581
554 753
554 779
554 781
554 819
554 835
554 850
554 891
554 894
554 926
554 935
554 979
554 998
555 564
555 566
555 689
555 708
555 809
556 568
556 581
556 607
556 649
556 657
556 716
556 770
556 847
556 873
556 894
556 915
557 706
557 710
557 753
557 757
557 856
557 891
557 904
557 908
557 915
557 998
558 645
558 658
558 665
558 699
558 874
558 889
558 895
558 933
558 944
558 951
558 973
559 597
559 698
559 706
559 710
559 716
559 826
559 829
559 859
559 862
559 873
559 878
559 979
559 998
560 742
561 604
561 639
561 694
561 704
561 790
561 822
561 833
561 846
561 871
561 883
561 964
561 969
561 976
562 594
562 696
562 724
562 769
562 772
562 794
562 907
562 930
562 937
562 946
562 961
563 579
563 683
563 693
563 864
563 865
563 866
563 880
563 882
563 897
563 906
563 929
564 566
564 689
564 708
564 809
565 591
565 608
565 616
565 651
565 660
565 696
565 724
565 774
565 786
565 841
565 937
566 689
566 708
566 809
567 612
568 649
568 710
568 753
568 770
568 850
568 908
568 926
568 934
568 979
569 573
569 603
569 615
569 667
569 692
569 713
569 720
569 744
569 793
569 815
569 852
569 867
569 877
569 890
569 965
570 604
570 639
570 694
570 700
570 754
570 790
570 810
570 833
570 846
570 871
570 883
570 964
570 969
570 976
571 595
571 598
571 638
571 747
571 783
571 784
571 796
571 869
571 885
571 980
572 587
572 699
572 843
572 868
572 874
572 889
572 895
572 914
572 944
572 951
572 973
573 615
573 667
573 692
573 713
573 720
573 744
573 793
573 815
573 852
573 867
573 877
573 890
573 965
574 678
574 681
574 721
574 832
574 837
574 876
574 884
574 893
574 897
574 899
574 906
574 912
574 920
574 970
575 640
575 664
575 746
575 797
575 799
575 848
575 886
575 939
575 948
575 959
576 668
576 681
576 739
576 740
576 832
576 834
576 837
576 864
576 865
576 884
576 897
576 899
576 956
576 970
577 638
577 644
577 747
577 763
577 771
577 783
577 838
577 875
577 885
577 943
577 957
578 594
578 627
578 669
578 709
578 774
578 787
578 794
578 805
578 907
578 937
578 961
578 967
579 637
579 678
579 693
579 703
579 834
579 851
579 864
579 865
579 893
579 896
580 622
580 682
580 727
580 778
580 812
580 831
580 861
580 909
580 945
580 971
581 706
581 736
581 819
581 850
581 862
581 894
581 998
582 663
582 671
582 725
582 755
582 763
582 767
582 784
582 791
582 796
582 802
582 807
582 845
582 875
583 702
583 881
583 900
583 924
583 995
584 618
584 633
584 675
584 684
584 705
584 788
584 821
584 839
585 685
585 734
585 758
585 761
585 972
585 996
586 605
586 608
586 616
586 660
586 715
586 774
586 787
586 804
586 805
586 813
586 870
586 907
586 961
587 596
587 617
587 645
587 653
587 735
587 775
587 782
587 868
587 887
587 889
587 914
587 944
587 973
588 625
588 706
588 710
588 737
588 757
588 819
588 915
588 979
589 677
589 695
589 698
589 716
589 779
589 781
589 826
589 850
589 854
589 857
589 859
589 862
589 915
589 926
589 935
589 979
590 610
590 690
590 764
590 798
590 836
590 901
590 917
590 949
590 958
590 977
590 984
591 631
591 669
591 787
591 804
591 805
591 870
591 930
591 946
591 961
591 967
592 611
592 627
592 696
592 709
592 724
592 813
592 907
592 955
593 630
593 662
593 697
593 723
593 733
593 756
593 780
593 823
593 828
593 830
593 840
593 842
593 888
593 960
593 983
593 985
593 986
593 990
593 994
594 608
594 631
594 651
594 696
594 715
594 772
594 870
594 961
595 598
595 620
595 718
595 747
595 751
595 767
595 802
595 957
596 600
596 658
596 665
596 686
596 735
596 749
596 766
596 782
596 843
596 874
596 933
596 944
596 973
597 607
597 716
597 757
597 779
597 819
597 826
597 854
597 856
597 859
597 904
597 908
597 979
598 620
598 650
598 661
598 679
598 688
598 747
598 763
598 802
598 803
598 875
598 885
598 957
599 641
599 674
599 800
599 827
599 872
599 911
599 918
599 919
599 931
599 940
599 975
600 653
600 699
600 766
600 782
600 849
600 868
600 874
601 623
601 687
601 714
601 738
601 762
601 768
601 801
601 806
601 892
601 905
601 913
601 916
601 923
602 640
602 664
602 746
602 797
602 799
602 848
602 886
602 939
602 948
602 959
603 615
603 667
603 692
603 713
603 720
603 744
603 793
603 815
603 852
603 867
603 877
603 890
603 965
604 700
604 704
604 754
604 790
604 810
604 822
604 833
604 871
604 883
604 964
604 969
604 976
605 611
605 627
605 724
605 748
605 787
605 794
605 907
605 930
605 937
605 946
605 955
606 614
606 629
606 665
606 699
606 749
606 775
606 782
606 843
606 849
606 889
606 914
606 933
606 944
607 649
607 706
607 716
607 781
607 850
607 856
607 873
607 891
607 894
607 904
607 915
607 935
608 631
608 696
608 772
608 787
608 794
608 907
608 967
609 626
609 773
609 777
609 855
609 950
609 952
609 962
609 978
609 987
609 988
609 989
609 991
609 992
609 993
609 997
609 999
609 1000
610 690
610 764
610 798
610 836
610 901
610 917
610 949
610 958
610 977
610 984
611 627
611 709
611 786
611 805
611 930
611 946
611 955
611 967
613 632
613 635
613 701
613 722
613 811
613 863
613 864
613 880
613 893
613 896
613 897
613 912
613 920
613 954
613 956
613 970
614 617
614 653
614 699
614 766
614 775
614 843
614 868
614 887
614 914
614 933
614 944
614 951
614 973
615 667
615 692
615 713
615 720
615 744
615 793
615 815
615 852
615 867
615 877
615 890
615 965
616 669
616 732
616 769
616 804
616 907
616 937
616 946
616 955
616 961
617 629
617 658
617 665
617 686
617 735
617 868
617 874
617 933
617 944
617 973
618 633
618 675
618 684
618 705
618 788
618 821
618 839
619 636
619 655
619 673
619 765
619 776
619 792
619 844
619 860
619 925
619 974
620 628
620 638
620 643
620 743
620 767
620 784
620 791
620 845
620 869
620 942
620 943
620 957
621 641
621 711
621 800
621 824
621 872
621 898
621 911
621 918
621 919
621 931
621 940
621 975
622 682
622 727
622 778
622 812
622 831
622 861
622 909
622 945
622 971
623 687
623 712
623 714
623 738
623 760
623 762
623 768
623 801
623 825
623 892
623 905
623 913
623 916
623 923
624 630
624 662
624 697
624 723
624 733
624 756
624 780
624 823
624 828
624 830
624 840
624 842
624 888
624 960
624 983
624 985
624 986
624 990
624 994
625 654
625 698
625 737
625 770
625 781
625 819
625 847
625 850
625 862
625 894
625 904
625 926
625 979
625 998
626 773
626 777
626 855
626 950
626 952
626 962
626 978
626 987
626 988
626 989
626 991
626 992
626 993
626 997
626 999
626 1000
627 631
627 696
627 724
627 787
627 841
627 870
627 907
627 930
627 937
628 659
628 671
628 688
628 755
628 771
628 802
628 814
628 820
628 845
628 885
628 980
629 645
629 658
629 749
629 775
629 843
629 868
629 887
629 889
629 914
629 933
629 951
629 973
630 662
630 697
630 723
630 733
630 756
630 780
630 823
630 828
630 830
630 840
630 842
630 888
630 960
630 983
630 985
630 986
630 990
630 994
631 669
631 709
631 748
631 794
631 930
631 946
631 961
632 680
632 701
632 703
632 739
632 740
632 789
632 817
632 876
632 896
632 899
632 912
632 970
633 675
633 684
633 705
633 788
633 821
633 839
635 719
635 789
635 811
635 817
635 851
635 864
635 882
635 899
635 906
635 920
635 929
635 954
636 655
636 673
636 765
636 776
636 792
636 844
636 860
636 925
636 974
637 668
637 670
637 701
637 864
637 866
637 880
637 882
637 896
637 906
637 920
637 954
637 956
637 963
638 671
638 725
638 751
638 771
638 869
638 921
638 943
638 957
638 980
639 694
639 700
639 704
639 754
639 790
639 810
639 822
639 833
639 846
639 871
639 883
639 964
639 969
639 976
640 797
640 799
640 848
640 886
640 939
640 948
640 959
641 674
641 707
641 711
641 800
641 824
641 872
641 911
641 918
641 919
641 931
641 940
641 975
642 643
642 650
642 663
642 679
642 718
642 755
642 771
642 783
642 820
642 875
642 921
642 942
642 980
643 650
643 661
643 688
643 718
643 730
643 755
643 783
643 875
643 921
643 942
643 980
644 718
644 725
644 783
644 803
644 869
644 875
644 885
644 921
644 957
645 686
645 775
645 849
645 868
645 895
645 914
645 933
645 951
645 973
646 647
646 808
646 903
646 922
646 941
646 947
646 982
647 808
647 903
647 922
647 941
647 947
647 982
648 668
648 670
648 693
648 719
648 832
648 834
648 851
648 863
648 879
648 884
648 920
648 929
648 956
648 963
649 698
649 716
649 731
649 759
649 770
649 826
649 854
649 856
649 862
649 934
649 998
650 718
650 743
650 763
650 820
650 921
650 943
650 957
651 660
651 676
651 774
651 813
651 870
651 907
651 930
651 937
651 961
653 658
653 699
653 735
653 749
653 775
653 843
653 868
653 874
653 887
653 973
654 736
654 759
654 850
654 854
654 857
654 859
654 878
654 891
654 904
654 926
654 935
654 979
655 673
655 765
655 776
655 792
655 844
655 860
655 925
655 974
656 691
656 752
657 706
657 717
657 736
657 750
657 770
657 781
657 850
657 859
657 891
657 894
657 904
657 935
657 979
657 998
658 665
658 686
658 749
658 766
658 782
658 887
658 889
659 679
659 751
659 763
659 784
659 814
659 838
659 875
659 885
659 943
660 669
660 696
660 748
660 769
660 786
660 937
660 946
660 955
660 967
661 671
661 688
661 725
661 741
661 743
661 767
661 791
661 796
661 802
661 803
661 869
661 921
661 943
662 697
662 723
662 733
662 756
662 780
662 823
662 828
662 830
662 840
662 842
662 888
662 960
662 983
662 985
662 986
662 990
662 994
663 747
663 763
663 767
663 771
663 783
663 791
663 796
663 820
663 869
663 942
663 957
664 746
664 797
664 799
664 848
664 886
664 939
664 948
664 959
665 699
665 766
665 775
665 849
665 868
665 874
665 887
665 889
665 914
665 933
665 973
666 728
666 853
666 910
666 928
666 932
666 938
667 691
667 692
667 713
667 720
667 744
667 793
667 815
667 852
667 867
667 877
667 890
667 965
668 670
668 678
668 681
668 683
668 703
668 722
668 785
668 834
668 851
668 858
668 912
668 970
669 787
669 841
669 870
669 937
669 961
669 967
670 721
670 739
670 785
670 832
670 858
670 876
670 882
670 896
670 897
670 912
670 954
670 963
671 730
671 751
671 763
671 767
671 796
671 807
671 838
671 869
671 921
671 943
671 957
672 680
672 683
672 721
672 739
672 789
672 811
672 834
672 876
672 879
672 882
672 884
672 906
672 956
673 765
673 776
673 792
673 844
673 860
673 925
673 974
674 711
674 800
674 824
674 827
674 872
674 898
674 911
674 918
674 931
674 940
674 975
675 684
675 705
675 788
675 821
675 839
676 715
676 794
676 870
676 930
676 955
676 961
677 717
677 731
677 736
677 750
677 781
677 826
677 859
677 862
677 904
677 934
677 979
678 789
678 811
678 832
678 837
678 858
678 863
678 899
678 906
678 920
678 954
678 956
678 963
679 725
679 741
679 751
679 771
679 838
679 875
679 921
679 942
679 957
679 980
680 701
680 703
680 719
680 789
680 811
680 858
680 866
680 879
680 893
680 896
680 912
680 970
681 721
681 722
681 789
681 863
681 864
681 876
681 879
681 884
681 912
681 954
681 956
681 963
682 727
682 778
682 812
682 831
682 861
682 909
682 945
682 971
683 703
683 722
683 817
683 837
683 865
683 884
683 896
683 920
683 963
684 705
684 788
684 821
684 839
685 734
685 758
685 761
685 972
685 996
686 699
686 735
686 766
686 843
686 849
686 887
686 889
686 914
686 933
686 951
686 973
687 712
687 801
687 806
687 825
687 892
687 905
687 913
687 916
687 923
688 730
688 751
688 767
688 771
688 784
688 807
688 820
688 838
688 921
688 943
689 708
689 809
690 764
690 798
690 836
690 901
690 917
690 949
690 958
690 977
690 984
691 752
692 713
692 720
692 744
692 793
692 815
692 852
692 867
692 877
692 890
692 965
693 701
693 719
693 834
693 837
693 858
693 865
693 866
693 876
693 897
693 906
693 970
694 700
694 704
694 754
694 790
694 810
694 822
694 833
694 846
694 871
694 883
694 964
694 969
694 976
695 710
695 731
695 736
695 779
695 847
695 850
695 854
695 862
695 915
695 935
695 979
696 724
696 769
696 804
696 930
696 937
696 961
697 723
697 733
697 756
697 780
697 823
697 828
697 830
697 840
697 842
697 888
697 960
697 983
697 985
697 986
697 990
697 994
698 759
698 829
698 835
698 850
698 856
698 857
698 878
698 894
698 904
699 843
699 849
699 874
699 889
699 933
699 944
699 973
700 704
700 790
700 810
700 822
700 833
700 846
700 871
700 883
700 964
700 969
700 976
701 703
701 721
701 789
701 811
701 832
701 837
701 863
701 865
701 882
701 897
701 956
701 963
702 881
702 900
702 924
702 995
703 719
703 721
703 739
703 832
703 876
703 906
703 912
703 920
703 963
703 970
704 790
704 810
704 822
704 846
704 871
704 883
704 964
704 969
704 976
705 788
705 821
705 839
706 731
706 736
706 737
706 779
706 859
706 862
706 873
706 878
706 935
707 711
707 800
707 824
707 827
707 872
707 898
707 911
707 919
707 931
707 940
707 975
708 809
709 715
709 724
709 748
709 774
709 870
709 937
709 961
709 967
710 717
710 770
710 781
710 826
710 835
710 847
710 873
710 908
710 926
710 935
710 979
711 800
711 827
711 872
711 898
711 918
711 919
711 931
711 940
711 975
712 738
712 762
712 768
712 801
712 806
712 825
712 892
712 905
712 913
712 916
712 923
713 720
713 744
713 793
713 815
713 852
713 867
713 877
713 890
713 965
714 760
714 762
714 768
714 801
714 806
714 825
714 892
714 905
714 913
714 916
714 923
715 732
715 787
715 794
715 804
715 841
715 907
715 946
715 967
716 737
716 750
716 826
716 856
716 862
716 873
716 908
716 926
717 737
717 819
717 829
717 835
717 850
717 857
717 873
717 894
717 908
717 915
717 934
717 935
717 998
718 725
718 783
718 796
718 802
718 803
718 814
718 845
718 885
718 943
718 980
719 721
719 740
719 832
719 837
719 858
719 866
719 879
719 906
719 912
719 929
719 956
719 963
719 970
720 744
720 793
720 815
720 852
720 867
720 877
720 890
720 965
721 739
721 785
721 834
721 858
721 864
721 866
721 882
721 884
721 896
721 970
722 785
722 834
722 858
722 866
722 899
722 920
722 929
722 956
723 733
723 756
723 780
723 823
723 828
723 830
723 840
723 842
723 888
723 960
723 983
723 985
723 986
723 990
723 994
724 772
724 774
724 804
724 841
724 870
724 907
724 946
724 967
725 743
725 747
725 755
725 767
725 802
725 803
725 814
725 838
725 885
725 942
725 980
726 729
726 745
726 816
726 818
726 927
726 968
726 981
727 778
727 812
727 831
727 861
727 909
727 945
727 971
728 853
728 910
728 928
728 932
728 938
729 745
729 816
729 818
729 927
729 968
729 981
730 743
730 747
730 763
730 814
730 820
730 838
730 942
730 957
731 737
731 750
731 753
731 770
731 847
731 856
731 857
731 862
731 891
731 904
731 934
731 979
731 998
732 804
732 805
732 841
732 870
732 955
732 961
732 967
733 756
733 780
733 823
733 828
733 830
733 840
733 842
733 888
733 960
733 983
733 985
733 986
733 990
733 994
734 758
734 761
734 972
734 996
735 766
735 843
735 874
735 887
735 889
735 914
735 933
735 944
735 951
735 973
736 781
736 826
736 835
736 854
736 856
736 873
736 891
736 908
736 915
736 926
736 998
737 757
737 826
737 829
737 856
737 878
737 894
737 904
737 915
737 934
737 935
738 760
738 762
738 768
738 801
738 806
738 825
738 905
738 913
738 916
738 923
739 817
739 834
739 837
739 864
739 865
739 884
739 896
739 920
739 929
739 954
740 817
740 851
740 863
740 865
740 879
740 893
740 896
740 906
740 956
740 970
741 771
741 791
741 796
741 802
741 807
741 869
741 875
741 885
741 921
741 942
741 943
743 751
743 755
743 791
743 796
743 802
743 814
743 875
743 885
744 793
744 815
744 852
744 867
744 877
744 890
744 965
745 816
745 818
745 927
745 968
745 981
746 797
746 799
746 848
746 886
746 939
746 948
746 959
747 791
747 796
747 814
747 820
747 942
747 957
747 980
748 774
748 787
748 794
748 907
748 930
748 937
748 955
749 782
749 868
749 874
749 887
749 933
749 944
749 951
749 973
750 757
750 829
750 854
750 857
750 862
750 878
750 891
750 904
750 915
750 934
750 935
750 998
751 755
751 763
751 771
751 783
751 791
751 803
751 820
751 921
751 942
751 980
753 759
753 770
753 819
753 826
753 835
753 847
753 857
753 878
753 904
753 934
754 790
754 810
754 822
754 833
754 846
754 871
754 883
754 964
754 969
754 976
755 803
755 838
755 869
755 943
755 980
756 780
756 823
756 828
756 830
756 840
756 842
756 888
756 960
756 983
756 985
756 986
756 990
756 994
757 826
757 829
757 835
757 847
757 850
757 854
757 857
757 878
757 904
757 934
758 761
758 972
758 996
759 770
759 819
759 829
759 847
759 854
759 859
759 915
759 935
759 998
760 762
760 768
760 801
760 806
760 825
760 892
760 905
760 913
760 916
760 923
761 972
761 996
762 768
762 801
762 806
762 825
762 892
762 905
762 913
762 916
762 923
763 796
763 875
763 942
763 980
764 798
764 836
764 901
764 917
764 949
764 958
764 977
764 984
765 776
765 792
765 844
765 860
765 925
765 974
766 843
766 849
766 868
766 874
766 887
766 889
766 914
766 944
766 951
767 771
767 784
767 796
767 803
767 820
767 921
767 942
768 801
768 806
768 825
768 892
768 905
768 913
768 916
768 923
769 786
769 813
769 841
769 937
769 955
769 961
769 967
770 781
770 819
770 835
770 856
770 859
770 873
770 891
770 894
771 803
771 885
771 942
771 980
772 805
772 841
772 870
772 907
772 930
772 955
773 777
773 855
773 950
773 952
773 962
773 978
773 987
773 988
773 989
773 991
773 992
773 993
773 997
773 999
773 1000
774 805
774 841
774 930
774 937
774 946
774 967
775 782
775 849
775 874
775 887
775 889
775 895
775 914
775 951
775 973
776 792
776 844
776 860
776 925
776 974
777 855
777 950
777 952
777 962
777 978
777 987
777 988
777 989
777 991
777 992
777 993
777 997
777 999
777 1000
778 812
778 831
778 861
778 909
778 945
778 971
779 781
779 826
779 857
779 873
779 878
779 908
779 926
779 979
779 998
780 823
780 828
780 830
780 840
780 842
780 888
780 960
780 983
780 985
780 986
780 990
780 994
781 835
781 873
781 891
781 915
781 926
781 934
781 935
781 979
781 998
782 843
782 868
782 887
782 889
782 895
782 933
782 944
782 951
782 973
783 802
783 803
783 814
783 838
783 875
783 885
783 943
783 957
783 980
784 807
784 814
784 820
784 838
784 845
784 869
784 980
785 817
785 832
785 863
785 865
785 882
785 884
785 893
785 897
785 899
785 929
785 970
786 794
786 804
786 813
786 841
786 907
786 946
786 955
786 961
787 794
787 805
787 841
787 937
787 955
788 821
788 839
789 811
789 817
789 837
789 863
789 880
789 882
789 912
789 956
789 963
789 970
790 810
790 822
790 846
790 871
790 883
790 964
790 969
790 976
791 814
791 838
791 845
791 943
791 957
791 980
792 844
792 860
792 925
792 974
793 815
793 852
793 867
793 877
793 890
793 965
794 937
794 946
794 955
796 803
796 807
796 838
796 869
796 943
797 799
797 848
797 886
797 939
797 948
797 959
798 836
798 901
798 917
798 949
798 958
798 977
798 984
799 848
799 886
799 939
799 948
799 959
800 824
800 872
800 911
800 918
800 919
800 931
800 975
801 806
801 825
801 892
801 905
801 913
801 923
802 803
802 807
802 838
802 869
802 921
803 869
803 942
803 943
803 980
804 813
804 907
804 930
805 813
805 955
806 825
806 892
806 905
806 913
806 916
806 923
807 885
807 980
808 903
808 922
808 941
808 947
808 982
810 822
810 833
810 846
810 871
810 883
810 964
810 969
810 976
811 817
811 834
811 837
811 851
811 858
811 863
811 865
811 866
811 884
811 893
811 899
812 831
812 861
812 909
812 945
812 971
813 841
813 907
813 937
813 955
813 961
813 967
814 875
814 885
814 942
815 852
815 867
815 877
815 890
815 965
816 818
816 927
816 968
816 981
817 864
817 879
817 882
817 896
817 899
817 954
817 963
818 925
818 927
818 968
818 981
819 835
819 856
819 857
819 859
819 904
819 926
819 998
820 838
820 869
820 875
820 885
820 943
820 957
820 980
821 839
822 846
822 871
822 883
822 964
822 969
822 976
823 828
823 830
823 840
823 842
823 888
823 960
823 983
823 985
823 986
823 990
823 994
824 827
824 872
824 911
824 918
824 919
824 931
824 940
824 975
825 892
825 905
825 913
825 916
825 923
826 847
826 850
826 854
826 926
826 979
826 998
827 872
827 898
827 911
827 918
827 919
827 931
827 940
827 975
828 830
828 840
828 842
828 888
828 960
828 983
828 985
828 986
828 990
828 994
829 850
829 854
829 862
829 873
829 908
829 915
829 926
829 935
829 979
830 840
830 842
830 888
830 960
830 983
830 985
830 986
830 990
830 994
831 861
831 909
831 945
831 971
832 834
832 851
832 858
832 879
832 880
832 882
832 893
832 896
832 899
832 929
832 954
832 956
832 963
833 846
833 871
833 883
833 964
833 969
833 976
834 837
834 863
834 864
834 866
834 893
834 896
834 912
834 920
834 929
834 956
835 857
835 873
835 878
835 891
835 894
835 915
835 926
835 979
835 998
836 901
836 917
836 949
836 958
836 977
836 984
837 876
837 882
837 896
837 912
837 920
837 963
837 970
838 869
838 921
838 943
840 842
840 888
840 960
840 983
840 985
840 986
840 990
840 994
841 870
841 907
841 961
842 888
842 960
842 983
842 985
842 986
842 990
842 994
843 849
843 868
843 874
843 895
843 914
843 933
843 951
844 860
844 925
844 974
845 943
845 957
845 980
846 871
846 883
846 964
846 969
846 976
847 856
847 857
847 859
847 862
847 873
847 904
847 915
847 934
847 935
847 998
848 886
848 939
848 948
848 959
849 874
849 889
849 895
849 914
849 933
849 944
849 951
849 973
850 854
850 878
850 891
850 894
850 915
850 934
850 998
851 858
851 865
851 866
851 876
851 882
851 897
851 954
851 956
851 963
852 867
852 877
852 890
852 965
853 910
853 928
853 932
853 938
854 859
854 873
854 878
854 891
854 908
854 915
854 926
854 934
854 935
854 998
855 950
855 952
855 962
855 978
855 987
855 988
855 989
855 991
855 992
855 993
855 997
855 999
855 1000
856 857
856 891
856 908
856 915
856 935
856 998
857 859
857 891
857 904
857 908
857 926
857 934
857 979
857 998
858 863
858 865
858 879
858 880
858 882
858 884
858 896
858 897
858 912
858 929
858 954
858 963
858 970
859 878
859 891
859 894
859 904
859 926
859 934
859 935
859 979
860 925
860 974
861 909
861 945
861 971
862 908
862 979
863 865
863 876
863 880
863 893
863 920
863 956
863 963
863 970
864 866
864 879
864 880
864 882
864 897
864 906
864 920
864 954
864 956
864 970
865 876
865 896
865 897
865 899
865 906
865 912
865 954
865 970
866 876
866 879
866 882
866 884
866 893
866 896
866 929
866 954
866 956
866 963
867 877
867 890
867 965
868 874
868 895
868 944
868 951
868 973
869 942
869 957
870 907
870 946
870 955
870 961
870 967
871 883
871 964
871 969
871 976
872 898
872 911
872 919
872 931
872 940
872 975
873 926
873 934
873 935
873 979
873 998
874 887
874 889
874 933
874 973
875 957
875 980
876 879
876 880
876 884
876 929
876 954
876 956
876 963
876 970
877 890
877 965
878 891
878 904
878 908
878 926
878 979
879 880
879 882
879 884
879 896
879 897
879 899
879 920
879 929
879 954
880 893
880 896
880 920
880 929
880 956
880 963
881 900
881 924
881 995
882 897
882 899
882 906
882 912
882 920
882 929
882 954
882 956
882 963
882 970
883 964
883 969
883 976
884 893
884 896
884 897
884 899
884 912
884 929
884 954
884 970
885 921
885 957
886 939
886 948
886 959
887 895
887 914
887 933
887 951
888 960
888 983
888 985
888 986
888 990
888 994
889 895
889 914
890 965
891 934
892 905
892 913
892 916
892 923
893 897
893 912
893 956
893 963
893 970
894 904
894 908
894 915
894 926
894 934
894 935
894 979
895 914
895 944
895 973
896 899
896 906
896 929
896 970
897 912
897 920
897 954
897 956
897 963
898 911
898 918
898 919
898 931
898 940
898 975
899 912
899 920
899 954
899 970
900 924
900 995
901 917
901 949
901 958
901 977
901 984
903 922
903 941
903 947
903 982
904 915
904 926
904 934
905 913
905 916
905 923
906 912
906 920
906 929
906 954
906 970
907 930
907 955
907 961
907 967
908 915
908 926
908 934
909 945
909 971
910 928
910 932
910 938
911 918
911 919
911 931
911 940
911 975
912 920
912 929
912 954
912 956
912 963
913 916
913 923
914 933
914 951
914 973
915 926
915 998
916 923
917 949
917 958
917 977
917 984
918 919
918 940
918 975
919 931
919 940
919 975
920 954
921 942
921 943
921 980
922 941
922 947
922 982
924 995
925 974
926 934
926 998
927 968
927 981
928 932
928 938
929 954
929 956
930 946
930 961
930 967
931 940
931 975
932 938
933 944
933 951
934 979
934 998
936 966
937 955
937 967
939 948
939 959
940 975
941 947
941 982
942 943
942 957
942 980
944 973
945 971
946 961
947 982
948 959
949 958
949 977
949 984
950 952
950 962
950 978
950 987
950 988
950 989
950 991
950 992
950 993
950 997
950 999
950 1000
952 962
952 978
952 987
952 988
952 989
952 991
952 992
952 993
952 997
952 999
952 1000
954 956
955 967
956 970
958 977
958 984
960 983
960 985
960 986
960 990
960 994
961 967
962 978
962 987
962 988
962 989
962 991
962 992
962 993
962 997
962 999
962 1000
964 969
964 976
968 981
969 976
972 996
977 984
978 987
978 988
978 989
978 991
978 992
978 993
978 997
978 999
978 1000
979 998
983 985
983 986
983 990
983 994
985 986
985 990
985 994
986 990
986 994
987 988
987 989
987 991
987 992
987 993
987 997
987 999
987 1000
988 989
988 991
988 992
988 993
988 997
988 999
988 1000
989 991
989 992
989 993
989 997
989 999
989 1000
990 994
991 992
991 993
991 997
991 999
991 1000
992 993
992 997
992 999
992 1000
993 997
993 999
993 1000
997 999
997 1000
999 1000
