1 644
1 755
1 796
1 803
1 820
1 845
1 875
1 921
1 942
1 980
2 388
2 520
2 636
2 673
2 765
2 776
2 792
2 844
2 860
2 925
3 64
3 92
3 109
3 141
3 164
3 401
3 452
3 634
3 790
4 331
4 527
4 571
4 595
4 620
4 631
4 688
4 838
4 869
4 957
5 674
5 707
5 824
5 872
5 891
5 898
5 911
5 919
5 931
5 940
6 72
6 93
6 258
6 312
6 314
6 553
6 652
6 932
7 275
7 297
7 441
7 444
7 485
7 573
7 713
7 815
7 877
7 890
8 61
8 120
8 134
8 282
8 363
8 656
8 692
8 702
8 725
8 752
9 367
9 468
9 551
9 580
9 788
9 789
9 818
9 863
9 896
9 981
10 474
10 554
10 649
10 710
10 753
10 757
10 850
10 908
10 926
10 934
11 440
11 633
11 700
11 810
11 833
11 871
11 883
11 964
11 969
11 976
12 556
12 625
12 677
12 819
12 859
12 904
12 908
12 915
12 935
12 979
13 50
13 362
13 414
13 584
13 618
13 834
13 852
13 893
13 920
13 970
14 191
14 274
14 672
15 330
15 601
15 666
15 768
15 806
15 905
15 913
15 916
15 923
15 971
16 355
16 361
16 583
16 646
16 830
16 881
16 900
16 924
16 992
16 995
17 500
17 594
17 608
17 748
17 772
17 774
17 794
17 813
17 930
17 946
18 352
18 705
18 766
18 775
18 874
18 887
18 895
18 933
18 975
18 987
19 70
19 301
19 434
19 547
19 609
19 758
19 761
19 972
19 993
19 996
20 657
20 706
20 819
20 859
20 904
20 908
20 915
20 926
20 934
20 979
21 192
21 311
21 666
21 768
21 806
21 905
21 913
21 916
21 923
21 971
22 80
22 435
22 788
22 812
22 876
22 897
22 899
22 912
22 954
22 968
23 256
23 335
23 518
23 638
23 643
23 791
23 796
23 845
23 943
23 980
24 108
24 337
24 564
24 609
24 685
24 758
24 761
24 972
24 993
24 996
25 334
25 365
25 654
25 716
25 737
25 781
25 819
25 829
25 857
25 915
26 361
26 459
26 583
26 646
26 830
26 881
26 900
26 924
26 992
26 995
27 216
27 529
27 707
27 827
27 898
27 911
27 918
27 919
27 931
27 940
28 355
28 459
28 583
28 646
28 830
28 881
28 900
28 924
28 992
28 995
29 746
29 764
29 797
29 799
29 848
29 886
29 939
29 948
29 959
29 998
30 407
30 445
30 446
30 469
30 624
30 852
30 876
30 880
30 899
30 945
31 345
31 481
31 562
31 578
31 676
31 709
31 748
31 794
31 870
31 961
32 326
32 536
32 574
32 683
32 722
32 779
32 864
32 927
32 945
32 970
33 358
33 587
33 699
33 766
33 843
33 944
33 951
33 973
33 975
33 987
34 248
34 478
34 578
34 669
34 715
34 724
34 748
34 769
34 805
34 930
35 950
35 952
35 962
35 978
35 988
35 989
35 991
35 997
35 999
35 1000
36 697
36 723
36 733
36 780
36 823
36 842
36 901
36 960
36 983
36 990
37 88
37 105
37 143
37 288
37 400
37 450
37 708
38 516
38 621
38 800
38 872
38 891
38 911
38 918
38 919
38 931
38 940
39 207
39 276
39 277
39 281
39 566
39 689
39 809
40 217
40 236
40 433
40 628
40 671
40 679
40 688
40 747
40 802
40 838
41 690
41 763
41 798
41 822
41 836
41 917
41 949
41 958
41 977
41 984
42 170
42 354
42 680
42 681
42 789
42 818
42 837
42 865
42 867
42 920
43 179
43 359
43 363
43 380
43 499
43 656
43 692
43 702
43 725
43 752
44 697
44 723
44 733
44 780
44 823
44 842
44 901
44 960
44 983
44 990
45 153
45 556
45 607
45 698
45 757
45 826
45 856
45 878
45 904
45 979
46 697
46 723
46 733
46 780
46 823
46 842
46 901
46 960
46 983
46 990
47 55
47 95
47 525
47 555
47 902
48 338
48 447
48 500
48 586
48 651
48 769
48 805
48 907
48 930
48 967
49 950
49 952
49 962
49 978
49 988
49 989
49 991
49 997
49 999
49 1000
50 347
50 618
50 778
50 834
50 867
50 893
50 906
50 956
50 968
51 697
51 723
51 733
51 780
51 823
51 842
51 901
51 960
51 983
51 990
52 158
52 252
52 430
52 476
52 513
52 706
52 717
52 737
52 750
52 857
53 301
53 438
53 546
53 585
53 609
53 685
53 972
53 993
53 996
54 69
54 469
54 536
54 816
54 851
54 867
54 876
54 920
54 954
54 981
55 95
55 525
55 555
55 902
56 690
56 763
56 798
56 822
56 836
56 917
56 949
56 958
56 977
56 984
57 746
57 764
57 797
57 799
57 848
57 886
57 939
57 948
57 959
57 998
58 711
58 824
58 872
58 891
58 898
58 911
58 918
58 919
58 931
58 940
59 112
59 220
59 560
59 824
59 872
59 891
59 911
59 918
59 931
59 940
60 349
60 477
60 505
60 550
60 699
60 775
60 874
60 895
60 933
60 975
61 120
61 233
61 380
61 499
61 656
61 692
61 702
61 725
61 752
62 118
62 194
62 292
62 551
62 727
62 785
62 834
62 912
62 927
62 968
63 516
63 800
63 824
63 827
63 872
63 898
63 918
63 919
63 931
63 940
64 92
64 109
64 164
64 401
64 452
64 634
64 790
65 304
65 437
65 565
65 616
65 627
65 651
65 669
65 676
65 930
65 946
66 347
66 367
66 680
66 684
66 779
66 812
66 837
66 876
66 896
66 912
67 376
67 448
67 582
67 643
67 803
67 845
67 921
67 942
67 943
67 980
68 436
68 633
68 754
68 833
68 846
68 871
68 883
68 964
68 969
68 976
69 678
69 812
69 817
69 858
69 863
69 899
69 920
69 963
69 981
70 438
70 564
70 585
70 609
70 758
70 761
70 972
70 993
70 996
71 523
71 547
71 564
71 569
71 585
71 758
71 761
71 972
71 993
71 996
72 93
72 258
72 312
72 314
72 553
72 652
72 932
73 593
73 630
73 662
73 756
73 828
73 840
73 888
73 985
73 986
73 994
74 655
74 687
74 712
74 714
74 738
74 760
74 801
74 825
74 892
75 403
75 501
75 502
75 530
75 728
75 839
75 853
75 910
75 928
75 938
76 237
76 379
76 425
76 591
76 592
76 616
76 696
76 955
76 961
76 967
77 339
77 601
77 666
77 768
77 806
77 905
77 913
77 916
77 923
77 971
78 306
78 604
78 810
78 833
78 846
78 871
78 883
78 964
78 969
78 976
79 301
79 564
79 569
79 585
79 685
79 758
79 761
79 972
79 993
79 996
80 269
80 414
80 427
80 701
80 817
80 912
80 954
80 956
80 970
81 550
81 705
81 843
81 849
81 889
81 895
81 944
81 973
81 975
81 987
82 247
82 248
82 260
82 506
82 616
82 676
82 774
82 804
82 841
82 961
83 319
83 418
83 487
83 647
83 808
83 903
83 922
83 941
83 947
83 982
84 690
84 763
84 798
84 822
84 836
84 917
84 949
84 958
84 977
84 984
85 601
85 666
85 768
85 806
85 905
85 913
85 916
85 923
85 971
86 343
86 513
86 654
86 753
86 859
86 862
86 873
86 926
86 934
86 935
87 403
87 501
87 502
87 530
87 728
87 839
87 853
87 910
87 928
87 938
88 105
88 143
88 288
88 400
88 450
88 708
89 593
89 630
89 662
89 756
89 828
89 840
89 888
89 985
89 986
89 994
90 498
90 754
90 810
90 833
90 846
90 871
90 883
90 964
90 969
90 976
91 377
91 512
91 638
91 650
91 783
91 803
91 820
91 885
91 942
91 980
92 109
92 164
92 401
92 452
92 634
92 790
93 258
93 312
93 314
93 553
93 652
93 932
94 447
94 509
94 592
94 627
94 651
94 709
94 774
94 787
94 946
94 961
95 525
95 555
95 902
96 106
96 214
96 373
96 691
96 766
96 889
96 914
96 933
96 953
96 973
97 217
97 245
97 331
97 595
97 663
97 679
97 688
97 838
97 869
97 957
98 633
98 639
98 754
98 810
98 846
98 871
98 883
98 964
98 969
98 976
99 221
99 577
99 631
99 663
99 671
99 679
99 741
99 771
99 802
99 957
100 619
100 636
100 673
100 765
100 776
100 792
100 844
100 860
100 925
101 690
101 763
101 798
101 822
101 836
101 917
101 949
101 958
101 977
101 984
102 697
102 723
102 733
102 780
102 823
102 842
102 901
102 960
102 983
102 990
103 406
103 490
103 707
103 824
103 827
103 872
103 911
103 919
103 931
103 940
104 386
104 576
104 637
104 684
104 734
104 812
104 858
104 865
104 884
104 912
105 143
105 288
105 400
105 450
105 708
106 550
106 596
106 691
106 735
106 874
106 914
106 951
106 953
106 973
107 185
107 246
107 331
107 595
107 741
107 747
107 771
107 814
107 838
107 869
107 957
108 434
108 523
108 546
108 569
108 685
108 758
108 761
108 972
108 993
108 996
109 164
109 401
109 452
109 634
109 790
110 171
110 252
110 534
110 607
110 706
110 819
110 847
110 850
110 894
110 926
110 935
111 146
111 298
111 486
111 571
111 577
111 598
111 688
111 784
111 802
111 838
111 957
112 417
112 529
112 621
112 872
112 898
112 911
112 918
112 919
112 931
112 940
113 194
113 347
113 442
113 551
113 637
113 729
113 884
113 906
113 912
113 970
113 981
114 301
114 324
114 547
114 564
114 609
114 685
114 758
114 761
114 972
114 993
114 996
115 117
115 187
115 335
115 376
115 463
115 582
115 743
115 791
115 803
115 943
115 980
116 377
116 508
116 512
116 718
116 743
116 751
116 783
116 796
116 820
116 942
116 943
117 463
117 661
117 718
117 767
117 791
117 820
117 845
117 875
117 921
117 942
118 241
118 579
118 613
118 722
118 818
118 858
118 896
118 954
118 956
118 968
119 150
119 165
119 486
119 598
119 663
119 679
119 730
119 802
119 838
119 869
119 957
120 190
120 359
120 412
120 499
120 656
120 692
120 702
120 725
120 752
121 180
121 424
121 549
121 556
121 588
121 717
121 736
121 847
121 859
121 915
121 926
122 367
122 483
122 548
122 637
122 719
122 734
122 789
122 893
122 896
122 956
122 968
123 319
123 325
123 418
123 487
123 647
123 808
123 903
123 922
123 941
123 947
123 982
124 165
124 173
124 577
124 631
124 679
124 688
124 730
124 747
124 807
124 869
124 957
125 173
125 331
125 494
125 527
125 571
125 671
125 741
125 784
125 807
125 869
125 957
126 161
126 317
126 322
126 325
126 647
126 808
126 903
126 922
126 941
126 947
126 982
127 170
127 580
127 701
127 739
127 821
127 852
127 880
127 906
127 945
127 963
127 970
128 558
128 606
128 653
128 691
128 766
128 895
128 944
128 951
128 973
128 975
128 987
129 261
129 393
129 517
129 909
129 966
130 315
130 622
130 632
130 680
130 729
130 785
130 880
130 897
130 920
130 968
130 970
131 238
131 291
131 456
131 591
131 611
131 627
131 669
131 732
131 772
131 955
131 961
132 384
132 623
132 655
132 687
132 712
132 714
132 738
132 760
132 801
132 825
132 892
133 300
133 477
133 558
133 572
133 653
133 782
133 849
133 889
133 914
133 944
133 975
134 179
134 190
134 282
134 412
134 499
134 656
134 692
134 702
134 725
134 752
135 392
135 653
135 686
135 749
135 868
135 889
135 933
135 953
135 973
135 975
135 987
136 610
136 690
136 763
136 798
136 822
136 836
136 917
136 949
136 958
136 977
136 984
137 162
137 371
137 474
137 549
137 554
137 757
137 859
137 878
137 915
137 926
137 935
138 145
138 623
138 655
138 687
138 712
138 714
138 738
138 760
138 801
138 825
138 892
139 215
139 300
139 653
139 782
139 843
139 868
139 874
139 889
139 944
139 951
139 953
140 183
140 339
140 461
140 666
140 768
140 806
140 905
140 913
140 916
140 923
140 971
141 391
141 674
141 824
141 872
141 891
141 898
141 918
141 919
141 931
141 940
142 175
142 429
142 437
142 447
142 578
142 724
142 748
142 841
142 870
142 930
142 967
143 288
143 400
143 450
143 708
144 171
144 211
144 360
144 503
144 588
144 649
144 854
144 859
144 904
144 908
144 915
145 623
145 655
145 687
145 712
145 714
145 738
145 760
145 801
145 825
145 892
146 173
146 433
146 598
146 747
146 802
146 807
146 814
146 838
146 869
146 957
147 310
147 403
147 501
147 502
147 530
147 728
147 839
147 853
147 910
147 928
147 938
148 384
148 623
148 655
148 687
148 712
148 714
148 738
148 760
148 801
148 825
148 892
149 158
149 254
149 371
149 513
149 568
149 657
149 750
149 878
149 926
149 935
149 979
150 486
150 527
150 571
150 631
150 663
150 671
150 741
150 814
150 869
150 957
151 602
151 746
151 764
151 797
151 799
151 848
151 886
151 939
151 948
151 959
151 998
152 166
152 237
152 429
152 456
152 467
152 478
152 578
152 660
152 676
152 930
152 967
153 424
153 554
153 588
153 781
153 847
153 862
153 873
153 915
153 926
154 177
154 204
154 228
154 603
154 615
154 667
154 720
154 744
154 793
154 965
155 612
155 641
155 742
155 974
156 406
156 529
156 800
156 827
156 891
156 898
156 911
156 918
156 919
156 931
156 940
157 259
157 353
157 659
157 661
157 755
157 767
157 803
157 820
157 921
157 942
157 980
158 369
158 430
158 533
158 559
158 588
158 716
158 770
158 826
158 935
159 855
159 950
159 952
159 962
159 978
159 988
159 989
159 991
159 997
159 999
159 1000
160 678
160 701
160 785
160 818
160 821
160 831
160 867
160 954
160 968
160 970
160 981
161 197
161 418
161 487
161 647
161 808
161 903
161 922
161 941
161 947
161 982
162 252
162 266
162 405
162 677
162 731
162 736
162 854
162 857
162 859
162 873
163 318
163 483
163 632
163 721
163 745
163 864
163 880
163 906
163 912
163 920
163 954
164 401
164 452
164 634
164 790
165 455
165 486
165 663
165 730
165 741
165 747
165 838
165 869
165 957
166 296
166 348
166 478
166 493
166 591
166 592
166 660
166 930
166 946
166 955
167 255
167 269
167 454
167 536
167 548
167 834
167 851
167 906
167 920
167 954
167 970
168 239
168 278
168 378
168 658
168 686
168 868
168 889
168 914
168 973
168 975
168 987
169 272
169 324
169 438
169 546
169 569
169 685
169 758
169 761
169 972
169 993
169 996
170 483
170 535
170 551
170 779
170 789
170 866
170 893
170 954
170 970
171 222
171 581
171 716
171 750
171 759
171 770
171 819
171 857
171 908
172 855
172 950
172 952
172 962
172 978
172 988
172 989
172 991
172 997
172 999
172 1000
173 455
173 494
173 620
173 631
173 663
173 814
173 869
173 957
174 292
174 454
174 473
174 489
174 675
174 693
174 740
174 745
174 858
174 882
174 893
175 338
175 425
175 447
175 478
175 608
175 709
175 715
175 732
175 774
175 955
176 238
176 342
176 437
176 481
176 493
176 772
176 787
176 841
176 937
176 946
176 967
177 204
177 228
177 603
177 615
177 667
177 720
177 744
177 793
177 965
178 262
178 361
178 459
178 583
178 646
178 830
178 881
178 900
178 924
178 992
178 995
179 282
179 359
179 380
179 412
179 656
179 692
179 702
179 725
179 752
180 360
180 405
180 556
180 607
180 716
180 750
180 757
180 759
180 829
180 862
181 627
181 669
181 696
181 769
181 786
181 907
181 930
181 937
181 946
181 955
181 967
182 252
182 474
182 544
182 559
182 581
182 717
182 781
182 857
182 862
182 894
182 979
183 364
183 601
183 666
183 768
183 806
183 905
183 913
183 916
183 923
183 971
184 385
184 495
184 567
184 936
185 265
185 527
185 598
185 671
185 679
185 741
185 802
185 807
185 838
185 957
186 484
186 623
186 655
186 687
186 712
186 714
186 738
186 760
186 801
186 825
186 892
187 642
187 659
187 791
187 796
187 820
187 845
187 921
187 942
187 943
187 980
188 610
188 690
188 763
188 798
188 822
188 836
188 917
188 949
188 958
188 977
188 984
189 543
189 697
189 723
189 733
189 780
189 823
189 842
189 901
189 960
189 983
189 990
190 233
190 363
190 412
190 499
190 656
190 692
190 702
190 725
190 752
191 274
191 672
192 461
192 601
192 666
192 768
192 806
192 905
192 913
192 916
192 923
192 971
193 315
193 519
193 632
193 678
193 745
193 837
193 863
193 865
193 920
193 945
193 970
194 251
194 404
194 473
194 563
194 574
194 906
194 945
194 968
194 970
195 210
195 510
195 639
195 704
195 833
195 846
195 871
195 883
195 964
195 969
195 976
196 480
196 552
196 619
196 636
196 673
196 765
196 776
196 792
196 844
196 860
196 925
197 325
197 340
197 487
197 647
197 808
197 903
197 922
197 941
197 947
197 982
198 664
198 746
198 764
198 797
198 799
198 848
198 886
198 939
198 948
198 959
198 998
199 296
199 437
199 586
199 592
199 594
199 715
199 732
199 805
199 813
199 937
199 961
200 311
200 364
200 461
200 601
200 768
200 806
200 905
200 913
200 916
200 923
200 971
201 237
201 295
201 651
201 774
201 786
201 787
201 813
201 937
201 946
201 961
201 967
202 259
202 518
202 743
202 755
202 783
202 796
202 820
202 885
202 921
202 943
202 980
203 263
203 694
203 700
203 810
203 833
203 846
203 871
203 883
203 964
203 969
203 976
204 228
204 603
204 615
204 667
204 720
204 744
204 793
204 965
205 321
205 329
205 611
205 651
205 732
205 870
205 907
205 930
205 937
205 955
205 967
206 257
206 267
206 309
206 773
207 276
207 277
207 281
207 566
207 689
207 809
208 318
208 414
208 451
208 536
208 584
208 681
208 816
208 864
208 866
208 893
208 927
209 262
209 355
209 459
209 583
209 646
209 830
209 881
209 900
209 924
209 992
209 995
210 522
210 694
210 704
210 754
210 846
210 871
210 883
210 964
210 969
210 976
211 544
211 706
211 731
211 736
211 737
211 847
211 854
211 904
211 908
211 934
212 304
212 329
212 338
212 395
212 467
212 506
212 611
212 676
212 787
212 841
212 870
213 407
213 445
213 472
213 637
213 648
213 739
213 817
213 852
213 865
213 897
213 954
213 963
214 215
214 349
214 350
214 410
214 471
214 558
214 614
214 735
214 868
214 944
214 953
215 300
215 479
215 606
215 735
215 782
215 849
215 944
215 953
215 975
215 987
216 516
216 521
216 560
216 599
216 621
216 824
216 891
216 898
216 918
216 931
216 940
217 411
217 470
217 577
217 628
217 671
217 688
217 730
217 814
217 869
217 957
218 298
218 433
218 470
218 486
218 571
218 688
218 741
218 784
218 802
218 807
218 814
218 838
219 777
219 855
219 950
219 952
219 962
219 978
219 988
219 989
219 991
219 997
219 999
219 1000
220 491
220 516
220 621
220 711
220 800
220 872
220 898
220 918
220 919
220 931
220 940
221 416
221 433
221 527
221 577
221 620
221 679
221 747
221 802
221 814
221 869
221 957
222 320
222 581
222 607
222 649
222 753
222 770
222 835
222 856
222 904
222 908
222 934
223 541
223 579
223 584
223 622
223 680
223 729
223 779
223 852
223 866
223 899
223 906
223 981
224 590
224 610
224 690
224 763
224 798
224 822
224 836
224 917
224 949
224 958
224 977
224 984
225 590
225 610
225 690
225 763
225 798
225 822
225 836
225 917
225 949
225 958
225 977
225 984
226 590
226 610
226 690
226 763
226 798
226 822
226 836
226 917
226 949
226 958
226 977
226 984
227 349
227 606
227 629
227 645
227 686
227 699
227 735
227 749
227 953
227 973
227 975
227 987
228 603
228 615
228 667
228 720
228 744
228 793
228 965
229 395
229 462
229 493
229 592
229 676
229 724
229 794
229 804
229 907
229 946
229 955
229 967
230 460
230 512
230 582
230 638
230 783
230 796
230 820
230 845
230 875
230 885
230 921
230 980
231 431
231 650
231 743
231 751
231 767
231 783
231 791
231 845
231 875
231 942
231 943
231 980
232 445
232 451
232 496
232 519
232 537
232 563
232 668
232 719
232 788
232 893
232 929
232 956
233 359
233 363
233 380
233 412
233 499
233 656
233 692
233 702
233 725
233 752
234 640
234 664
234 746
234 764
234 797
234 799
234 848
234 886
234 939
234 948
234 959
234 998
235 396
235 529
235 599
235 824
235 827
235 872
235 898
235 911
235 918
235 919
235 931
235 940
236 265
236 411
236 416
236 455
236 663
236 741
236 747
236 771
236 784
236 802
236 957
237 366
237 423
237 429
237 456
237 565
237 605
237 715
237 732
237 774
238 592
238 608
238 696
238 715
238 774
238 786
238 794
238 907
238 955
238 961
239 264
239 542
239 629
239 686
239 843
239 889
239 895
239 933
239 951
239 975
239 987
240 498
240 694
240 704
240 754
240 810
240 833
240 846
240 871
240 883
240 964
240 969
240 976
241 357
241 526
241 648
241 684
241 701
241 816
241 851
241 927
241 929
241 956
241 981
242 448
242 518
242 582
242 661
242 743
242 791
242 803
242 845
242 921
242 942
242 943
242 980
243 449
243 475
243 552
243 619
243 636
243 673
243 765
243 776
243 792
243 844
243 860
243 925
244 315
244 451
244 483
244 535
244 574
244 680
244 721
244 779
244 876
244 893
244 897
244 920
245 486
245 571
245 628
245 671
245 688
245 747
245 802
245 807
245 838
245 869
245 957
246 265
246 486
246 494
246 527
246 577
246 620
246 663
246 671
246 741
246 771
246 807
247 382
247 423
247 429
247 605
247 608
247 627
247 748
247 787
247 804
247 955
247 967
248 316
248 437
248 531
248 586
248 592
248 696
248 748
248 794
248 813
248 961
249 414
249 458
249 532
249 729
249 739
249 778
249 811
249 821
249 831
249 863
249 893
249 899
250 491
250 560
250 711
250 800
250 827
250 891
250 898
250 911
250 918
250 919
250 931
250 940
251 347
251 446
251 584
251 635
251 788
251 789
251 821
251 864
251 876
251 899
251 927
252 399
252 554
252 654
252 737
252 835
252 859
252 934
252 979
253 304
253 366
253 594
253 627
253 669
253 715
253 732
253 774
253 786
253 907
253 937
253 955
254 334
254 507
254 544
254 588
254 657
254 731
254 736
254 750
254 835
254 862
254 908
255 357
255 675
255 683
255 693
255 785
255 837
255 864
255 879
255 920
255 945
255 981
256 381
256 460
256 518
256 751
256 767
256 875
256 885
256 921
256 942
256 943
256 980
257 267
257 309
257 773
258 312
258 314
258 553
258 652
258 932
259 642
259 644
259 751
259 755
259 796
259 875
259 921
259 942
259 943
259 980
260 509
260 578
260 605
260 611
260 627
260 724
260 772
260 841
260 937
260 955
260 967
261 393
261 517
261 909
261 966
262 361
262 459
262 583
262 646
262 830
262 881
262 900
262 924
262 992
262 995
263 538
263 593
263 630
263 662
263 756
263 828
263 840
263 888
263 985
263 986
263 994
264 358
264 428
264 600
264 762
264 766
264 775
264 887
264 889
264 951
264 953
264 973
265 494
265 595
265 598
265 620
265 747
265 771
265 802
265 814
265 957
266 507
266 556
266 568
266 597
266 625
266 695
266 731
266 819
266 854
266 862
266 894
267 309
267 773
268 332
268 515
268 597
268 657
268 695
268 737
268 826
268 850
268 857
268 859
268 894
268 904
269 473
269 532
269 574
269 668
269 675
269 721
269 778
269 861
269 864
269 896
270 389
270 408
270 705
270 782
270 843
270 849
270 874
270 933
270 953
270 973
270 975
270 987
271 640
271 664
271 746
271 764
271 797
271 799
271 848
271 886
271 939
271 948
271 959
271 998
272 337
272 434
272 438
272 547
272 569
272 609
272 685
272 758
272 972
272 993
272 996
273 795
273 855
273 950
273 952
273 962
273 978
273 988
273 989
273 991
273 997
273 999
273 1000
274 672
275 297
275 441
275 444
275 485
275 573
275 713
275 815
275 877
275 890
276 277
276 281
276 566
276 689
276 809
277 281
277 566
277 689
277 809
278 350
278 410
278 572
278 614
278 665
278 691
278 843
278 887
278 889
278 951
278 987
279 473
279 496
279 574
279 637
279 648
279 729
279 788
279 789
279 811
279 858
279 876
279 906
280 293
280 360
280 716
280 737
280 750
280 753
280 847
280 850
280 862
280 904
280 915
280 979
281 566
281 689
281 809
282 359
282 363
282 380
282 499
282 656
282 692
282 702
282 725
282 752
283 777
283 795
283 855
283 950
283 952
283 962
283 978
283 988
283 989
283 991
283 997
283 999
283 1000
284 368
284 408
284 686
284 749
284 775
284 782
284 868
284 887
284 944
284 951
284 953
284 975
284 987
285 334
285 534
285 556
285 557
285 597
285 731
285 757
285 781
285 829
285 856
285 915
285 926
285 979
286 777
286 795
286 855
286 950
286 952
286 962
286 978
286 988
286 989
286 991
286 997
286 999
286 1000
287 439
287 600
287 614
287 629
287 665
287 775
287 849
287 887
287 895
287 933
287 944
287 953
287 975
288 400
288 450
288 708
289 370
289 409
289 538
289 593
289 630
289 662
289 756
289 828
289 840
289 888
289 985
289 986
289 994
290 511
290 590
290 610
290 690
290 763
290 798
290 822
290 836
290 917
290 949
290 958
290 977
290 984
291 437
291 562
291 605
291 669
291 676
291 696
291 709
291 748
291 794
291 841
291 955
291 967
292 407
292 414
292 637
292 668
292 740
292 788
292 864
292 896
292 929
292 954
292 963
293 589
293 607
293 677
293 706
293 736
293 819
293 826
293 854
293 873
293 894
293 908
293 935
294 341
294 649
294 654
294 716
294 737
294 759
294 829
294 850
294 854
294 862
294 894
294 908
294 935
295 345
295 481
295 493
295 531
295 578
295 605
295 774
295 805
295 841
295 930
295 955
295 967
296 303
296 316
296 500
296 594
296 627
296 669
296 769
296 813
296 870
296 937
296 961
297 441
297 444
297 485
297 573
297 713
297 815
297 877
297 890
298 411
298 494
298 598
298 671
298 730
298 747
298 771
298 784
298 814
298 838
298 957
299 344
299 356
299 515
299 695
299 829
299 847
299 854
299 857
299 894
299 904
299 915
299 935
299 979
300 542
300 587
300 749
300 782
300 874
300 889
300 895
300 944
300 973
300 987
301 523
301 546
301 585
301 685
301 758
301 761
301 972
301 993
301 996
302 351
302 582
302 659
302 661
302 718
302 751
302 791
302 875
302 885
302 921
302 942
302 943
302 980
303 423
303 425
303 456
303 500
303 509
303 565
303 651
303 660
303 769
303 805
303 907
303 946
304 425
304 447
304 506
304 509
304 591
304 660
304 709
304 794
304 955
304 967
305 311
305 330
305 364
305 461
305 601
305 666
305 768
305 806
305 905
305 913
305 916
305 923
305 971
306 514
306 694
306 700
306 704
306 754
306 833
306 846
306 871
306 883
306 964
306 969
306 976
307 383
307 560
307 711
307 800
307 824
307 827
307 872
307 891
307 911
307 918
307 919
307 931
307 940
308 413
308 422
308 484
308 623
308 655
308 687
308 712
308 714
308 738
308 760
308 801
308 825
308 892
309 773
310 403
310 501
310 502
310 530
310 728
310 839
310 853
310 910
310 928
310 938
311 330
311 461
311 666
311 768
311 806
311 905
311 913
311 916
311 923
311 971
312 314
312 553
312 652
312 932
313 413
313 422
313 484
313 623
313 655
313 687
313 712
313 714
313 738
313 760
313 801
313 825
313 892
314 553
314 652
314 932
315 357
315 624
315 701
315 834
315 864
315 882
315 884
315 896
315 956
315 968
316 447
316 467
316 478
316 509
316 562
316 724
316 813
316 841
316 870
316 955
316 967
317 322
317 325
317 340
317 418
317 487
317 647
317 808
317 903
317 922
317 941
317 947
317 982
318 327
318 427
318 576
318 678
318 727
318 837
318 851
318 863
318 897
318 912
318 929
319 322
319 340
319 418
319 487
319 647
319 808
319 903
319 922
319 941
319 947
319 982
320 341
320 360
320 607
320 706
320 750
320 770
320 854
320 859
320 862
320 894
320 904
320 908
321 493
321 509
321 591
321 696
321 724
321 774
321 787
321 794
321 804
321 870
321 930
321 967
322 340
322 418
322 487
322 647
322 808
322 903
322 922
322 941
322 947
322 982
323 343
323 649
323 736
323 737
323 759
323 829
323 847
323 854
323 904
323 926
323 934
323 935
323 979
324 546
324 547
324 564
324 569
324 585
324 609
324 758
324 761
324 972
324 993
324 996
325 418
325 487
325 647
325 808
325 903
325 922
325 941
325 947
325 982
326 354
326 386
326 407
326 648
326 719
326 722
326 745
326 893
326 927
326 929
326 945
326 954
327 681
327 683
327 701
327 740
327 745
327 816
327 818
327 832
327 858
327 882
327 893
327 920
328 406
328 674
328 707
328 800
328 824
328 827
328 891
328 898
328 911
328 918
328 919
328 931
328 940
329 395
329 398
329 481
329 578
329 616
329 709
329 724
329 732
329 870
329 907
329 955
330 339
330 601
330 666
330 768
330 806
330 905
330 913
330 916
330 923
330 971
331 433
331 455
331 470
331 598
331 730
331 802
331 807
331 869
331 957
332 343
332 390
332 474
332 513
332 597
332 736
332 859
332 873
332 878
332 908
332 926
332 934
333 356
333 405
333 625
333 649
333 677
333 716
333 737
333 757
333 759
333 829
333 873
333 915
333 926
334 534
334 654
334 695
334 710
334 731
334 750
334 770
334 850
334 873
334 908
335 448
335 643
335 661
335 718
335 783
335 845
335 875
335 921
335 942
335 943
335 980
336 366
336 382
336 460
336 493
336 605
336 616
336 627
336 696
336 769
336 907
336 946
336 961
336 967
337 434
337 523
337 547
337 564
337 585
337 685
337 758
337 761
337 972
337 993
337 996
338 509
338 531
338 651
338 676
338 769
338 772
338 805
338 930
338 946
338 961
339 364
339 601
339 666
339 768
339 806
339 905
339 913
339 916
339 923
339 971
340 418
340 487
340 647
340 808
340 903
340 922
340 941
340 947
340 982
341 371
341 399
341 698
341 826
341 829
341 856
341 857
341 873
341 908
341 935
341 979
342 447
342 493
342 586
342 591
342 676
342 748
342 774
342 805
342 870
342 907
342 946
342 955
343 405
343 533
343 654
343 695
343 737
343 826
343 862
343 873
343 878
343 934
344 369
344 476
344 503
344 544
344 588
344 597
344 695
344 716
344 736
344 850
344 926
344 934
345 426
345 531
345 586
345 592
345 787
345 804
345 841
345 930
345 946
345 955
345 961
346 454
346 541
346 635
346 678
346 727
346 817
346 818
346 852
346 879
346 884
346 954
346 963
346 968
347 357
347 536
347 541
347 579
347 745
347 812
347 884
347 968
347 981
348 366
348 379
348 429
348 437
348 616
348 772
348 774
348 787
348 841
348 870
348 930
348 946
349 350
349 550
349 691
349 699
349 843
349 889
349 951
349 953
349 973
349 987
350 479
350 572
350 645
350 762
350 766
350 843
350 868
350 933
350 953
350 973
351 431
351 448
351 512
351 718
351 755
351 783
351 791
351 885
351 921
351 942
351 943
351 980
352 373
352 397
352 457
352 528
352 606
352 686
352 691
352 699
352 762
352 849
352 944
352 975
353 643
353 661
353 718
353 743
353 755
353 767
353 796
353 803
353 885
353 921
353 943
353 980
354 472
354 551
354 624
354 684
354 831
354 834
354 866
354 876
354 882
354 968
354 970
355 361
355 459
355 583
355 646
355 830
355 881
355 900
355 924
355 992
355 995
356 657
356 716
356 736
356 759
356 829
356 847
356 850
356 854
356 859
356 873
356 915
356 934
357 683
357 726
357 740
357 821
357 861
357 882
357 896
357 897
357 954
357 956
358 439
358 542
358 550
358 658
358 665
358 705
358 762
358 775
358 849
358 933
358 953
358 987
359 363
359 380
359 412
359 499
359 656
359 692
359 702
359 725
359 752
360 424
360 556
360 677
360 737
360 750
360 819
360 826
360 854
360 935
360 979
361 459
361 583
361 646
361 830
361 881
361 900
361 924
361 992
361 995
362 497
362 681
362 684
362 722
362 778
362 785
362 837
362 864
362 879
362 882
362 906
362 956
362 970
363 380
363 412
363 499
363 656
363 692
363 702
363 725
363 752
364 461
364 601
364 666
364 768
364 806
364 905
364 913
364 916
364 923
364 971
365 554
365 557
365 581
365 706
365 829
365 854
365 856
365 862
365 878
365 904
365 915
365 934
365 979
366 565
366 732
366 769
366 786
366 787
366 804
366 805
366 841
366 946
366 967
367 670
367 682
367 734
367 812
367 865
367 866
367 884
367 896
367 927
367 929
367 945
368 397
368 617
368 699
368 749
368 843
368 887
368 889
368 895
368 944
368 953
368 973
368 975
368 987
369 464
369 507
369 625
369 657
369 706
369 716
369 757
369 835
369 859
369 894
369 926
369 934
370 409
370 538
370 593
370 630
370 662
370 756
370 828
370 840
370 888
370 985
370 986
370 994
371 476
371 507
371 513
371 568
371 736
371 856
371 857
371 873
371 904
371 926
371 934
372 626
372 777
372 795
372 855
372 950
372 952
372 962
372 978
372 988
372 989
372 991
372 997
372 999
372 1000
373 428
373 528
373 542
373 691
373 762
373 766
373 849
373 895
373 914
373 933
373 944
373 973
374 436
374 440
374 561
374 604
374 633
374 639
374 700
374 754
374 846
374 871
374 883
374 964
374 969
374 976
375 584
375 637
375 719
375 734
375 739
375 789
375 851
375 864
375 912
375 927
375 945
375 963
375 968
375 970
376 508
376 642
376 643
376 650
376 743
376 751
376 767
376 796
376 803
376 875
376 921
376 980
377 431
377 755
377 767
377 791
377 796
377 803
377 845
377 875
377 885
377 921
377 942
377 980
378 389
378 479
378 653
378 705
378 775
378 849
378 874
378 887
378 889
378 914
378 933
378 951
378 975
379 425
379 437
379 509
379 562
379 724
379 774
379 786
379 794
379 805
379 946
379 955
379 961
380 412
380 499
380 656
380 692
380 702
380 725
380 752
381 448
381 463
381 642
381 644
381 659
381 718
381 751
381 755
381 803
381 875
381 885
381 942
381 980
382 423
382 467
382 478
382 608
382 669
382 748
382 769
382 772
382 805
382 841
382 937
382 961
383 521
383 621
383 674
383 707
383 711
383 800
383 824
383 827
383 891
383 898
383 911
383 918
383 940
384 422
384 484
384 623
384 655
384 687
384 712
384 714
384 738
384 760
384 801
384 825
384 892
385 495
385 567
385 936
386 404
386 446
386 451
386 541
386 635
386 637
386 789
386 817
386 899
386 906
386 945
386 956
387 504
387 777
387 795
387 855
387 950
387 952
387 962
387 978
387 988
387 989
387 991
387 997
387 999
387 1000
388 482
388 488
388 520
388 552
388 619
388 636
388 673
388 765
388 776
388 792
388 844
388 860
388 925
389 505
389 542
389 572
389 614
389 653
389 691
389 705
389 749
389 868
389 944
389 973
389 987
390 513
390 554
390 556
390 710
390 717
390 759
390 826
390 835
390 854
390 894
390 908
390 926
390 935
391 491
391 560
391 599
391 674
391 827
391 872
391 891
391 898
391 911
391 918
391 919
391 931
391 940
392 477
392 479
392 572
392 596
392 629
392 658
392 735
392 766
392 849
392 874
392 895
392 951
392 987
393 517
393 909
393 966
394 575
394 602
394 640
394 664
394 746
394 764
394 797
394 799
394 848
394 886
394 939
394 948
394 959
394 998
395 509
395 660
395 769
395 786
395 787
395 870
395 937
395 946
395 955
395 961
395 967
396 674
396 711
396 800
396 824
396 827
396 872
396 891
396 898
396 911
396 918
396 919
396 931
396 940
397 596
397 699
397 762
397 782
397 843
397 874
397 887
397 895
397 914
397 944
397 953
397 975
398 565
398 591
398 627
398 669
398 696
398 709
398 748
398 769
398 786
398 805
398 841
398 907
398 946
399 515
399 557
399 607
399 695
399 717
399 757
399 850
399 857
399 873
399 908
399 934
399 979
400 450
400 708
401 452
401 634
401 790
402 626
402 777
402 795
402 855
402 950
402 952
402 962
402 978
402 988
402 989
402 991
402 997
402 999
402 1000
403 501
403 502
403 530
403 728
403 839
403 853
403 910
403 928
403 938
404 432
404 489
404 548
404 701
404 729
404 778
404 837
404 861
404 867
404 899
404 906
404 954
405 476
405 515
405 549
405 581
405 781
405 829
405 850
405 915
405 926
405 935
406 674
406 707
406 711
406 800
406 824
406 872
406 898
406 918
406 919
406 931
406 940
407 445
407 563
407 584
407 719
407 722
407 811
407 864
407 879
407 882
407 927
408 457
408 596
408 665
408 849
408 868
408 887
408 889
408 914
408 951
408 953
408 973
408 987
409 538
409 593
409 630
409 662
409 756
409 828
409 840
409 888
409 985
409 986
409 994
410 443
410 505
410 572
410 600
410 665
410 868
410 887
410 889
410 914
410 933
410 944
410 953
411 433
411 470
411 494
411 527
411 571
411 628
411 679
411 784
411 807
411 814
411 838
412 499
412 656
412 692
412 702
412 725
412 752
413 422
413 484
413 623
413 655
413 687
413 712
413 714
413 738
413 760
413 801
413 825
413 892
414 473
414 489
414 526
414 684
414 722
414 817
414 884
414 897
414 963
415 777
415 795
415 855
415 950
415 952
415 962
415 978
415 988
415 989
415 991
415 997
415 999
415 1000
416 455
416 486
416 494
416 628
416 631
416 671
416 679
416 730
416 741
416 771
416 807
416 814
416 869
417 560
417 599
417 674
417 707
417 711
417 824
417 827
417 872
417 891
417 898
417 911
417 918
417 919
417 931
418 647
418 808
418 903
418 922
418 941
418 947
418 982
419 432
419 458
419 496
419 579
419 681
419 726
419 821
419 831
419 837
419 865
419 912
419 927
419 956
419 968
419 981
420 545
420 626
420 777
420 795
420 855
420 950
420 952
420 962
420 978
420 988
420 989
420 991
420 997
420 999
420 1000
421 524
421 575
421 602
421 640
421 664
421 746
421 764
421 797
421 799
421 848
421 886
421 939
421 948
421 959
421 998
422 484
422 623
422 655
422 687
422 712
422 714
422 738
422 760
422 801
422 825
422 892
423 591
423 594
423 605
423 696
423 715
423 774
423 786
423 813
423 870
423 946
423 961
424 581
424 731
424 737
424 770
424 826
424 850
424 862
424 878
424 904
424 915
424 926
424 935
425 456
425 462
425 506
425 509
425 531
425 592
425 748
425 907
425 955
425 961
426 437
426 467
426 591
426 608
426 611
426 651
426 676
426 696
426 732
426 772
426 804
426 813
426 907
426 937
427 613
427 684
427 727
427 785
427 789
427 834
427 863
427 866
427 884
427 906
427 954
427 968
427 981
428 443
428 471
428 587
428 600
428 658
428 766
428 843
428 849
428 874
428 951
428 973
428 975
428 987
429 562
429 565
429 616
429 709
429 724
429 774
429 841
429 870
429 930
429 937
430 534
430 556
430 589
430 649
430 757
430 770
430 781
430 819
430 856
430 859
430 873
430 878
430 915
431 512
431 638
431 642
431 661
431 718
431 796
431 875
431 885
431 921
431 942
431 943
431 980
432 468
432 519
432 548
432 670
432 701
432 778
432 812
432 816
432 837
432 851
432 858
432 867
432 893
433 470
433 571
433 620
433 628
433 730
433 747
433 771
433 814
433 957
434 523
434 546
434 564
434 569
434 609
434 685
434 758
434 761
434 972
434 993
434 996
435 442
435 532
435 684
435 701
435 703
435 727
435 740
435 788
435 851
435 858
435 864
435 867
435 912
435 981
436 604
436 639
436 694
436 700
436 704
436 754
436 810
436 833
436 871
436 883
436 964
436 969
436 976
437 478
437 500
437 586
437 611
437 907
437 937
438 523
438 546
438 547
438 569
438 585
438 685
438 758
438 761
438 972
438 993
438 996
439 479
439 528
439 558
439 600
439 762
439 782
439 887
439 895
439 933
439 944
439 951
439 953
439 975
440 514
440 561
440 633
440 704
440 754
440 810
440 833
440 846
440 871
440 883
440 964
440 969
440 976
441 444
441 485
441 573
441 713
441 815
441 877
441 890
442 473
442 536
442 618
442 632
442 668
442 812
442 864
442 880
442 893
442 896
442 899
442 912
442 954
443 558
443 658
443 699
443 705
443 849
443 868
443 887
443 889
443 933
443 951
443 953
443 973
443 987
444 485
444 573
444 713
444 815
444 877
444 890
445 473
445 721
445 729
445 788
445 812
445 831
445 858
445 879
445 897
445 906
445 945
446 451
446 618
446 734
446 779
446 821
446 832
446 834
446 837
446 858
446 863
446 920
446 956
447 562
447 578
447 715
447 786
447 805
447 907
447 961
447 967
448 582
448 650
448 751
448 767
448 783
448 803
448 845
448 885
448 943
448 980
449 475
449 480
449 482
449 488
449 520
449 619
449 636
449 673
449 765
449 776
449 792
449 844
449 860
449 925
450 708
451 551
451 722
451 779
451 816
451 837
451 884
451 893
451 956
451 968
451 970
452 634
452 790
453 570
453 626
453 777
453 795
453 855
453 950
453 952
453 962
453 978
453 988
453 989
453 991
453 997
453 999
453 1000
454 519
454 535
454 622
454 637
454 678
454 719
454 811
454 818
454 864
454 865
454 893
454 954
455 486
455 527
455 595
455 598
455 620
455 663
455 747
455 784
455 802
455 957
456 531
456 605
456 709
456 772
456 907
456 930
456 937
456 946
456 961
456 967
457 471
457 550
457 658
457 665
457 686
457 735
457 749
457 766
457 775
457 933
457 953
457 973
457 987
458 535
458 541
458 648
458 745
458 785
458 811
458 861
458 867
458 893
458 929
458 945
458 954
458 968
459 583
459 646
459 830
459 881
459 900
459 924
459 992
459 995
460 508
460 638
460 751
460 755
460 796
460 845
460 875
460 885
460 921
460 942
460 943
460 980
461 601
461 666
461 768
461 806
461 905
461 913
461 916
461 923
461 971
462 466
462 478
462 506
462 715
462 748
462 769
462 786
462 805
462 907
462 930
462 946
462 955
462 961
463 582
463 643
463 644
463 661
463 718
463 783
463 820
463 875
463 921
463 942
463 943
463 980
464 625
464 657
464 677
464 731
464 736
464 737
464 750
464 753
464 826
464 854
464 908
464 926
464 935
464 979
465 524
465 575
465 602
465 640
465 664
465 746
465 764
465 797
465 799
465 848
465 886
465 939
465 948
465 959
465 998
466 506
466 578
466 605
466 651
466 660
466 696
466 709
466 724
466 804
466 813
466 841
466 955
466 961
466 967
467 493
467 605
467 608
467 715
467 732
467 748
467 774
467 786
467 787
467 937
468 496
468 519
468 526
468 563
468 613
468 624
468 682
468 719
468 726
468 739
468 778
468 821
468 879
469 539
469 563
469 668
469 682
469 727
469 729
469 734
469 785
469 851
469 852
469 863
469 884
469 981
470 527
470 628
470 663
470 730
470 771
470 784
470 807
470 814
470 838
470 957
471 550
471 572
471 596
471 617
471 749
471 887
471 914
471 933
471 944
471 951
471 953
471 973
471 987
472 519
472 537
472 584
472 618
472 719
472 726
472 745
472 861
472 866
472 867
472 880
472 956
472 963
472 970
473 579
473 739
473 811
473 837
473 867
473 884
473 899
473 927
473 968
474 534
474 581
474 588
474 589
474 654
474 698
474 710
474 737
474 857
474 859
474 908
474 915
475 480
475 482
475 488
475 520
475 552
475 619
475 636
475 673
475 765
475 776
475 792
475 844
475 860
475 925
476 554
476 581
476 625
476 649
476 677
476 731
476 847
476 854
476 856
476 862
476 873
476 935
477 479
477 542
477 606
477 653
477 658
477 699
477 775
477 868
477 887
477 889
477 895
477 951
477 975
478 594
478 608
478 651
478 669
478 748
478 774
478 870
478 937
479 505
479 542
479 606
479 617
479 691
479 762
479 775
479 843
479 889
479 951
480 482
480 488
480 520
480 552
480 619
480 636
480 673
480 765
480 776
480 792
480 844
480 860
480 925
481 509
481 562
481 565
481 586
481 676
481 709
481 715
481 724
481 772
481 774
481 804
481 930
482 488
482 520
482 552
482 619
482 636
482 673
482 765
482 776
482 792
482 844
482 860
482 925
483 613
483 635
483 637
483 816
483 817
483 818
483 831
483 837
483 863
483 880
483 954
483 968
484 623
484 655
484 687
484 712
484 714
484 738
484 760
484 801
484 825
484 892
485 573
485 713
485 815
485 877
485 890
486 598
486 628
486 771
486 784
486 807
486 869
486 957
487 647
487 808
487 903
487 922
487 941
487 947
487 982
488 520
488 552
488 619
488 636
488 673
488 765
488 776
488 792
488 844
488 860
488 925
489 541
489 580
489 668
489 785
489 789
489 817
489 832
489 865
489 882
489 896
489 920
489 956
489 970
490 491
490 516
490 521
490 599
490 707
490 711
490 824
490 872
490 891
490 898
490 911
490 918
490 919
490 931
490 940
491 529
491 599
491 800
491 824
491 827
491 872
491 891
491 898
491 918
491 919
491 931
491 940
492 524
492 575
492 602
492 640
492 664
492 746
492 764
492 797
492 799
492 848
492 886
492 939
492 948
492 959
492 998
493 565
493 709
493 724
493 794
493 805
493 907
493 955
493 967
494 595
494 598
494 663
494 671
494 688
494 741
494 814
494 869
494 957
495 567
495 936
496 622
496 693
496 818
496 821
496 851
496 864
496 876
496 899
496 929
496 954
496 956
496 963
497 539
497 574
497 618
497 678
497 734
497 779
497 816
497 861
497 863
497 864
497 867
497 880
497 884
497 963
497 981
498 522
498 633
498 639
498 694
498 700
498 704
498 810
498 833
498 846
498 871
498 883
498 964
498 969
498 976
499 656
499 692
499 702
499 725
499 752
500 506
500 592
500 605
500 715
500 794
500 804
500 813
500 870
500 907
500 937
500 946
501 502
501 530
501 728
501 839
501 853
501 910
501 928
501 938
502 530
502 728
502 839
502 853
502 910
502 928
502 938
503 554
503 559
503 581
503 597
503 654
503 657
503 706
503 757
503 829
503 835
503 856
503 859
503 878
503 934
504 540
504 570
504 777
504 795
504 855
504 950
504 952
504 962
504 978
504 988
504 989
504 991
504 997
504 999
504 1000
505 572
505 617
505 658
505 699
505 705
505 766
505 874
505 887
505 895
505 973
505 975
505 987
506 709
506 732
506 786
506 804
506 841
506 937
506 955
506 961
506 967
507 588
507 657
507 716
507 753
507 835
507 854
507 856
507 857
507 878
507 904
507 926
507 979
508 638
508 644
508 767
508 783
508 791
508 803
508 820
508 875
508 885
508 921
508 942
508 943
508 980
509 627
509 794
509 870
509 937
509 955
510 514
510 522
510 561
510 604
510 639
510 700
510 754
510 810
510 833
510 846
510 871
510 883
510 964
510 969
510 976
511 590
511 610
511 690
511 763
511 798
511 822
511 836
511 917
511 949
511 958
511 977
511 984
512 659
512 661
512 718
512 755
512 783
512 791
512 796
512 845
512 885
512 921
512 943
513 557
513 568
513 753
513 781
513 829
513 835
513 857
513 859
513 878
513 979
514 604
514 633
514 639
514 700
514 704
514 810
514 833
514 846
514 871
514 883
514 964
514 969
514 976
515 589
515 597
515 717
515 770
515 835
515 854
515 856
515 857
515 862
515 873
515 878
515 979
516 599
516 674
516 711
516 800
516 824
516 827
516 891
516 898
516 911
516 919
516 931
517 909
517 966
518 642
518 644
518 650
518 718
518 767
518 783
518 791
518 796
518 845
518 875
518 942
518 943
519 535
519 536
519 675
519 745
519 788
519 818
519 851
519 852
519 876
519 956
520 552
520 619
520 636
520 673
520 765
520 776
520 792
520 844
520 860
520 925
521 599
521 621
521 674
521 707
521 711
521 800
521 827
521 891
521 898
521 911
521 918
521 919
521 931
521 940
522 561
522 604
522 633
522 694
522 704
522 754
522 810
522 833
522 846
522 871
522 883
522 964
522 969
522 976
523 546
523 564
523 569
523 585
523 609
523 685
523 758
523 761
523 972
523 993
523 996
524 575
524 602
524 640
524 664
524 746
524 764
524 797
524 799
524 848
524 886
524 939
524 948
524 959
524 998
525 555
525 902
526 539
526 574
526 622
526 648
526 727
526 739
526 858
526 861
526 879
526 884
526 899
526 945
526 968
526 981
527 663
527 730
527 747
527 784
527 814
527 838
527 869
527 957
528 550
528 600
528 645
528 762
528 775
528 849
528 874
528 887
528 895
528 933
528 953
528 973
528 975
528 987
529 621
529 674
529 824
529 827
529 872
529 891
529 898
529 911
529 918
529 919
529 931
529 940
530 728
530 839
530 853
530 910
530 928
530 938
531 586
531 669
531 709
531 724
531 732
531 769
531 772
531 774
531 787
531 804
531 930
532 541
532 579
532 668
532 682
532 701
532 722
532 739
532 745
532 779
532 818
532 834
532 837
532 876
532 897
533 544
533 568
533 625
533 698
533 710
533 716
533 757
533 770
533 781
533 829
533 847
533 857
533 878
533 915
533 935
534 549
534 557
534 753
534 759
534 826
534 847
534 856
534 859
534 873
534 878
534 904
534 979
535 580
535 622
535 668
535 693
535 703
535 812
535 831
535 851
535 852
535 912
535 963
535 968
536 580
536 637
536 866
536 867
536 880
536 882
536 897
536 945
536 954
536 981
537 541
537 574
537 613
537 703
537 719
537 726
537 727
537 785
537 865
537 876
537 893
537 897
537 899
537 927
537 956
538 593
538 630
538 662
538 756
538 828
538 840
538 888
538 985
538 986
538 994
539 632
539 703
539 729
539 811
539 837
539 861
539 864
539 865
539 867
539 896
539 899
539 920
539 956
539 963
540 545
540 570
540 626
540 777
540 795
540 855
540 950
540 952
540 962
540 978
540 988
540 989
540 991
540 997
540 999
540 1000
541 618
541 622
541 632
541 675
541 740
541 879
541 912
541 927
541 970
542 587
542 629
542 645
542 686
542 735
542 766
542 868
542 874
542 914
542 944
543 697
543 723
543 733
543 780
543 823
543 842
543 901
543 960
543 983
543 990
544 559
544 581
544 588
544 677
544 698
544 717
544 750
544 753
544 835
544 850
544 873
544 908
545 570
545 626
545 777
545 795
545 855
545 950
545 952
545 962
545 978
545 988
545 989
545 991
545 997
545 999
545 1000
546 547
546 569
546 585
546 609
546 758
546 761
546 972
546 993
546 996
547 564
547 569
547 609
547 685
547 758
547 761
547 972
547 993
547 996
548 579
548 613
548 683
548 726
548 734
548 779
548 831
548 858
548 879
548 896
548 897
548 927
548 945
549 556
549 568
549 607
549 649
549 717
549 731
549 781
549 826
549 835
549 847
549 856
549 878
549 926
550 558
550 572
550 587
550 596
550 617
550 665
550 691
550 914
550 975
551 574
551 693
551 721
551 729
551 740
551 779
551 837
551 858
551 897
551 945
551 968
552 619
552 636
552 673
552 765
552 776
552 792
552 844
552 860
552 925
553 652
553 932
554 710
554 716
554 759
554 826
554 878
554 894
554 904
554 908
554 935
555 902
556 588
556 736
556 737
556 847
556 894
556 904
556 915
556 935
557 559
557 588
557 589
557 710
557 826
557 829
557 847
557 857
557 873
557 904
557 915
557 926
557 934
558 572
558 614
558 735
558 766
558 782
558 843
558 874
558 914
558 933
558 973
558 975
558 987
559 568
559 597
559 649
559 654
559 677
559 759
559 770
559 819
559 854
559 859
559 873
559 904
559 979
560 599
560 707
560 800
560 824
560 827
560 891
560 898
560 911
560 918
560 919
560 931
560 940
561 633
561 639
561 694
561 700
561 704
561 754
561 810
561 833
561 846
561 871
561 883
561 964
561 969
561 976
562 591
562 715
562 774
562 786
562 804
562 805
562 813
562 841
562 930
562 955
562 967
563 683
563 722
563 734
563 832
563 864
563 867
563 876
563 879
563 880
563 893
563 899
563 945
563 981
564 569
564 609
564 685
564 758
564 761
564 972
564 993
564 996
565 586
565 669
565 724
565 772
565 774
565 787
565 907
565 937
565 955
565 961
566 689
566 809
567 667
567 936
568 677
568 698
568 737
568 770
568 819
568 859
568 878
568 894
568 926
568 934
568 935
569 585
569 685
569 761
569 972
569 993
569 996
570 626
570 777
570 795
570 855
570 950
570 952
570 962
570 978
570 988
570 989
570 991
570 997
570 999
570 1000
571 631
571 663
571 741
571 747
571 784
571 802
571 807
571 814
571 838
571 869
572 653
572 665
572 686
572 705
572 782
572 843
572 849
572 951
573 713
573 815
573 877
573 890
574 816
574 852
574 858
574 876
574 893
574 912
574 920
574 954
574 981
575 602
575 640
575 664
575 746
575 764
575 797
575 799
575 848
575 886
575 939
575 948
575 959
575 998
576 680
576 682
576 703
576 727
576 740
576 785
576 811
576 812
576 831
576 832
576 876
576 879
576 897
576 945
576 954
576 968
577 620
577 628
577 631
577 730
577 747
577 771
577 784
577 802
577 807
577 814
577 838
577 869
578 591
578 627
578 786
578 813
578 930
578 946
578 955
578 961
578 967
579 580
579 635
579 788
579 812
579 816
579 821
579 863
579 879
579 880
579 899
579 929
580 622
580 693
580 703
580 719
580 727
580 739
580 821
580 851
580 866
580 893
580 968
580 981
581 625
581 737
581 856
581 894
581 908
581 934
581 935
581 979
582 644
582 783
582 791
582 796
582 803
582 875
582 885
582 921
582 942
582 943
582 980
583 646
583 830
583 881
583 900
583 924
583 992
583 995
584 613
584 675
584 739
584 778
584 788
584 831
584 834
584 851
584 865
584 884
584 912
585 609
585 685
585 758
585 761
585 972
585 993
585 996
586 591
586 594
586 608
586 611
586 786
586 805
586 870
586 955
586 967
587 614
587 617
587 665
587 749
587 766
587 849
587 868
587 889
587 895
587 944
587 951
587 973
587 975
588 677
588 698
588 706
588 731
588 894
588 935
588 979
589 649
589 677
589 698
589 759
589 819
589 835
589 847
589 850
589 908
589 926
589 934
589 935
589 979
590 610
590 690
590 763
590 798
590 822
590 836
590 917
590 949
590 958
590 977
590 984
591 605
591 611
591 709
591 748
591 813
591 955
591 967
592 611
592 651
592 724
592 786
592 805
592 841
592 870
592 907
592 946
593 630
593 662
593 756
593 828
593 840
593 888
593 985
593 986
593 994
594 605
594 651
594 669
594 715
594 732
594 794
594 804
594 805
594 813
594 870
594 946
594 955
595 620
595 628
595 679
595 688
595 730
595 741
595 771
595 784
595 802
595 807
595 814
595 869
595 957
596 617
596 629
596 645
596 705
596 735
596 762
596 849
596 933
596 944
596 951
596 953
596 973
596 987
597 607
597 695
597 736
597 819
597 835
597 854
597 856
597 862
597 915
597 934
597 979
598 628
598 688
598 741
598 784
598 807
598 814
598 838
598 869
598 957
599 711
599 824
599 827
599 872
599 891
599 911
599 918
599 919
599 931
599 940
600 645
600 686
600 782
600 849
600 868
600 874
600 887
600 933
600 951
600 953
600 973
600 975
600 987
601 666
601 768
601 806
601 905
601 913
601 916
601 923
601 971
602 640
602 664
602 746
602 764
602 797
602 799
602 848
602 886
602 939
602 948
602 959
602 998
603 615
603 667
603 720
603 744
603 793
603 965
604 639
604 694
604 700
604 704
604 754
604 810
604 833
604 846
604 871
604 883
604 964
604 969
604 976
605 732
605 748
605 870
605 937
605 946
605 955
606 749
606 766
606 775
606 782
606 849
606 874
606 889
606 914
606 933
606 944
606 951
606 975
606 987
607 625
607 654
607 716
607 750
607 826
607 829
607 859
607 873
607 904
607 934
608 611
608 616
608 676
608 696
608 748
608 805
608 841
608 907
608 946
608 961
609 685
609 758
609 761
609 972
609 993
609 996
610 690
610 763
610 798
610 822
610 836
610 917
610 949
610 958
610 977
610 984
611 616
611 627
611 660
611 696
611 732
611 772
611 804
611 813
611 937
612 641
612 742
612 974
613 618
613 675
613 719
613 817
613 821
613 834
613 851
613 879
613 880
613 893
613 927
613 929
614 705
614 762
614 868
614 874
614 887
614 895
614 914
614 933
614 944
614 951
614 953
614 975
614 987
615 667
615 720
615 744
615 793
615 965
616 651
616 696
616 709
616 724
616 748
616 787
616 813
616 841
616 930
616 946
617 645
617 665
617 705
617 749
617 887
617 889
617 895
617 933
617 944
617 953
617 975
617 987
618 624
618 632
618 745
618 788
618 831
618 865
618 880
618 896
618 899
618 945
618 968
619 636
619 673
619 765
619 776
619 792
619 844
619 860
619 925
620 628
620 663
620 679
620 741
620 784
620 802
620 807
620 838
620 869
620 957
621 707
621 711
621 800
621 827
621 872
621 891
621 898
621 911
621 918
621 919
621 931
621 940
622 648
622 670
622 681
622 722
622 817
622 831
622 865
622 884
622 896
622 912
622 956
622 963
623 655
623 687
623 712
623 714
623 738
623 760
623 801
623 825
623 892
624 648
624 675
624 779
624 789
624 821
624 834
624 851
624 864
624 879
624 899
624 920
624 945
624 956
624 963
624 970
625 695
625 698
625 710
625 736
625 770
625 862
625 873
625 878
625 904
625 934
625 979
626 777
626 795
626 855
626 950
626 952
626 962
626 978
626 988
626 989
626 991
626 997
626 999
626 1000
627 660
627 696
627 787
627 907
627 930
627 937
627 967
628 663
628 671
628 688
628 771
628 784
628 807
628 869
628 957
629 645
629 658
629 691
629 699
629 762
629 782
629 868
629 889
629 895
629 914
629 944
629 973
629 975
629 987
630 662
630 756
630 828
630 840
630 888
630 985
630 986
630 994
631 663
631 671
631 679
631 688
631 730
631 741
631 747
631 771
631 784
631 802
631 807
631 957
632 670
632 701
632 703
632 726
632 778
632 831
632 834
632 851
632 858
632 882
632 906
632 954
632 981
633 639
633 694
633 754
633 810
633 833
633 846
633 871
633 883
633 964
633 969
633 976
634 790
635 668
635 680
635 683
635 693
635 721
635 726
635 778
635 785
635 831
635 832
635 837
635 861
635 879
635 882
635 896
636 673
636 765
636 776
636 792
636 844
636 860
636 925
637 683
637 726
637 778
637 831
637 861
637 884
637 927
637 945
637 954
638 643
638 644
638 659
638 718
638 743
638 755
638 767
638 783
638 796
638 845
638 885
638 921
638 942
638 980
639 694
639 700
639 810
639 833
639 846
639 871
639 883
639 964
639 969
639 976
640 664
640 746
640 764
640 797
640 799
640 848
640 886
640 939
640 948
640 959
640 998
641 742
641 974
642 643
642 650
642 659
642 751
642 755
642 767
642 791
642 820
642 845
642 885
642 921
642 942
642 943
642 980
643 650
643 659
643 661
643 751
643 755
643 803
643 820
643 845
643 875
643 942
643 943
643 980
644 661
644 743
644 767
644 791
644 803
644 820
644 845
644 875
644 885
644 942
644 943
644 980
645 653
645 699
645 735
645 782
645 843
645 868
645 889
645 895
645 944
645 951
645 973
645 975
646 830
646 881
646 900
646 924
646 992
646 995
647 808
647 903
647 922
647 941
647 947
647 982
648 670
648 681
648 682
648 701
648 719
648 722
648 745
648 789
648 852
648 863
648 864
648 945
649 698
649 770
649 781
649 835
649 847
649 894
649 904
649 915
649 934
649 935
650 659
650 661
650 743
650 751
650 755
650 767
650 791
650 796
650 820
650 875
650 885
650 921
650 942
650 980
651 660
651 786
651 787
651 813
651 870
651 907
651 955
651 967
652 932
653 658
653 699
653 775
653 843
653 887
653 889
653 895
653 933
653 951
653 973
653 975
653 987
654 710
654 731
654 753
654 759
654 781
654 857
654 894
654 908
654 915
654 934
654 979
655 687
655 712
655 714
655 738
655 760
655 801
655 825
655 892
656 692
656 702
656 725
656 752
657 695
657 706
657 716
657 731
657 750
657 753
657 829
657 857
657 926
657 934
657 935
657 979
658 699
658 705
658 762
658 775
658 874
658 914
658 944
658 951
658 953
658 973
658 987
659 661
659 743
659 755
659 767
659 783
659 803
659 820
659 845
659 885
659 921
659 943
659 980
660 669
660 709
660 715
660 732
660 786
660 794
660 804
660 813
660 870
660 930
660 961
660 967
661 743
661 751
661 803
661 820
661 921
661 942
661 943
661 980
662 756
662 828
662 840
662 888
662 985
662 986
662 994
663 747
663 771
663 814
663 838
663 957
664 746
664 764
664 797
664 799
664 848
664 886
664 939
664 948
664 959
664 998
665 686
665 691
665 749
665 762
665 775
665 849
665 868
665 914
665 944
665 953
665 987
666 768
666 806
666 905
666 913
666 916
666 923
666 971
667 720
667 744
667 793
667 965
668 721
668 734
668 739
668 816
668 863
668 896
668 920
668 929
668 954
668 968
668 970
668 981
669 769
669 804
669 841
669 907
669 930
669 946
669 961
670 739
670 740
670 779
670 789
670 812
670 816
670 821
670 861
670 864
670 866
670 876
670 879
670 912
670 920
670 956
670 970
671 679
671 688
671 730
671 771
671 784
671 838
671 869
671 957
673 765
673 776
673 792
673 844
673 860
673 925
674 707
674 824
674 827
674 872
674 891
674 898
674 911
674 918
674 919
674 940
675 722
675 778
675 779
675 788
675 812
675 821
675 832
675 834
675 837
675 880
675 882
675 954
675 970
676 709
676 772
676 787
676 841
676 870
676 930
676 937
676 946
676 961
677 750
677 757
677 759
677 826
677 862
677 878
677 894
677 926
677 979
678 703
678 729
678 734
678 740
678 745
678 785
678 811
678 832
678 876
678 880
678 882
678 912
678 956
678 970
679 688
679 730
679 741
679 784
679 802
679 838
679 869
679 957
680 684
680 789
680 812
680 816
680 817
680 834
680 863
680 864
680 865
680 866
680 867
680 880
680 896
680 899
681 693
681 726
681 745
681 817
681 851
681 852
681 865
681 879
681 882
681 899
681 912
681 927
681 929
681 954
682 726
682 816
682 818
682 831
682 851
682 863
682 865
682 882
682 893
682 896
682 899
682 912
682 929
682 945
682 963
682 981
683 719
683 740
683 785
683 811
683 821
683 876
683 893
683 897
683 912
683 927
683 945
683 956
683 963
683 970
684 703
684 861
684 863
684 867
684 882
684 897
684 927
684 945
684 954
684 956
684 963
684 970
684 981
685 758
685 761
685 972
685 993
685 996
686 691
686 735
686 766
686 868
686 874
686 887
686 895
686 933
686 944
686 975
686 987
687 712
687 714
687 738
687 760
687 801
687 825
687 892
688 730
688 741
688 747
688 771
688 802
688 807
688 838
689 809
690 763
690 798
690 822
690 836
690 917
690 949
690 958
690 977
690 984
691 735
691 766
691 868
691 889
691 914
691 933
691 944
691 953
691 973
692 702
692 725
692 752
693 703
693 719
693 727
693 740
693 821
693 832
693 851
693 861
693 863
693 866
693 879
693 929
693 970
693 981
694 700
694 704
694 754
694 810
694 833
694 846
694 871
694 883
694 964
694 969
694 976
695 736
695 759
695 781
695 826
695 829
695 857
695 878
695 894
695 904
695 908
695 935
695 979
696 715
696 805
696 907
696 930
696 946
696 955
696 961
697 723
697 733
697 780
697 823
697 842
697 901
697 960
697 983
697 990
698 736
698 753
698 770
698 826
698 835
698 847
698 850
698 856
698 857
698 908
698 926
698 934
699 735
699 762
699 775
699 843
699 914
699 933
699 951
699 987
700 704
700 754
700 810
700 833
700 846
700 871
700 883
700 964
700 969
700 976
701 703
701 866
701 880
701 882
701 893
701 897
701 920
701 927
701 929
701 954
702 725
702 752
703 778
703 789
703 817
703 834
703 858
703 861
703 864
703 879
703 882
703 899
703 963
704 754
704 810
704 833
704 846
704 871
704 883
704 964
704 969
704 976
705 749
705 762
705 868
705 895
705 914
705 944
705 951
705 953
705 973
706 717
706 731
706 750
706 781
706 829
706 847
706 856
706 873
706 878
706 915
706 926
707 711
707 800
707 824
707 872
707 891
707 911
707 918
707 919
707 931
707 940
709 786
709 804
709 870
709 937
710 757
710 826
710 829
710 847
710 850
710 856
710 862
710 894
710 904
710 915
710 926
710 934
710 935
711 800
711 827
711 872
711 891
711 911
711 918
711 919
711 931
711 940
712 714
712 738
712 760
712 801
712 825
712 892
713 815
713 877
713 890
714 738
714 760
714 801
714 825
714 892
715 769
715 772
715 804
715 813
715 870
715 907
715 967
716 819
716 826
716 847
716 850
716 856
716 873
716 935
716 979
717 731
717 736
717 753
717 759
717 781
717 850
717 854
717 856
717 859
717 862
717 873
717 878
717 908
717 979
718 743
718 751
718 755
718 767
718 803
718 820
718 875
718 921
718 942
718 943
718 980
719 729
719 832
719 867
719 884
719 906
719 912
719 927
719 929
719 968
720 744
720 793
720 965
721 722
721 734
721 778
721 789
721 852
721 863
721 864
721 867
721 880
721 906
721 927
721 945
721 954
721 956
721 968
721 981
722 729
722 811
722 812
722 818
722 832
722 837
722 851
722 880
722 897
722 906
723 733
723 780
723 823
723 842
723 901
723 960
723 983
723 990
724 769
724 786
724 794
724 805
724 907
724 961
724 967
725 752
726 740
726 779
726 811
726 832
726 834
726 866
726 867
726 899
726 927
726 968
726 970
726 981
727 745
727 811
727 818
727 832
727 851
727 880
727 884
727 920
727 945
727 956
727 963
727 968
728 839
728 853
728 910
728 928
728 938
729 831
729 832
729 834
729 837
729 861
729 865
729 927
729 929
729 954
729 963
730 747
730 771
730 802
730 807
730 814
730 838
730 957
731 750
731 819
731 835
731 857
731 862
731 894
731 908
731 915
732 769
732 772
732 787
732 805
732 813
732 841
732 870
732 937
733 780
733 823
733 842
733 901
733 960
733 983
733 990
734 778
734 811
734 812
734 864
734 865
734 906
734 912
734 945
734 956
734 968
734 970
734 981
735 762
735 775
735 874
735 887
735 914
735 933
735 944
735 951
735 953
735 973
735 987
736 847
736 856
736 894
736 915
736 926
736 934
736 935
737 829
737 835
737 850
737 854
737 894
737 915
737 935
738 760
738 801
738 825
738 892
739 789
739 818
739 821
739 851
739 852
739 861
739 867
739 912
739 929
739 954
739 956
739 963
740 785
740 812
740 821
740 837
740 866
740 906
740 920
740 929
740 954
740 970
740 981
741 771
741 784
741 802
741 807
741 814
741 869
742 974
743 751
743 755
743 767
743 791
743 796
743 845
743 875
743 885
743 921
743 942
743 943
744 793
744 965
745 851
745 852
745 858
745 864
745 865
745 880
745 906
745 929
745 981
746 764
746 797
746 799
746 848
746 886
746 939
746 948
746 959
746 998
747 807
747 814
747 838
747 869
747 957
748 907
748 930
748 937
748 946
748 961
748 967
749 766
749 782
749 843
749 868
749 895
749 914
749 933
749 944
749 953
749 973
749 987
750 819
750 829
750 835
750 873
750 894
750 904
750 908
750 979
751 755
751 767
751 783
751 791
751 875
751 921
751 942
751 943
751 980
753 757
753 759
753 819
753 826
753 829
753 850
753 856
753 857
753 904
753 915
753 926
753 979
754 810
754 833
754 846
754 871
754 883
754 964
754 969
754 976
755 783
755 796
755 820
755 875
755 885
755 943
755 980
756 828
756 840
756 888
756 985
756 986
756 994
757 781
757 819
757 829
757 850
757 854
757 856
757 862
757 873
757 926
757 934
757 979
758 761
758 972
758 993
758 996
759 835
759 854
759 857
759 859
759 908
759 926
759 934
759 935
759 979
760 801
760 825
760 892
761 972
761 993
761 996
762 766
762 843
762 874
762 914
762 933
762 953
762 973
762 987
763 798
763 822
763 836
763 917
763 949
763 958
763 977
763 984
764 797
764 799
764 848
764 886
764 939
764 948
764 959
764 998
765 776
765 792
765 844
765 860
765 925
766 782
766 868
766 887
766 914
766 944
766 975
767 803
767 820
767 845
767 875
767 885
767 942
767 943
768 806
768 905
768 913
768 916
768 923
768 971
769 794
769 804
769 813
769 870
769 930
769 937
769 955
769 967
770 781
770 826
770 835
770 847
770 856
770 862
770 878
770 915
770 926
770 934
770 935
771 784
771 802
771 807
771 814
771 838
771 957
772 774
772 794
772 804
772 805
772 930
772 937
772 946
772 961
772 967
774 804
774 930
774 946
774 961
775 843
775 849
775 868
775 914
775 933
775 951
775 973
775 975
775 987
776 792
776 844
776 860
776 925
777 795
777 855
777 950
777 952
777 962
777 978
777 988
777 989
777 991
777 997
777 999
777 1000
778 785
778 817
778 834
778 851
778 865
778 876
778 882
778 920
778 945
778 963
778 981
779 818
779 851
779 861
779 865
779 867
779 882
779 912
779 927
779 929
779 963
779 970
780 823
780 842
780 901
780 960
780 983
780 990
781 819
781 826
781 850
781 854
781 857
781 878
781 894
781 904
781 908
781 935
782 843
782 849
782 874
782 887
782 895
782 914
782 944
782 951
782 953
782 975
783 791
783 803
783 820
783 845
783 875
783 885
783 921
783 942
783 980
784 802
784 807
784 814
784 838
784 957
785 816
785 852
785 858
785 861
785 893
785 897
785 920
785 929
785 956
785 963
786 794
786 870
786 907
786 946
786 967
787 794
787 841
787 907
787 937
787 946
787 955
787 961
787 967
788 837
788 852
788 863
788 867
788 876
788 882
788 897
788 920
788 929
788 954
788 956
788 963
788 981
789 816
789 831
789 865
789 866
789 880
789 884
789 920
789 963
789 981
791 796
791 845
791 875
791 885
791 942
791 943
791 980
792 844
792 860
792 925
793 965
794 805
794 813
794 841
794 907
794 937
794 946
794 961
795 855
795 950
795 952
795 962
795 978
795 988
795 989
795 991
795 997
795 999
795 1000
796 803
796 820
796 845
796 885
796 921
796 980
797 799
797 848
797 886
797 939
797 948
797 959
797 998
798 822
798 836
798 917
798 949
798 958
798 977
798 984
799 848
799 886
799 939
799 948
799 959
799 998
800 824
800 827
800 872
800 891
800 898
800 911
800 918
800 919
800 931
800 940
801 825
801 892
802 807
802 869
802 957
803 820
803 845
803 875
803 942
803 943
803 980
804 841
804 870
804 930
804 937
804 961
805 813
805 930
805 937
806 905
806 913
806 916
806 923
806 971
807 957
808 903
808 922
808 941
808 947
808 982
810 833
810 846
810 871
810 883
810 964
810 969
810 976
811 816
811 834
811 837
811 851
811 863
811 876
811 882
811 899
811 906
811 920
811 929
811 945
811 963
812 818
812 832
812 858
812 866
812 884
812 896
812 897
812 929
812 956
812 963
813 841
813 930
813 937
813 955
813 967
814 838
814 869
814 957
815 877
815 890
816 817
816 831
816 832
816 858
816 863
816 880
816 884
816 897
816 929
816 963
816 981
817 818
817 821
817 831
817 866
817 876
817 880
817 884
817 896
817 899
817 912
817 927
817 929
817 956
818 832
818 863
818 866
818 879
818 882
818 906
818 920
818 927
818 968
818 981
819 847
819 856
819 857
819 862
819 878
819 894
819 908
819 926
819 979
820 845
820 885
820 921
820 942
820 943
820 980
821 834
821 864
821 865
821 893
821 896
821 897
821 927
821 970
822 836
822 917
822 949
822 958
822 977
822 984
823 842
823 901
823 960
823 983
823 990
824 872
824 891
824 898
824 911
824 940
825 892
826 857
826 859
826 904
826 934
826 935
826 979
827 872
827 898
827 911
827 918
827 919
827 931
827 940
828 840
828 888
828 985
828 986
828 994
829 847
829 850
829 854
829 859
829 873
830 881
830 900
830 924
830 992
830 995
831 852
831 861
831 882
831 899
831 906
831 956
831 968
831 970
831 981
832 834
832 851
832 858
832 865
832 899
832 920
832 929
832 945
832 954
832 956
832 963
832 968
833 846
833 871
833 883
833 964
833 969
833 976
834 837
834 864
834 876
834 879
834 884
834 899
834 970
835 847
835 854
835 857
835 859
835 862
835 873
835 904
835 934
835 979
836 917
836 949
836 958
836 977
836 984
837 858
837 863
837 899
837 906
837 968
838 869
838 957
839 853
839 910
839 928
839 938
840 888
840 985
840 986
840 994
841 870
841 937
841 961
842 901
842 960
842 983
842 990
843 849
843 868
843 874
843 889
843 914
843 933
843 951
843 953
843 975
844 860
844 925
845 875
845 885
845 943
845 980
846 871
846 883
846 964
846 969
846 976
847 850
847 857
847 894
847 926
847 979
848 886
848 939
848 948
848 959
848 998
849 868
849 874
849 895
849 914
849 933
849 953
849 973
849 975
850 856
850 862
850 878
850 894
850 904
850 934
850 935
850 979
851 861
851 896
851 929
851 956
852 864
852 865
852 867
852 882
852 893
852 897
852 899
852 912
852 927
852 929
852 945
852 956
852 963
853 910
853 928
853 938
854 862
854 878
854 894
854 908
854 915
855 950
855 952
855 962
855 978
855 988
855 989
855 991
855 997
855 999
855 1000
856 859
856 878
856 894
856 915
856 979
857 873
857 878
857 904
858 861
858 863
858 867
858 879
858 880
858 884
858 896
858 954
858 970
859 862
859 873
859 894
859 979
860 925
861 867
861 876
861 879
861 882
861 893
861 896
861 906
861 920
861 927
861 945
861 968
862 878
862 908
862 915
862 935
862 979
863 866
863 867
863 882
863 899
863 912
863 920
863 927
863 981
864 884
864 920
864 954
865 866
865 879
865 880
865 906
865 963
865 968
865 981
866 867
866 876
866 884
866 906
866 927
866 929
866 945
866 963
866 968
866 970
866 981
867 879
867 893
867 897
867 899
867 945
868 874
868 887
868 889
868 933
868 944
868 951
869 957
870 955
870 967
871 883
871 964
871 969
871 976
872 891
872 898
872 911
872 918
872 919
872 931
872 940
873 904
873 908
873 934
874 887
874 889
874 895
874 914
874 944
874 951
874 973
874 975
875 885
875 942
875 943
875 980
876 884
876 897
876 912
876 920
876 927
876 929
876 963
876 970
877 890
878 926
878 935
878 979
879 880
879 884
879 896
879 906
879 912
879 954
879 956
879 981
880 882
880 897
880 906
880 945
880 963
880 968
881 900
881 924
881 992
881 995
882 897
882 906
882 945
882 968
882 970
883 964
883 969
883 976
884 897
884 906
884 927
884 963
884 970
885 921
885 942
885 943
885 980
886 939
886 948
886 959
886 998
887 889
887 914
887 933
887 944
887 953
887 975
887 987
888 985
888 986
888 994
889 895
889 951
889 973
889 975
889 987
891 898
891 911
891 918
891 919
891 931
891 940
893 897
893 899
893 912
893 929
893 981
894 904
894 915
894 934
895 914
895 933
895 951
895 973
895 975
895 987
896 897
896 906
896 929
896 954
896 956
896 963
896 968
896 981
897 956
897 963
897 981
898 911
898 918
898 919
898 931
898 940
899 927
899 970
900 924
900 992
900 995
901 960
901 983
901 990
903 922
903 941
903 947
903 982
904 979
905 913
905 916
905 923
905 971
906 929
906 945
906 963
907 930
907 937
907 961
907 967
908 934
908 935
909 966
910 928
910 938
911 918
911 919
911 931
911 940
912 920
912 963
912 970
912 981
913 916
913 923
913 971
914 933
914 944
914 951
914 987
915 926
915 934
916 923
916 971
917 949
917 958
917 977
917 984
918 931
918 940
919 931
919 940
920 927
920 929
920 945
920 981
921 942
921 943
921 980
922 941
922 947
922 982
923 971
924 992
924 995
926 934
927 945
927 963
927 981
928 938
929 968
929 970
929 981
930 937
930 946
930 961
930 967
931 940
933 951
933 953
933 973
935 979
937 946
937 955
937 961
939 948
939 959
939 998
941 947
941 982
942 943
942 980
943 980
944 953
944 975
945 970
946 955
946 961
946 967
947 982
948 959
948 998
949 958
949 977
949 984
950 952
950 962
950 978
950 988
950 989
950 991
950 997
950 999
950 1000
951 973
951 975
951 987
952 962
952 978
952 988
952 989
952 991
952 997
952 999
952 1000
953 973
953 987
954 968
954 970
955 961
955 967
956 963
956 968
956 981
958 977
958 984
959 998
960 983
960 990
962 978
962 988
962 989
962 991
962 997
962 999
962 1000
963 970
964 969
964 976
969 976
972 993
972 996
973 987
977 984
978 988
978 989
978 991
978 997
978 999
978 1000
983 990
985 986
985 994
986 994
988 989
988 991
988 997
988 999
988 1000
989 991
989 997
989 999
989 1000
991 997
991 999
991 1000
992 995
993 996
997 999
997 1000
999 1000
