1 253
1 774
1 786
1 787
1 794
1 796
1 813
1 921
1 943
1 961
2 63
2 196
2 488
2 520
2 601
2 636
2 673
2 776
2 925
3 99
3 134
3 384
3 452
3 461
3 790
3 909
4 111
4 298
4 411
4 494
4 631
4 688
4 741
4 747
4 869
4 892
5 38
5 235
5 491
5 521
5 711
5 872
5 891
5 898
5 919
5 940
6 72
6 277
6 312
6 553
6 652
6 807
6 948
7 135
7 169
7 300
7 301
7 392
7 600
7 782
7 953
7 986
7 993
8 120
8 233
8 282
8 359
8 363
8 412
8 656
8 692
8 725
8 841
9 489
9 648
9 821
9 832
9 867
9 876
9 893
9 906
9 956
9 970
10 341
10 513
10 649
10 770
10 835
10 854
10 873
10 908
10 915
10 934
11 633
11 694
11 704
11 810
11 846
11 871
11 964
11 969
11 974
11 976
12 211
12 405
12 625
12 753
12 781
12 835
12 854
12 862
12 878
12 935
13 174
13 194
13 468
13 618
13 858
13 867
13 876
13 879
13 927
13 981
14 191
14 210
14 274
14 672
15 152
15 448
15 591
15 643
15 659
15 743
15 870
15 930
15 955
15 980
16 646
16 830
16 860
16 881
16 900
16 924
16 960
16 965
16 992
16 995
17 258
17 438
17 439
17 525
17 587
17 609
17 758
17 843
17 914
17 987
18 287
18 408
18 686
18 762
18 868
18 914
18 933
18 944
18 972
18 996
19 270
19 368
19 505
19 569
19 762
19 766
19 782
19 877
19 887
19 944
20 677
20 698
20 710
20 750
20 770
20 781
20 862
20 878
20 915
20 935
21 192
21 364
21 768
21 806
21 905
21 913
21 916
21 923
21 942
21 971
22 472
22 618
22 681
22 683
22 703
22 821
22 832
22 876
22 945
22 981
23 117
23 260
23 336
23 478
23 644
23 718
23 804
23 930
23 961
23 980
24 221
24 337
24 523
24 614
24 629
24 686
24 951
24 972
24 986
24 987
25 171
25 464
25 554
25 757
25 835
25 850
25 854
25 856
25 915
25 926
26 646
26 830
26 860
26 881
26 900
26 924
26 960
26 965
26 992
26 995
27 235
27 521
27 824
27 872
27 891
27 911
27 918
27 919
27 931
27 940
28 646
28 830
28 860
28 881
28 900
28 924
28 960
28 965
28 992
28 995
29 664
29 746
29 764
29 797
29 799
29 822
29 886
29 939
29 959
29 998
30 386
30 537
30 539
30 624
30 637
30 851
30 865
30 899
30 954
30 963
31 263
31 426
31 592
31 643
31 661
31 743
31 813
31 921
31 930
31 967
32 241
32 386
32 483
32 539
32 721
32 789
32 880
32 896
32 897
32 929
33 215
33 493
33 505
33 525
33 609
33 691
33 849
33 944
33 951
33 996
34 291
34 382
34 582
34 696
34 786
34 794
34 921
34 943
34 955
34 967
35 372
35 540
35 545
35 550
35 570
35 626
35 950
35 952
35 991
35 999
36 808
36 823
36 901
36 903
36 922
36 941
36 947
36 982
36 983
36 990
37 105
37 288
37 370
37 375
37 400
37 450
37 708
38 621
38 800
38 824
38 872
38 911
38 918
38 919
38 931
38 940
39 261
39 276
39 281
39 393
39 517
39 566
39 689
39 809
39 917
39 966
40 119
40 124
40 577
40 598
40 628
40 631
40 730
40 741
40 838
40 892
41 590
41 690
41 702
41 780
41 798
41 936
41 949
41 958
41 977
41 984
42 442
42 637
42 721
42 734
42 818
42 861
42 864
42 865
42 880
42 929
43 190
43 247
43 282
43 359
43 380
43 412
43 656
43 692
43 725
43 841
44 808
44 823
44 901
44 903
44 922
44 941
44 947
44 982
44 983
44 990
45 360
45 464
45 589
45 625
45 847
45 856
45 862
45 894
45 926
45 935
46 211
46 369
46 677
46 850
46 859
46 862
46 915
46 926
46 935
46 979
47 440
47 522
47 754
47 833
47 846
47 871
47 964
47 969
47 974
47 976
48 302
48 366
48 506
48 605
48 743
48 787
48 875
48 907
48 937
48 943
49 420
49 453
49 777
49 848
49 855
49 962
49 988
49 989
49 997
49 1000
50 80
50 315
50 548
50 551
50 648
50 722
50 882
50 906
50 920
50 945
51 723
51 808
51 901
51 903
51 922
51 941
51 947
51 982
51 983
51 990
52 424
52 717
52 737
52 770
52 781
52 826
52 847
52 854
52 894
52 908
53 184
53 320
53 345
53 567
53 1000
54 213
54 483
54 497
54 637
54 811
54 817
54 831
54 863
54 864
54 963
55 723
55 808
55 901
55 903
55 922
55 941
55 947
55 982
55 983
55 990
56 543
56 690
56 702
56 780
56 798
56 936
56 949
56 958
56 977
56 984
57 746
57 764
57 797
57 799
57 822
57 886
57 939
57 959
57 998
58 152
58 176
58 296
58 644
58 669
58 676
58 715
58 743
58 803
58 937
59 383
59 391
59 521
59 560
59 711
59 800
59 911
59 919
59 931
59 940
60 438
60 600
60 629
60 735
60 758
60 874
60 933
60 944
60 986
60 993
61 190
61 247
61 359
61 363
61 380
61 412
61 656
61 692
61 725
61 841
62 551
62 680
62 727
62 739
62 795
62 812
62 816
62 906
62 912
62 956
63 196
63 488
63 520
63 601
63 636
63 673
63 776
63 925
64 92
64 109
64 164
64 401
64 634
64 910
65 260
65 316
65 651
65 732
65 772
65 804
65 820
65 870
65 890
65 946
66 208
66 745
66 779
66 817
66 831
66 851
66 864
66 884
66 896
66 963
67 116
67 500
67 661
67 767
67 774
67 783
67 813
67 890
67 930
67 946
68 522
68 633
68 700
68 754
68 810
68 833
68 964
68 969
68 974
68 976
69 618
69 675
69 681
69 821
69 906
69 912
69 920
69 945
69 970
69 981
70 278
70 528
70 546
70 600
70 713
70 766
70 933
70 944
70 951
70 996
71 264
71 397
71 542
71 546
71 685
71 713
71 761
71 889
71 914
71 987
72 277
72 312
72 553
72 652
72 807
72 948
73 495
73 593
73 630
73 662
73 756
73 828
73 840
73 888
73 985
73 994
74 655
74 687
74 712
74 714
74 738
74 760
74 801
74 825
74 968
75 147
75 198
75 310
75 501
75 573
75 728
75 839
76 201
76 304
76 429
76 460
76 508
76 642
76 715
76 751
76 870
76 980
77 311
77 339
77 768
77 806
77 905
77 913
77 916
77 923
77 942
77 971
78 90
78 498
78 510
78 704
78 846
78 871
78 964
78 969
78 974
78 976
79 305
79 542
79 558
79 587
79 761
79 815
79 914
79 953
79 972
79 986
80 127
80 526
80 574
80 816
80 832
80 834
80 876
80 893
80 945
81 428
81 525
81 606
81 705
81 761
81 849
81 933
81 953
81 972
81 996
82 202
82 260
82 448
82 462
82 500
82 696
82 732
82 946
82 967
82 980
83 733
83 752
83 901
83 903
83 922
83 941
83 947
83 982
83 983
83 990
84 590
84 690
84 702
84 780
84 798
84 936
84 949
84 958
84 977
84 984
85 140
85 311
85 768
85 806
85 905
85 913
85 916
85 923
85 942
85 971
86 390
86 549
86 654
86 731
86 759
86 829
86 835
86 850
86 935
86 979
87 502
87 530
87 853
87 928
87 938
87 978
88 823
88 842
88 901
88 903
88 922
88 941
88 947
88 982
88 983
88 990
89 104
89 155
89 538
89 603
89 612
89 641
89 650
89 742
90 604
90 700
90 704
90 846
90 871
90 964
90 969
90 974
90 976
91 175
91 229
91 456
91 774
91 791
91 803
91 820
91 921
91 961
91 967
92 109
92 164
92 401
92 634
92 910
93 263
93 316
93 643
93 732
93 767
93 772
93 774
93 885
93 921
93 955
94 237
94 329
94 351
94 466
94 605
94 608
94 676
94 755
94 783
94 791
95 555
95 565
95 836
95 902
95 957
96 301
96 606
96 782
96 815
96 877
96 895
96 953
96 972
96 975
96 987
97 185
97 218
97 486
97 628
97 741
97 747
97 814
97 838
97 869
97 892
98 697
98 842
98 901
98 903
98 922
98 941
98 947
98 982
98 983
98 990
99 134
99 384
99 452
99 461
99 790
99 909
100 243
100 449
100 482
100 552
100 765
100 784
100 792
100 844
101 511
101 690
101 702
101 780
101 798
101 936
101 949
101 958
101 977
101 984
102 697
102 842
102 901
102 903
102 922
102 941
102 947
102 982
102 983
102 990
103 490
103 560
103 711
103 824
103 827
103 872
103 891
103 919
103 931
103 940
104 155
104 538
104 603
104 612
104 641
104 650
104 742
105 288
105 370
105 375
105 400
105 450
105 708
106 275
106 587
106 614
106 762
106 868
106 914
106 975
106 986
106 993
106 996
107 173
107 416
107 527
107 571
107 577
107 671
107 679
107 802
107 814
107 838
107 869
108 373
108 542
108 569
108 653
108 699
108 705
108 868
108 877
108 972
108 973
108 986
109 164
109 401
109 634
109 910
110 293
110 515
110 677
110 695
110 710
110 717
110 736
110 850
110 859
110 873
110 979
111 411
111 416
111 663
111 688
111 730
111 741
111 814
111 838
111 869
111 892
112 516
112 800
112 824
112 827
112 872
112 898
112 911
112 918
112 919
112 931
112 940
113 122
113 244
113 318
113 635
113 683
113 727
113 795
113 812
113 816
113 834
113 945
114 389
114 614
114 617
114 666
114 762
114 887
114 944
114 953
114 975
114 986
114 987
115 166
115 201
115 237
115 342
115 594
115 661
115 718
115 805
115 845
115 946
115 980
116 395
116 508
116 605
116 638
116 767
116 787
116 813
116 820
116 870
116 955
117 205
117 230
117 237
117 336
117 512
117 591
117 796
117 813
117 870
117 907
118 167
118 232
118 580
118 637
118 740
118 779
118 817
118 861
118 866
118 896
118 929
119 298
119 411
119 494
119 527
119 577
119 628
119 631
119 747
119 802
119 814
120 233
120 247
120 359
120 363
120 380
120 412
120 656
120 692
120 725
120 841
121 211
121 424
121 503
121 556
121 589
121 695
121 706
121 847
121 857
121 878
121 926
122 127
122 618
122 683
122 726
122 727
122 832
122 834
122 858
122 920
122 956
123 583
123 646
123 830
123 860
123 881
123 900
123 924
123 960
123 965
123 992
123 995
124 150
124 411
124 577
124 595
124 598
124 679
124 802
124 814
124 869
124 892
125 165
125 245
125 298
125 433
125 470
125 494
125 527
125 571
125 577
125 802
125 814
126 808
126 823
126 842
126 901
126 903
126 922
126 941
126 947
126 982
126 983
126 990
127 446
127 678
127 722
127 726
127 858
127 867
127 927
127 956
127 981
128 129
128 525
128 596
128 629
128 666
128 761
128 815
128 843
128 849
128 973
128 993
129 221
129 600
129 761
129 815
129 874
129 877
129 914
129 933
129 951
129 986
130 232
130 584
130 613
130 701
130 778
130 852
130 863
130 880
130 896
130 899
130 929
131 187
131 256
131 395
131 447
131 642
131 796
131 804
131 870
131 890
131 937
132 422
132 623
132 655
132 687
132 712
132 714
132 738
132 760
132 801
132 825
132 968
133 275
133 378
133 397
133 408
133 564
133 686
133 713
133 868
133 887
133 953
133 975
134 384
134 452
134 461
134 790
134 909
135 270
135 428
135 493
135 629
135 762
135 889
135 951
135 973
135 986
135 996
136 417
136 511
136 543
136 610
136 780
136 798
136 936
136 949
136 958
136 977
136 984
137 158
137 162
137 171
137 211
137 280
137 365
137 474
137 698
137 829
137 894
137 935
138 413
138 623
138 655
138 687
138 712
138 714
138 738
138 760
138 801
138 825
138 968
139 373
139 569
139 691
139 758
139 843
139 887
139 895
139 951
139 975
139 986
139 993
140 330
140 364
140 768
140 806
140 905
140 913
140 916
140 923
140 942
140 971
141 297
141 383
141 391
141 406
141 827
141 898
141 911
141 918
141 919
141 931
141 940
142 212
142 376
142 398
142 518
142 660
142 724
142 748
142 783
142 787
142 803
142 961
143 179
143 206
143 289
143 309
143 314
143 477
143 479
143 619
143 773
143 883
144 507
144 588
144 654
144 710
144 750
144 854
144 856
144 878
144 894
144 915
144 934
145 313
145 623
145 655
145 687
145 712
145 714
145 738
145 760
145 801
145 825
145 968
146 298
146 486
146 628
146 631
146 688
146 730
146 771
146 802
146 838
146 869
146 892
147 198
147 310
147 501
147 573
147 728
147 839
148 422
148 623
148 655
148 687
148 712
148 714
148 738
148 760
148 801
148 825
148 968
149 349
149 360
149 515
149 568
149 649
149 826
149 856
149 859
149 873
149 904
149 908
150 595
150 663
150 688
150 747
150 771
150 802
150 814
150 838
150 869
150 892
151 575
151 602
151 746
151 764
151 797
151 799
151 822
151 886
151 939
151 959
151 998
152 456
152 605
152 616
152 820
152 907
152 921
152 937
152 943
152 980
153 464
153 507
153 649
153 717
153 753
153 781
153 859
153 908
153 915
153 926
153 979
154 207
154 261
154 276
154 281
154 393
154 517
154 566
154 689
154 809
154 917
154 966
155 538
155 603
155 612
155 641
155 650
155 742
156 220
156 674
156 707
156 711
156 891
156 898
156 911
156 918
156 919
156 931
156 940
157 176
157 381
157 592
157 661
157 669
157 783
157 787
157 870
157 875
157 943
157 946
158 285
158 476
158 549
158 737
158 753
158 819
158 856
158 862
158 908
158 979
159 372
159 415
159 540
159 545
159 550
159 570
159 626
159 950
159 952
159 991
159 999
160 279
160 526
160 551
160 618
160 684
160 795
160 879
160 920
160 956
160 970
160 981
161 723
161 733
161 842
161 901
161 903
161 922
161 941
161 947
161 982
161 983
161 990
162 557
162 657
162 757
162 835
162 856
162 862
162 878
162 894
162 904
162 908
163 223
163 675
163 683
163 722
163 726
163 812
163 821
163 879
163 927
163 945
163 956
164 401
164 634
164 910
165 218
165 245
165 298
165 527
165 598
165 628
165 741
165 747
165 869
165 892
166 199
166 248
166 295
166 616
166 651
166 661
166 751
166 907
166 921
166 930
167 427
167 469
167 532
167 693
167 721
167 740
167 831
167 863
167 897
167 899
168 493
168 542
168 587
168 665
168 762
168 775
168 895
168 933
168 951
168 973
168 993
169 301
169 528
169 713
169 762
169 843
169 849
169 933
169 951
169 987
169 993
170 536
170 703
170 727
170 858
170 882
170 906
170 920
170 927
170 945
170 956
170 981
171 222
171 503
171 589
171 731
171 737
171 819
171 847
171 908
171 926
172 372
172 415
172 540
172 545
172 550
172 570
172 626
172 950
172 952
172 991
172 999
173 217
173 411
173 527
173 628
173 679
173 741
173 771
173 802
173 814
173 869
174 419
174 536
174 548
174 579
174 678
174 680
174 834
174 858
174 956
174 970
175 181
175 248
175 348
175 351
175 591
175 805
175 870
175 921
175 955
175 980
176 382
176 431
176 512
176 616
176 696
176 786
176 930
176 955
176 980
177 204
177 228
177 388
177 615
177 667
177 682
177 720
177 744
177 793
177 932
178 583
178 646
178 830
178 860
178 881
178 900
178 924
178 960
178 965
178 992
178 995
179 206
179 289
179 309
179 314
179 477
179 479
179 619
179 773
179 883
180 360
180 424
180 534
180 657
180 698
180 770
180 835
180 847
180 894
180 935
180 979
181 398
181 467
181 767
181 875
181 890
181 921
181 937
181 943
181 961
181 980
182 266
182 280
182 349
182 464
182 581
182 716
182 859
182 894
182 904
182 915
182 935
183 311
183 330
183 339
183 768
183 806
183 905
183 913
183 916
183 923
183 942
183 971
184 320
184 345
184 567
185 245
185 416
185 433
185 480
185 494
185 595
185 598
185 663
185 814
185 892
186 484
186 623
186 655
186 687
186 712
186 714
186 738
186 760
186 801
186 825
186 968
187 256
187 321
187 578
187 638
187 772
187 783
187 921
187 930
187 955
187 980
188 417
188 610
188 690
188 702
188 780
188 798
188 936
188 949
188 958
188 977
188 984
189 723
189 823
189 842
189 901
189 903
189 922
189 941
189 947
189 982
189 983
189 990
190 233
190 359
190 363
190 380
190 412
190 656
190 692
190 725
190 841
191 210
191 274
191 394
191 672
192 339
192 364
192 768
192 806
192 905
192 913
192 916
192 923
192 942
192 971
193 681
193 739
193 795
193 816
193 832
193 858
193 906
193 912
193 927
193 956
193 981
194 318
194 563
194 675
194 726
194 867
194 879
194 882
194 906
194 945
194 970
195 604
195 620
195 633
195 704
195 833
195 846
195 871
195 964
195 969
195 974
195 976
196 488
196 520
196 601
196 636
196 673
196 776
196 925
197 723
197 823
197 842
197 901
197 903
197 922
197 941
197 947
197 982
197 983
197 990
198 310
198 501
198 573
198 728
198 839
199 201
199 381
199 500
199 509
199 783
199 796
199 890
199 930
199 943
199 967
200 640
200 664
200 746
200 764
200 797
200 799
200 822
200 886
200 939
200 959
200 998
201 202
201 256
201 303
201 321
201 509
201 582
201 813
201 980
202 377
202 448
202 466
202 506
202 608
202 748
202 769
202 937
202 980
203 604
203 633
203 639
203 754
203 833
203 846
203 871
203 964
203 969
203 974
203 976
204 228
204 388
204 615
204 667
204 682
204 720
204 744
204 793
204 932
205 447
205 460
205 481
205 804
205 820
205 845
205 885
205 890
205 937
205 961
206 289
206 309
206 314
206 477
206 479
206 619
206 773
206 883
207 261
207 276
207 281
207 393
207 517
207 566
207 689
207 809
207 917
207 966
208 537
208 541
208 576
208 719
208 721
208 818
208 866
208 899
208 963
209 583
209 646
209 830
209 860
209 881
209 900
209 924
209 960
209 965
209 992
209 995
210 274
210 672
211 252
211 293
211 695
211 781
211 850
211 915
211 934
212 302
212 351
212 481
212 616
212 669
212 718
212 774
212 794
212 907
212 980
213 532
213 745
213 789
213 831
213 837
213 865
213 866
213 897
213 929
213 954
213 963
214 239
214 301
214 392
214 438
214 564
214 614
214 868
214 874
214 933
214 953
214 975
214 993
215 284
215 350
215 358
215 443
215 525
215 587
215 629
215 653
215 766
215 972
215 975
216 504
216 529
216 621
216 824
216 872
216 891
216 898
216 911
216 918
216 919
216 931
216 940
217 433
217 527
217 577
217 598
217 663
217 671
217 730
217 802
217 814
217 838
217 892
218 245
218 527
218 577
218 741
218 747
218 771
218 802
218 838
218 869
218 892
219 387
219 402
219 420
219 453
219 777
219 848
219 855
219 962
219 988
219 989
219 997
219 1000
220 250
220 521
220 529
220 824
220 872
220 891
220 911
220 918
220 919
220 931
220 940
221 434
221 505
221 558
221 587
221 815
221 887
221 933
221 944
221 987
221 996
222 257
222 266
222 695
222 716
222 731
222 757
222 781
222 829
222 850
222 854
222 857
223 489
223 618
223 675
223 683
223 684
223 739
223 795
223 893
223 912
223 945
223 956
224 543
224 590
224 610
224 690
224 702
224 780
224 798
224 936
224 949
224 958
224 977
224 984
225 417
225 590
225 610
225 690
225 702
225 780
225 798
225 936
225 949
225 958
225 977
225 984
226 511
226 590
226 610
226 690
226 702
226 780
226 798
226 936
226 949
226 958
226 977
226 984
227 408
227 428
227 525
227 617
227 713
227 761
227 763
227 775
227 889
227 973
227 975
227 993
228 388
228 615
228 667
228 682
228 720
228 744
228 793
228 932
229 377
229 398
229 467
229 478
229 586
229 783
229 786
229 845
229 907
229 967
229 980
230 398
230 578
230 586
230 605
230 644
230 660
230 767
230 786
230 890
230 943
230 955
231 242
231 304
231 353
231 377
231 379
231 586
231 592
231 644
231 718
231 769
231 921
231 946
232 414
232 435
232 541
232 613
232 729
232 811
232 817
232 866
232 954
232 963
233 247
233 282
233 363
233 380
233 412
233 656
233 692
233 725
233 841
234 602
234 640
234 664
234 746
234 764
234 797
234 799
234 822
234 886
234 939
234 959
234 998
235 396
235 707
235 824
235 827
235 872
235 898
235 911
235 918
235 931
235 940
236 416
236 433
236 480
236 571
236 598
236 628
236 631
236 747
236 771
236 814
236 869
236 892
237 456
237 500
237 748
237 755
237 783
237 804
237 885
237 943
237 955
238 335
238 381
238 426
238 586
238 659
238 748
238 774
238 787
238 845
238 930
238 943
238 967
239 264
239 525
239 558
239 596
239 645
239 691
239 868
239 889
239 895
239 953
239 986
240 440
240 475
240 514
240 704
240 810
240 833
240 846
240 871
240 964
240 969
240 974
240 976
241 327
241 632
241 719
241 721
241 729
241 778
241 779
241 785
241 861
241 884
241 963
242 382
242 437
242 582
242 611
242 751
242 755
242 791
242 804
242 907
242 955
242 980
243 449
243 482
243 552
243 765
243 784
243 792
243 844
244 473
244 548
244 551
244 618
244 722
244 812
244 834
244 867
244 882
244 927
244 945
245 416
245 480
245 595
245 671
245 741
245 838
245 869
245 892
246 265
246 298
246 331
246 416
246 470
246 486
246 628
246 741
246 747
246 771
246 802
246 838
247 282
247 359
247 363
247 380
247 656
247 692
247 725
247 841
248 395
248 426
248 463
248 478
248 512
248 591
248 592
248 769
248 794
248 805
249 497
249 622
249 637
249 729
249 740
249 788
249 789
249 811
249 817
249 863
249 884
249 896
250 516
250 599
250 674
250 800
250 824
250 827
250 872
250 898
250 918
250 931
250 940
251 292
251 318
251 367
251 454
251 526
251 658
251 680
251 684
251 876
251 893
251 912
251 920
252 341
252 554
252 568
252 716
252 770
252 819
252 847
252 854
252 894
252 904
252 908
253 605
253 616
253 651
253 772
253 796
253 820
253 845
253 870
253 890
253 907
253 946
254 344
254 405
254 534
254 607
254 736
254 737
254 759
254 847
254 873
254 908
254 934
254 979
255 326
255 445
255 548
255 574
255 648
255 658
255 795
255 834
255 906
255 920
255 970
255 981
256 336
256 643
256 796
256 804
256 937
256 946
256 955
256 961
256 967
257 430
257 464
257 474
257 736
257 770
257 850
257 857
257 878
257 908
257 934
257 979
258 300
258 324
258 434
258 505
258 685
258 699
258 749
258 761
258 951
258 953
258 996
259 338
259 342
259 423
259 478
259 509
259 594
259 676
259 787
259 796
259 805
259 946
259 961
260 395
260 398
260 426
260 643
260 743
260 845
260 875
260 885
260 930
261 276
261 281
261 393
261 517
261 566
261 689
261 809
261 917
261 966
262 459
262 583
262 646
262 830
262 860
262 881
262 900
262 924
262 960
262 965
262 992
262 995
263 379
263 381
263 508
263 578
263 582
263 676
263 724
263 755
263 890
263 937
264 443
264 546
264 749
264 758
264 761
264 874
264 877
264 973
264 986
264 993
265 433
265 480
265 595
265 631
265 663
265 671
265 688
265 741
265 771
265 838
265 892
266 371
266 568
266 695
266 731
266 854
266 859
266 862
266 894
266 926
266 935
267 422
267 484
267 623
267 655
267 687
267 712
267 714
267 738
267 760
267 801
267 825
267 968
268 333
268 334
268 365
268 464
268 581
268 588
268 781
268 819
268 857
268 859
268 904
268 915
269 624
269 632
269 721
269 740
269 779
269 788
269 817
269 818
269 851
269 861
269 880
269 963
270 505
270 523
270 666
270 762
270 763
270 843
270 849
270 973
270 986
270 996
271 602
271 640
271 664
271 746
271 764
271 797
271 799
271 822
271 886
271 939
271 959
271 998
272 275
272 305
272 735
272 763
272 775
272 815
272 874
272 944
272 953
272 986
272 987
272 993
273 387
273 402
273 420
273 453
273 777
273 848
273 855
273 962
273 988
273 989
273 997
273 1000
274 672
275 600
275 665
275 766
275 775
275 895
275 975
275 986
275 987
275 996
276 281
276 393
276 517
276 566
276 689
276 809
276 917
276 966
277 312
277 553
277 652
277 807
277 948
278 439
278 686
278 699
278 849
278 895
278 914
278 933
278 972
278 987
278 993
278 996
279 472
279 618
279 635
279 658
279 678
279 684
279 727
279 867
279 893
279 945
279 956
280 334
280 476
280 554
280 589
280 695
280 781
280 904
280 908
280 915
280 979
281 393
281 517
281 566
281 689
281 809
281 917
281 966
282 359
282 363
282 380
282 412
282 656
282 692
282 725
282 841
283 372
283 415
283 540
283 545
283 550
283 570
283 626
283 950
283 952
283 991
283 999
284 389
284 653
284 699
284 758
284 782
284 843
284 874
284 895
284 944
284 953
284 986
284 996
285 332
285 405
285 559
285 649
285 698
285 717
285 737
285 854
285 873
285 878
285 904
285 935
286 387
286 402
286 420
286 453
286 777
286 848
286 855
286 962
286 988
286 989
286 997
286 1000
287 653
287 758
287 762
287 782
287 815
287 889
287 944
287 951
287 973
287 975
287 987
287 993
288 370
288 375
288 400
288 450
288 708
289 309
289 314
289 477
289 479
289 619
289 773
289 883
290 511
290 543
290 590
290 610
290 690
290 702
290 780
290 798
290 936
290 949
290 958
290 977
290 984
291 316
291 398
291 643
291 661
291 696
291 796
291 820
291 845
291 921
291 937
291 946
291 961
292 563
292 579
292 635
292 812
292 821
292 858
292 867
292 879
292 912
292 945
292 970
292 981
293 549
293 559
293 731
293 750
293 781
293 819
293 859
293 915
293 926
293 935
293 979
294 474
294 556
294 625
294 649
294 654
294 716
294 750
294 753
294 770
294 904
294 934
294 935
294 979
295 336
295 342
295 348
295 586
295 611
295 659
295 661
295 772
295 774
295 875
295 937
295 961
296 316
296 353
296 398
296 594
296 743
296 813
296 870
296 907
296 946
296 955
296 961
296 980
297 406
297 455
297 674
297 711
297 824
297 891
297 898
297 911
297 918
297 919
297 931
297 940
298 486
298 631
298 679
298 741
298 771
298 838
298 892
299 333
299 654
299 706
299 819
299 826
299 829
299 862
299 873
299 878
299 894
299 904
299 926
299 935
300 389
300 457
300 528
300 606
300 645
300 713
300 775
300 849
300 972
300 973
300 987
301 350
301 358
301 523
301 558
301 699
301 766
301 843
301 895
301 996
302 379
302 481
302 506
302 586
302 627
302 718
302 743
302 755
302 791
302 870
302 875
303 348
303 425
303 429
303 500
303 578
303 642
303 660
303 724
303 769
303 813
303 875
303 955
304 456
304 463
304 481
304 651
304 669
304 676
304 805
304 885
304 890
304 937
304 955
305 485
305 523
305 542
305 585
305 617
305 849
305 868
305 914
305 953
305 986
305 996
306 498
306 510
306 514
306 639
306 694
306 700
306 810
306 833
306 871
306 964
306 969
306 974
306 976
307 560
307 674
307 711
307 800
307 824
307 827
307 891
307 898
307 911
307 918
307 919
307 931
307 940
308 313
308 413
308 484
308 623
308 655
308 687
308 712
308 714
308 738
308 760
308 801
308 825
308 968
309 314
309 477
309 479
309 619
309 773
309 883
310 501
310 573
310 728
310 839
311 330
311 364
311 768
311 806
311 905
311 913
311 916
311 923
311 942
311 971
312 553
312 652
312 807
312 948
313 484
313 623
313 655
313 687
313 712
313 714
313 738
313 760
313 801
313 825
313 968
314 477
314 479
314 619
314 773
314 883
315 675
315 703
315 727
315 816
315 867
315 893
315 906
315 912
315 920
315 927
315 956
315 981
316 377
316 381
316 463
316 509
316 562
316 718
316 732
316 767
316 774
317 733
317 752
317 808
317 823
317 842
317 901
317 903
317 922
317 941
317 947
317 982
317 983
317 990
318 551
318 563
318 618
318 658
318 683
318 812
318 876
318 912
318 927
318 945
319 733
319 752
319 808
319 823
319 842
319 901
319 903
319 922
319 941
319 947
319 982
319 983
319 990
320 345
320 567
321 447
321 500
321 506
321 586
321 608
321 638
321 724
321 805
321 907
321 961
321 967
322 723
322 752
322 808
322 823
322 842
322 901
322 903
322 922
322 941
322 947
322 982
322 983
322 990
323 332
323 356
323 369
323 371
323 430
323 589
323 597
323 677
323 695
323 731
323 737
323 826
323 873
324 564
324 585
324 596
324 761
324 775
324 877
324 887
324 889
324 933
324 951
324 987
324 993
325 697
325 733
325 752
325 808
325 842
325 901
325 903
325 922
325 941
325 947
325 982
325 983
325 990
326 357
326 432
326 680
326 727
326 832
326 879
326 893
326 920
326 927
326 945
326 970
326 981
327 576
327 632
327 693
327 778
327 785
327 837
327 865
327 866
327 884
327 896
327 899
327 963
328 490
328 491
328 560
328 621
328 707
328 827
328 872
328 891
328 898
328 918
328 919
328 931
328 940
329 382
329 425
329 447
329 586
329 608
329 638
329 642
329 709
329 783
329 803
329 930
329 937
330 339
330 364
330 768
330 806
330 905
330 913
330 916
330 923
330 942
330 971
331 470
331 571
331 598
331 671
331 679
331 688
331 730
331 741
331 771
331 802
331 869
331 892
332 568
332 597
332 706
332 770
332 781
332 829
332 857
332 862
332 873
332 894
332 979
333 557
333 568
333 717
333 750
333 770
333 826
333 850
333 862
333 873
333 915
333 979
334 341
334 424
334 649
334 695
334 737
334 757
334 857
334 873
334 915
334 934
334 979
335 578
335 651
335 659
335 709
335 772
335 774
335 794
335 870
335 930
335 943
335 955
335 980
336 348
336 605
336 638
336 709
336 748
336 787
336 796
336 803
336 885
337 471
337 523
337 691
337 735
337 843
337 874
337 889
337 944
337 953
337 986
337 993
337 996
338 348
338 423
338 460
338 512
338 578
338 627
338 638
338 783
338 786
338 787
338 946
338 961
339 364
339 768
339 806
339 905
339 913
339 916
339 923
339 942
339 971
340 697
340 733
340 752
340 823
340 842
340 901
340 903
340 922
340 941
340 947
340 982
340 983
340 990
341 534
341 544
341 556
341 710
341 750
341 753
341 757
341 759
341 857
341 862
342 376
342 512
342 627
342 715
342 732
342 751
342 755
342 804
342 937
342 980
343 544
343 554
343 581
343 589
343 677
343 826
343 829
343 850
343 894
343 915
343 934
343 935
343 979
344 474
344 513
344 554
344 649
344 654
344 677
344 698
344 759
344 878
344 894
344 908
344 935
345 567
346 385
346 535
346 539
346 632
346 745
346 785
346 837
346 852
346 863
346 880
346 899
346 929
346 954
347 442
347 622
347 719
347 734
347 785
347 789
347 831
347 861
347 865
347 884
347 897
347 929
347 954
348 376
348 562
348 591
348 748
348 751
348 805
348 813
348 930
349 507
349 515
349 534
349 649
349 698
349 770
349 781
349 829
349 835
349 908
349 934
350 368
350 569
350 585
350 685
350 815
350 849
350 868
350 877
350 944
350 993
350 996
351 448
351 627
351 643
351 659
351 769
351 787
351 791
351 804
351 946
351 967
352 439
352 525
352 546
352 686
352 761
352 762
352 874
352 914
352 944
352 953
352 973
352 975
352 993
353 651
353 696
353 709
353 718
353 813
353 875
353 921
353 937
353 955
353 961
353 967
354 446
354 451
354 489
354 574
354 648
354 683
354 703
354 834
354 879
354 882
354 956
354 970
354 981
355 361
355 459
355 583
355 646
355 830
355 860
355 881
355 900
355 924
355 960
355 965
355 992
355 995
356 390
356 405
356 534
356 556
356 559
356 698
356 757
356 847
356 856
356 862
356 904
356 908
356 915
357 526
357 536
357 548
357 563
357 658
357 812
357 858
357 906
357 920
357 945
357 956
357 970
357 981
358 389
358 392
358 397
358 493
358 546
358 596
358 600
358 685
358 686
358 735
358 951
358 996
359 363
359 380
359 412
359 656
359 692
359 725
359 841
360 390
360 399
360 533
360 649
360 737
360 753
360 850
360 857
360 878
360 926
360 935
361 459
361 583
361 646
361 830
361 860
361 881
361 900
361 924
361 960
361 965
361 992
361 995
362 386
362 414
362 483
362 539
362 541
362 576
362 637
362 721
362 789
362 831
362 852
362 863
362 880
362 884
363 380
363 412
363 656
363 692
363 725
363 841
364 768
364 806
364 905
364 913
364 916
364 923
364 942
364 971
365 549
365 557
365 654
365 706
365 753
365 759
365 819
365 857
365 894
365 904
365 908
365 979
366 423
366 518
366 582
366 724
366 743
366 748
366 786
366 805
366 885
366 890
366 921
366 937
366 943
367 445
367 489
367 536
367 574
367 635
367 832
367 858
367 879
367 882
367 912
367 927
367 956
367 970
368 439
368 546
368 572
368 686
368 713
368 762
368 775
368 782
368 815
368 933
368 951
368 953
369 513
369 706
369 717
369 737
369 759
369 819
369 857
369 894
369 915
369 926
369 934
369 979
370 375
370 400
370 450
370 708
371 464
371 476
371 503
371 534
371 710
371 829
371 835
371 854
371 856
371 859
371 915
371 934
372 415
372 540
372 545
372 550
372 570
372 626
372 950
372 952
372 991
372 999
373 397
373 434
373 441
373 617
373 705
373 763
373 874
373 877
373 887
373 889
373 895
373 973
374 499
374 561
374 604
374 620
374 700
374 704
374 810
374 833
374 846
374 871
374 964
374 969
374 974
374 976
375 400
375 450
375 708
376 437
376 642
376 643
376 659
376 709
376 748
376 774
376 804
376 820
376 845
376 955
377 447
377 481
377 531
377 627
377 638
377 659
377 875
377 890
377 921
377 967
378 408
378 434
378 606
378 609
378 629
378 705
378 763
378 766
378 887
378 972
378 973
378 987
378 996
379 467
379 531
379 592
379 660
379 669
379 715
379 748
379 751
379 805
379 937
379 967
380 412
380 656
380 692
380 725
380 841
381 429
381 608
381 638
381 660
381 755
381 930
381 946
381 955
381 961
382 463
382 643
382 751
382 786
382 787
382 820
382 870
382 885
382 907
382 967
383 599
383 674
383 711
383 800
383 827
383 872
383 891
383 898
383 911
383 918
383 931
383 940
384 452
384 461
384 790
384 909
385 496
385 613
385 622
385 701
385 729
385 837
385 852
385 861
385 864
385 866
385 880
385 896
385 929
386 442
386 537
386 580
386 637
386 719
386 745
386 852
386 861
386 864
386 865
386 954
387 402
387 420
387 453
387 777
387 848
387 855
387 962
387 988
387 989
387 997
387 1000
388 615
388 667
388 682
388 720
388 744
388 793
388 932
389 523
389 596
389 600
389 614
389 665
389 815
389 887
389 944
389 986
389 996
390 399
390 476
390 534
390 556
390 588
390 607
390 710
390 759
390 847
390 856
390 878
391 529
391 621
391 711
391 800
391 824
391 872
391 891
391 898
391 911
391 919
391 931
391 940
392 438
392 443
392 457
392 471
392 815
392 874
392 889
392 972
392 975
392 993
392 996
393 517
393 566
393 689
393 809
393 917
393 966
394 524
394 575
394 640
394 664
394 746
394 764
394 797
394 799
394 822
394 886
394 939
394 959
394 998
395 437
395 478
395 512
395 669
395 783
395 805
395 820
395 921
395 961
395 967
396 455
396 504
396 621
396 707
396 711
396 800
396 827
396 891
396 898
396 911
396 918
396 931
396 940
397 493
397 558
397 735
397 758
397 766
397 782
397 849
397 944
397 972
397 987
398 651
398 718
398 774
398 794
398 813
398 943
398 961
399 405
399 430
399 507
399 549
399 557
399 588
399 677
399 710
399 731
399 753
399 856
399 926
400 450
400 708
401 634
401 910
402 420
402 453
402 777
402 848
402 855
402 962
402 988
402 989
402 997
402 1000
403 409
403 444
403 495
403 593
403 630
403 662
403 756
403 828
403 840
403 888
403 985
403 994
404 519
404 535
404 539
404 580
404 622
404 624
404 719
404 734
404 789
404 818
404 837
404 863
404 865
404 963
405 474
405 533
405 706
405 717
405 826
405 854
405 859
405 904
405 934
406 504
406 529
406 800
406 824
406 872
406 891
406 898
406 911
406 918
406 919
406 931
406 940
407 535
407 745
407 779
407 789
407 811
407 817
407 837
407 852
407 861
407 863
407 864
407 866
407 884
407 899
408 600
408 666
408 815
408 843
408 868
408 887
408 889
408 953
408 975
408 996
409 444
409 495
409 593
409 630
409 662
409 756
409 828
409 840
409 888
409 985
409 994
410 434
410 485
410 523
410 525
410 528
410 606
410 617
410 645
410 699
410 762
410 914
410 951
410 953
410 986
411 577
411 628
411 671
411 688
411 802
411 814
411 838
411 869
411 892
412 656
412 692
412 725
412 841
413 422
413 484
413 623
413 655
413 687
413 712
413 714
413 738
413 760
413 801
413 825
413 968
414 497
414 539
414 637
414 779
414 788
414 817
414 818
414 831
414 851
414 866
414 896
414 963
415 540
415 545
415 550
415 570
415 626
415 950
415 952
415 991
415 999
416 577
416 595
416 663
416 679
416 730
416 747
416 802
416 814
416 869
417 543
417 590
417 610
417 690
417 702
417 780
417 798
417 936
417 949
417 958
417 977
417 984
418 647
418 697
418 733
418 752
418 808
418 823
418 842
418 901
418 903
418 922
418 941
418 947
418 982
418 983
418 990
419 579
419 658
419 678
419 684
419 795
419 821
419 858
419 867
419 876
419 893
419 906
419 920
419 945
419 970
420 453
420 777
420 848
420 855
420 962
420 988
420 989
420 997
420 1000
421 492
421 524
421 575
421 602
421 640
421 664
421 746
421 764
421 797
421 799
421 822
421 886
421 939
421 959
421 998
422 484
422 623
422 655
422 687
422 712
422 714
422 738
422 760
422 801
422 825
422 968
423 508
423 608
423 627
423 661
423 787
423 791
423 794
423 813
423 820
423 907
423 943
423 967
424 464
424 568
424 588
424 716
424 750
424 753
424 826
424 850
424 854
424 934
424 979
425 478
425 500
425 594
425 660
425 715
425 748
425 751
425 786
425 803
425 875
425 885
425 907
425 980
426 429
426 437
426 509
426 591
426 769
426 774
426 803
426 813
426 875
426 937
426 961
427 519
427 580
427 584
427 613
427 779
427 788
427 831
427 861
427 866
427 884
427 896
427 897
427 899
427 954
428 457
428 471
428 485
428 505
428 528
428 585
428 606
428 609
428 849
428 895
428 933
428 975
429 437
429 591
429 644
429 715
429 724
429 791
429 875
429 921
429 943
429 955
429 967
430 507
430 515
430 557
430 625
430 716
430 757
430 829
430 856
430 857
430 862
430 926
430 935
431 500
431 518
431 562
431 594
431 642
431 644
431 732
431 743
431 794
431 803
431 804
431 845
431 885
431 890
432 454
432 548
432 574
432 579
432 739
432 812
432 832
432 834
432 867
432 876
432 879
432 920
432 956
432 981
433 470
433 571
433 577
433 595
433 598
433 663
433 671
433 688
433 771
433 802
434 457
434 606
434 749
434 758
434 877
434 889
434 953
434 973
434 975
434 993
435 458
435 622
435 701
435 721
435 740
435 785
435 818
435 851
435 863
435 865
435 884
435 899
435 929
435 963
436 475
436 499
436 522
436 639
436 694
436 700
436 754
436 810
436 833
436 846
436 871
436 964
436 969
436 974
436 976
437 643
437 661
437 676
437 718
437 791
437 885
437 930
437 937
437 955
437 961
438 546
438 569
438 666
438 685
438 749
438 762
438 782
438 849
438 868
438 975
438 986
439 587
439 596
439 705
439 933
439 944
439 951
439 972
439 973
439 975
439 987
439 993
440 499
440 510
440 561
440 694
440 754
440 810
440 833
440 846
440 871
440 964
440 969
440 974
440 976
441 614
441 653
441 686
441 735
441 749
441 762
441 889
441 914
441 944
441 951
441 973
441 975
441 987
441 993
442 532
442 613
442 622
442 693
442 740
442 788
442 851
442 863
442 864
442 880
442 897
442 954
443 471
443 614
443 749
443 775
443 782
443 815
443 874
443 877
443 944
443 972
443 975
443 993
444 495
444 593
444 630
444 662
444 756
444 828
444 840
444 888
444 985
444 994
445 675
445 680
445 722
445 821
445 834
445 867
445 876
445 879
445 912
445 920
445 956
445 970
445 981
446 468
446 472
446 681
446 722
446 812
446 816
446 834
446 876
446 882
446 912
446 920
446 945
446 981
447 456
447 506
447 582
447 709
447 724
447 755
447 803
447 890
447 921
447 955
448 456
448 531
448 562
448 608
448 644
448 669
448 696
448 732
448 767
448 813
448 980
449 482
449 552
449 765
449 784
449 792
449 844
450 708
451 678
451 683
451 816
451 821
451 834
451 858
451 876
451 882
451 906
451 920
451 927
451 945
451 956
451 981
452 461
452 790
452 909
453 777
453 848
453 855
453 962
453 988
453 989
453 997
453 1000
454 526
454 563
454 726
454 812
454 816
454 834
454 858
454 867
454 893
454 912
454 920
454 927
454 970
455 491
455 504
455 707
455 800
455 827
455 872
455 891
455 898
455 911
455 918
455 919
455 931
455 940
456 481
456 508
456 644
456 794
456 885
456 890
456 907
456 921
456 967
457 471
457 558
457 587
457 617
457 843
457 874
457 895
457 933
457 953
457 973
457 996
458 519
458 537
458 637
458 719
458 745
458 778
458 811
458 831
458 852
458 861
458 865
458 897
458 954
458 963
459 583
459 646
459 830
459 860
459 881
459 900
459 924
459 960
459 965
459 992
459 995
460 500
460 508
460 518
460 709
460 748
460 772
460 813
460 820
460 885
460 943
460 946
460 955
461 790
461 909
462 518
462 531
462 605
462 718
462 751
462 787
462 794
462 813
462 845
462 870
462 885
462 907
462 937
462 961
463 466
463 592
463 608
463 627
463 638
463 696
463 783
463 796
463 930
463 955
463 980
464 544
464 559
464 731
464 835
464 856
464 926
464 979
465 492
465 524
465 575
465 602
465 640
465 664
465 746
465 764
465 797
465 799
465 822
465 886
465 939
465 959
465 998
466 594
466 709
466 715
466 767
466 794
466 805
466 813
466 820
466 890
466 930
466 946
466 967
467 481
467 508
467 642
467 659
467 732
467 743
467 769
467 783
467 796
467 805
467 943
467 980
468 489
468 563
468 574
468 680
468 795
468 812
468 821
468 858
468 867
468 882
468 893
468 912
468 981
469 483
469 519
469 576
469 584
469 668
469 693
469 745
469 778
469 779
469 785
469 861
469 866
469 897
469 954
470 494
470 595
470 631
470 671
470 688
470 730
470 741
470 802
470 814
470 838
470 869
471 572
471 666
471 699
471 843
471 849
471 889
471 953
471 975
471 986
471 987
471 993
472 574
472 618
472 681
472 684
472 795
472 816
472 832
472 876
472 906
472 927
472 945
472 956
472 981
473 489
473 680
473 684
473 727
473 739
473 795
473 816
473 834
473 879
473 882
473 893
473 906
473 927
473 945
473 956
474 507
474 515
474 625
474 716
474 781
474 819
474 873
474 926
474 934
474 935
474 979
475 561
475 639
475 694
475 700
475 704
475 754
475 810
475 833
475 846
475 871
475 964
475 969
475 974
475 976
476 556
476 581
476 607
476 716
476 717
476 770
476 826
476 854
476 873
476 934
476 935
476 979
477 479
477 619
477 773
477 883
478 562
478 582
478 616
478 659
478 743
478 787
478 791
478 803
478 870
478 921
479 619
479 773
479 883
480 527
480 571
480 577
480 595
480 598
480 631
480 663
480 679
480 688
480 802
480 838
480 869
481 651
481 659
481 669
481 748
481 767
481 787
481 921
481 937
481 961
482 552
482 765
482 784
482 792
482 844
483 497
483 519
483 580
483 668
483 701
483 778
483 811
483 865
483 866
483 880
483 896
483 929
484 623
484 655
484 687
484 712
484 714
484 738
484 760
484 801
484 825
484 968
485 609
485 645
485 653
485 691
485 705
485 763
485 775
485 868
485 877
485 895
485 933
485 944
485 993
486 494
486 527
486 577
486 598
486 628
486 631
486 663
486 679
486 688
486 814
486 869
486 892
487 647
487 697
487 723
487 733
487 752
487 808
487 823
487 842
487 901
487 903
487 922
487 941
487 947
487 982
487 983
487 990
488 520
488 601
488 636
488 673
488 776
488 925
489 551
489 680
489 739
489 816
489 834
489 879
489 893
489 927
489 945
489 981
490 491
490 521
490 560
490 599
490 674
490 827
490 872
490 891
490 898
490 911
490 918
490 919
490 931
490 940
491 504
491 800
491 824
491 827
491 872
491 891
491 898
491 911
491 918
491 919
491 931
491 940
492 524
492 575
492 602
492 640
492 664
492 746
492 764
492 797
492 799
492 822
492 886
492 939
492 959
492 998
493 523
493 665
493 761
493 775
493 843
493 874
493 895
493 933
493 973
493 975
493 987
494 595
494 663
494 671
494 730
494 747
494 771
494 802
494 814
494 838
494 869
495 593
495 630
495 662
495 756
495 828
495 840
495 888
495 985
495 994
496 539
496 541
496 580
496 785
496 788
496 817
496 831
496 837
496 851
496 864
496 866
496 896
496 897
496 929
496 963
497 624
497 668
497 740
497 779
497 788
497 811
497 818
497 852
497 863
497 865
497 954
497 963
498 514
498 620
498 633
498 694
498 700
498 754
498 810
498 833
498 846
498 871
498 964
498 969
498 974
498 976
499 514
499 604
499 639
499 700
499 704
499 810
499 833
499 846
499 871
499 964
499 969
499 974
499 976
500 592
500 651
500 791
500 805
500 875
500 907
500 937
501 573
501 728
501 839
502 530
502 853
502 928
502 938
502 978
503 515
503 549
503 557
503 589
503 607
503 716
503 736
503 737
503 781
503 829
503 847
503 878
503 935
504 516
504 711
504 800
504 824
504 827
504 891
504 911
504 918
504 919
504 931
504 940
505 528
505 564
505 587
505 629
505 653
505 758
505 868
505 895
505 914
505 987
506 586
506 642
506 659
506 669
506 709
506 743
506 787
506 813
506 875
506 930
506 961
507 533
507 549
507 597
507 607
507 759
507 826
507 847
507 857
507 926
507 979
508 605
508 743
508 755
508 794
508 803
508 907
508 946
508 967
508 980
509 644
509 696
509 715
509 718
509 724
509 791
509 803
509 870
509 885
509 946
509 961
510 522
510 561
510 620
510 694
510 700
510 754
510 810
510 846
510 871
510 964
510 969
510 974
510 976
511 543
511 590
511 610
511 690
511 702
511 780
511 798
511 936
511 949
511 958
511 977
511 984
512 659
512 709
512 715
512 732
512 772
512 786
512 845
512 907
512 930
512 946
513 533
513 544
513 554
513 559
513 588
513 695
513 757
513 857
513 894
513 904
513 926
513 934
513 979
514 522
514 561
514 694
514 704
514 754
514 810
514 846
514 871
514 964
514 969
514 974
514 976
515 549
515 589
515 625
515 649
515 750
515 753
515 826
515 835
515 908
515 979
516 707
516 711
516 800
516 824
516 827
516 872
516 891
516 898
516 911
516 918
516 919
516 931
516 940
517 566
517 689
517 809
517 917
517 966
518 582
518 676
518 732
518 783
518 791
518 804
518 845
518 930
518 943
518 955
518 961
519 632
519 668
519 729
519 785
519 788
519 811
519 866
519 884
519 929
519 954
519 963
520 601
520 636
520 673
520 776
520 925
521 529
521 560
521 621
521 707
521 800
521 827
521 898
521 911
521 918
521 919
521 931
521 940
522 620
522 633
522 639
522 754
522 810
522 833
522 846
522 871
522 964
522 969
522 974
522 976
523 542
523 596
523 653
523 665
523 874
523 951
523 986
523 987
523 993
524 575
524 602
524 640
524 664
524 746
524 764
524 797
524 799
524 822
524 886
524 939
524 959
524 998
525 735
525 868
525 874
525 895
525 972
525 975
525 986
525 996
526 684
526 726
526 727
526 812
526 876
526 879
526 882
526 906
526 920
526 945
526 956
526 970
527 595
527 631
527 730
527 741
527 747
527 814
527 838
527 869
528 685
528 686
528 699
528 762
528 775
528 877
528 889
528 895
528 914
528 986
528 996
529 599
529 621
529 707
529 711
529 824
529 891
529 898
529 911
529 918
529 919
529 931
529 940
530 853
530 928
530 938
530 978
531 591
531 592
531 627
531 715
531 743
531 767
531 786
531 845
531 890
531 943
531 955
531 961
531 967
532 537
532 693
532 719
532 729
532 745
532 788
532 789
532 818
532 851
532 852
532 866
532 880
532 899
532 954
533 625
533 736
533 759
533 835
533 847
533 850
533 854
533 859
533 862
533 904
533 908
533 926
533 935
534 544
534 607
534 654
534 770
534 781
534 826
534 829
534 857
534 873
534 979
535 539
535 541
535 580
535 670
535 693
535 701
535 729
535 779
535 818
535 852
535 865
535 866
535 899
535 954
536 548
536 681
536 683
536 684
536 703
536 795
536 821
536 867
536 876
536 893
536 956
536 970
536 981
537 539
537 576
537 580
537 837
537 851
537 852
537 864
537 866
537 896
537 899
537 929
537 963
538 544
538 603
538 612
538 641
538 650
538 742
539 584
539 622
539 785
539 837
539 864
539 865
539 899
539 963
540 545
540 550
540 570
540 626
540 950
540 952
540 991
540 999
541 584
541 613
541 734
541 788
541 817
541 818
541 861
541 863
541 865
541 880
541 884
541 963
542 572
542 762
542 766
542 782
542 849
542 877
542 895
542 944
542 951
542 972
542 987
543 590
543 610
543 690
543 702
543 780
543 798
543 936
543 949
543 958
543 977
543 984
544 597
544 654
544 677
544 706
544 717
544 759
544 829
544 862
544 873
544 904
544 935
545 550
545 570
545 626
545 950
545 952
545 991
545 999
546 600
546 645
546 735
546 749
546 761
546 775
546 914
546 933
546 944
546 973
547 647
547 697
547 723
547 733
547 752
547 808
547 823
547 842
547 901
547 903
547 922
547 941
547 947
547 982
547 983
547 990
548 563
548 795
548 812
548 834
548 882
548 912
548 945
548 956
548 970
548 981
549 557
549 568
549 649
549 710
549 759
549 850
549 878
549 904
549 934
550 570
550 626
550 950
550 952
550 991
550 999
551 563
551 739
551 832
551 834
551 879
551 882
551 893
551 912
551 920
551 956
551 970
552 765
552 784
552 792
552 844
553 652
553 807
553 948
554 677
554 736
554 750
554 757
554 847
554 854
554 873
554 894
554 904
554 935
554 979
555 565
555 836
555 902
555 957
556 581
556 607
556 625
556 698
556 736
556 759
556 850
556 854
556 856
556 859
556 894
556 934
557 581
557 607
557 625
557 649
557 654
557 716
557 753
557 847
557 850
557 859
557 934
558 596
558 606
558 609
558 691
558 735
558 766
558 874
558 887
558 889
558 972
558 986
558 987
559 657
559 717
559 736
559 737
559 829
559 835
559 847
559 856
559 859
559 894
559 908
559 935
559 979
560 599
560 674
560 800
560 824
560 827
560 872
560 891
560 898
560 911
560 918
560 931
560 940
561 633
561 639
561 694
561 700
561 754
561 810
561 833
561 846
561 871
561 964
561 969
561 974
561 976
562 591
562 592
562 642
562 644
562 660
562 676
562 718
562 748
562 786
562 787
562 845
562 875
562 890
563 635
563 658
563 681
563 683
563 684
563 727
563 821
563 867
563 945
563 970
564 569
564 585
564 609
564 691
564 705
564 782
564 889
564 895
564 914
564 973
564 975
564 986
564 987
564 996
565 836
565 902
565 957
566 689
566 809
566 917
566 966
568 588
568 657
568 695
568 710
568 826
568 835
568 862
568 873
568 894
568 904
568 915
569 572
569 685
569 749
569 877
569 895
569 914
569 933
569 951
569 972
569 975
569 986
569 987
570 626
570 950
570 952
570 991
570 999
571 595
571 598
571 628
571 688
571 730
571 741
571 747
571 771
571 814
571 838
571 869
571 892
572 587
572 606
572 653
572 691
572 699
572 713
572 815
572 868
572 874
572 877
572 933
572 951
572 975
572 987
573 728
573 839
574 675
574 678
574 684
574 722
574 812
574 858
574 879
574 893
574 927
574 945
574 956
575 602
575 640
575 664
575 746
575 764
575 797
575 799
575 822
575 886
575 939
575 959
575 998
576 670
576 719
576 734
576 740
576 789
576 818
576 863
576 864
576 865
576 896
576 899
576 929
576 954
577 663
577 679
577 771
577 814
577 838
577 869
578 659
578 751
578 787
578 791
578 794
578 796
578 804
578 875
578 890
578 907
578 943
578 946
579 618
579 678
579 681
579 683
579 821
579 832
579 858
579 879
579 882
579 893
579 906
579 927
579 956
579 970
580 624
580 668
580 693
580 785
580 818
580 831
580 864
580 897
580 954
580 963
581 657
581 695
581 736
581 819
581 826
581 854
581 856
581 894
581 915
581 926
581 934
581 979
582 594
582 608
582 627
582 659
582 718
582 769
582 796
582 804
582 890
582 943
583 646
583 830
583 860
583 881
583 900
583 924
583 960
583 965
583 992
583 995
584 624
584 719
584 729
584 734
584 778
584 779
584 818
584 837
584 851
584 896
584 897
584 899
584 929
585 665
585 686
585 691
585 761
585 763
585 815
585 849
585 933
585 972
585 973
585 986
585 987
585 996
586 611
586 644
586 676
586 796
586 820
586 875
586 921
586 967
586 980
587 686
587 735
587 782
587 874
587 933
587 953
587 993
587 996
588 597
588 654
588 710
588 750
588 759
588 826
588 850
588 854
588 857
588 878
588 934
589 654
589 706
589 710
589 753
589 770
589 829
589 856
589 862
589 873
589 904
590 610
590 690
590 702
590 780
590 798
590 936
590 949
590 958
590 977
590 984
591 605
591 608
591 651
591 659
591 660
591 669
591 769
591 804
591 967
591 980
592 608
592 611
592 696
592 767
592 791
592 813
592 921
592 955
592 961
592 967
593 630
593 662
593 756
593 828
593 840
593 888
593 985
593 994
594 696
594 709
594 748
594 783
594 875
594 885
594 907
594 921
594 937
594 955
594 961
594 980
595 598
595 628
595 671
595 688
595 730
595 771
595 802
596 713
596 749
596 758
596 763
596 849
596 868
596 874
596 933
596 972
596 993
596 996
597 698
597 716
597 736
597 737
597 750
597 753
597 770
597 819
597 857
597 873
597 908
597 926
597 934
597 979
598 628
598 663
598 679
598 688
598 741
598 838
598 892
599 621
599 674
599 707
599 711
599 800
599 827
599 872
599 891
599 898
599 911
599 918
599 919
599 931
599 940
600 606
600 614
600 666
600 782
600 887
600 889
600 895
600 944
600 973
600 993
601 636
601 673
601 776
601 925
602 640
602 664
602 746
602 764
602 797
602 799
602 822
602 886
602 939
602 959
602 998
603 612
603 641
603 650
603 742
604 633
604 639
604 694
604 700
604 704
604 754
604 810
604 833
604 846
604 871
604 964
604 969
604 974
604 976
605 611
605 755
605 774
605 805
605 820
605 885
605 907
605 946
605 967
606 691
606 758
606 877
606 887
606 933
606 944
606 986
606 987
606 993
607 695
607 698
607 750
607 753
607 757
607 826
607 835
607 873
607 878
607 894
607 908
608 748
608 796
608 845
608 885
608 930
608 937
608 961
608 980
609 666
609 762
609 763
609 849
609 874
609 877
609 914
609 951
609 953
609 973
609 993
609 996
610 690
610 702
610 780
610 798
610 936
610 949
610 958
610 977
610 984
611 616
611 642
611 644
611 709
611 755
611 769
611 772
611 774
611 783
611 796
611 803
611 820
611 907
611 946
612 641
612 650
612 742
613 622
613 632
613 719
613 734
613 778
613 811
613 837
613 861
613 863
613 880
613 884
613 954
613 963
614 685
614 691
614 758
614 782
614 887
614 889
614 895
614 933
614 972
614 973
614 996
615 667
615 682
615 720
615 744
615 793
615 932
616 651
616 696
616 715
616 724
616 774
616 791
616 813
616 845
616 885
616 930
616 946
616 961
617 763
617 775
617 815
617 868
617 877
617 887
617 889
617 895
617 914
617 951
617 953
617 993
617 996
618 879
618 893
618 906
618 912
618 927
618 956
618 970
618 981
619 773
619 883
620 633
620 639
620 694
620 700
620 704
620 754
620 810
620 833
620 846
620 871
620 964
620 969
620 974
620 976
621 674
621 707
621 800
621 824
621 872
621 898
621 911
621 918
621 919
621 931
621 940
622 624
622 668
622 719
622 734
622 778
622 818
622 861
622 864
622 865
622 880
622 897
622 963
623 655
623 687
623 712
623 714
623 738
623 760
623 801
623 825
623 968
624 637
624 740
624 745
624 778
624 779
624 817
624 831
624 837
624 861
624 884
624 929
624 954
624 963
625 710
625 753
625 835
625 847
625 854
625 856
625 862
625 873
625 904
625 934
625 979
626 950
626 952
626 991
626 999
627 638
627 642
627 644
627 732
627 769
627 774
627 804
627 875
627 890
627 946
627 955
628 663
628 679
628 730
628 747
628 802
628 869
628 892
629 666
629 705
629 749
629 843
629 887
629 889
629 951
629 953
629 972
629 973
629 975
629 986
629 996
630 662
630 756
630 828
630 840
630 888
630 985
630 994
631 671
631 679
631 688
631 730
631 747
631 771
631 802
631 814
631 892
632 637
632 693
632 701
632 734
632 788
632 789
632 831
632 837
632 852
632 880
632 884
632 899
632 929
632 963
633 694
633 704
633 754
633 810
633 833
633 846
633 871
633 964
633 969
633 974
633 976
634 910
635 648
635 675
635 722
635 739
635 832
635 858
635 867
635 882
635 893
635 912
635 927
635 945
635 956
635 970
635 981
636 673
636 776
636 925
637 693
637 740
637 778
637 779
637 811
637 864
637 896
637 929
637 954
638 696
638 715
638 755
638 769
638 786
638 796
638 805
638 885
638 890
638 946
639 694
639 700
639 704
639 754
639 833
639 846
639 871
639 964
639 969
639 974
639 976
640 664
640 746
640 764
640 797
640 799
640 822
640 886
640 939
640 959
640 998
641 650
641 742
642 718
642 743
642 772
642 870
642 875
642 907
642 937
642 943
642 980
643 661
643 755
643 772
643 774
643 805
643 885
643 907
643 921
643 943
643 967
644 724
644 769
644 791
644 803
644 943
644 955
644 967
645 666
645 685
645 691
645 699
645 735
645 782
645 843
645 944
645 951
645 953
645 972
645 973
645 975
645 986
645 987
646 830
646 860
646 881
646 900
646 924
646 960
646 965
646 992
646 995
647 697
647 723
647 733
647 752
647 808
647 823
647 842
647 901
647 903
647 922
647 941
647 947
647 982
647 983
647 990
648 658
648 678
648 681
648 722
648 727
648 739
648 832
648 876
648 879
648 882
648 893
648 912
648 920
648 945
648 970
649 654
649 677
649 698
649 757
649 835
649 857
649 878
649 915
649 935
650 742
651 661
651 715
651 755
651 783
651 845
651 885
651 890
651 943
651 946
651 961
652 807
652 948
653 665
653 713
653 775
653 782
653 914
653 944
653 953
653 972
653 975
653 987
653 993
653 996
654 657
654 731
654 819
654 829
654 835
654 850
654 873
654 908
654 934
655 687
655 712
655 714
655 738
655 760
655 801
655 825
655 968
656 692
656 725
656 841
657 716
657 736
657 750
657 759
657 770
657 826
657 835
657 850
657 854
657 856
657 859
657 878
657 894
657 904
657 935
658 680
658 739
658 812
658 816
658 821
658 858
658 867
658 893
658 912
658 920
658 927
658 956
658 970
659 724
659 748
659 786
659 787
659 791
659 980
660 696
660 724
660 755
660 767
660 783
660 791
660 796
660 805
660 845
660 930
660 937
660 955
660 980
661 696
661 767
661 769
661 796
661 870
661 885
661 890
661 943
661 961
661 980
662 756
662 828
662 840
662 888
662 985
662 994
663 671
663 679
663 688
663 730
663 771
663 814
663 838
663 892
664 746
664 764
664 797
664 799
664 822
664 886
664 939
664 959
664 998
665 685
665 699
665 775
665 782
665 843
665 868
665 874
665 887
665 953
665 972
665 973
665 975
665 993
665 996
666 761
666 763
666 815
666 868
666 874
666 933
666 975
666 986
666 987
666 993
666 996
667 682
667 720
667 744
667 793
667 932
668 670
668 693
668 721
668 734
668 740
668 785
668 788
668 811
668 852
668 863
668 866
668 896
668 899
668 929
668 963
669 718
669 724
669 732
669 751
669 772
669 805
669 870
669 875
669 930
669 937
669 980
670 693
670 745
670 778
670 785
670 789
670 817
670 831
670 851
670 852
670 861
670 863
670 864
670 865
670 884
670 896
670 897
670 954
670 963
671 679
671 730
671 741
671 747
671 771
671 802
671 838
671 869
671 892
673 776
673 925
674 707
674 711
674 824
674 827
674 872
674 891
674 898
674 911
674 918
674 919
674 931
674 940
675 678
675 681
675 703
675 726
675 727
675 739
675 834
675 858
675 876
675 882
675 912
675 927
675 981
676 709
676 743
676 751
676 774
676 804
676 805
676 813
676 820
676 921
676 946
676 955
676 980
677 695
677 737
677 750
677 757
677 770
677 781
677 859
677 862
677 904
677 908
677 926
678 684
678 703
678 739
678 816
678 821
678 882
678 906
678 912
678 920
678 927
678 970
678 981
679 688
679 741
679 747
679 771
679 802
679 869
679 892
680 681
680 703
680 722
680 739
680 832
680 867
680 876
680 893
680 927
680 956
680 970
680 981
681 812
681 867
681 876
681 879
681 882
681 893
681 906
681 912
681 927
681 981
682 720
682 744
682 793
682 932
683 703
683 726
683 821
683 834
683 867
683 876
683 879
683 882
683 920
683 970
683 981
684 703
684 739
684 795
684 816
684 832
684 876
684 882
684 906
684 920
684 970
685 775
685 815
685 877
685 887
685 889
685 895
685 933
685 951
685 953
685 987
685 993
685 996
686 775
686 815
686 877
686 887
686 889
686 951
686 972
686 973
686 975
686 986
686 993
687 712
687 714
687 738
687 760
687 801
687 825
687 968
688 771
688 814
688 838
688 869
688 892
689 809
689 917
689 966
690 702
690 780
690 798
690 936
690 949
690 958
690 977
690 984
691 699
691 713
691 849
691 874
691 887
691 914
691 953
691 972
691 973
691 996
692 725
692 841
693 721
693 729
693 778
693 788
693 789
693 852
693 863
693 865
693 866
693 880
693 963
694 704
694 754
694 810
694 833
694 871
694 964
694 969
694 974
694 976
695 706
695 716
695 753
695 770
695 859
695 894
695 908
695 915
695 926
696 724
696 732
696 772
696 774
696 804
696 845
696 890
696 930
697 723
697 733
697 752
697 808
697 823
697 842
697 901
697 903
697 922
697 941
697 947
697 982
697 983
697 990
698 706
698 736
698 737
698 750
698 826
698 829
698 859
698 862
698 904
698 935
698 979
699 735
699 758
699 868
699 877
699 914
699 944
699 972
699 975
699 987
699 993
700 754
700 810
700 833
700 846
700 871
700 964
700 969
700 974
700 976
701 729
701 740
701 745
701 817
701 831
701 837
701 851
701 861
701 864
701 865
701 896
701 897
701 899
701 929
701 954
701 963
702 780
702 798
702 936
702 949
702 958
702 977
702 984
703 726
703 739
703 795
703 816
703 876
703 879
703 906
703 912
703 920
703 945
703 970
703 981
704 754
704 810
704 833
704 871
704 964
704 969
704 974
704 976
705 735
705 758
705 761
705 762
705 874
705 887
705 889
705 933
705 951
705 953
705 975
705 986
705 987
705 996
706 710
706 717
706 731
706 819
706 829
706 847
706 854
706 856
706 857
706 862
706 878
706 915
707 800
707 824
707 827
707 872
707 891
707 898
707 911
707 918
707 919
707 931
707 940
709 718
709 732
709 767
709 804
709 845
709 943
709 946
709 955
709 967
710 717
710 731
710 826
710 854
710 857
710 878
710 915
710 926
710 934
711 827
711 872
711 891
711 898
711 911
711 918
711 919
711 931
711 940
712 714
712 738
712 760
712 801
712 825
712 968
713 763
713 782
713 868
713 877
713 887
713 914
713 944
713 953
713 973
713 975
713 986
713 987
714 738
714 760
714 801
714 825
714 968
715 718
715 748
715 755
715 786
715 796
715 870
715 943
715 946
715 955
715 967
716 717
716 731
716 736
716 757
716 781
716 847
716 873
716 878
716 934
716 935
717 753
717 759
717 781
717 826
717 835
717 847
717 878
717 908
717 934
717 935
718 783
718 796
718 890
718 921
718 930
718 946
719 734
719 785
719 789
719 817
719 851
719 861
719 863
719 865
719 884
719 897
719 929
719 963
720 744
720 793
720 932
721 729
721 745
721 778
721 788
721 811
721 818
721 851
721 880
721 884
721 897
721 899
721 929
721 963
722 726
722 727
722 739
722 821
722 858
722 867
722 879
722 882
722 893
722 906
722 920
722 970
722 981
723 733
723 752
723 808
723 823
723 842
723 901
723 903
723 922
723 941
723 947
723 982
723 983
723 990
724 751
724 767
724 769
724 772
724 783
724 907
724 937
724 946
724 980
725 841
726 812
726 816
726 832
726 834
726 858
726 867
726 879
726 893
726 912
726 920
726 927
726 956
726 981
727 739
727 816
727 832
727 879
727 906
727 912
727 927
727 945
727 956
727 981
728 839
729 740
729 745
729 789
729 817
729 831
729 851
729 852
729 861
729 863
729 866
729 880
729 899
730 741
730 747
730 771
730 802
730 814
730 838
730 869
730 892
731 737
731 750
731 753
731 757
731 819
731 826
731 854
731 856
731 857
731 926
731 934
732 743
732 751
732 767
732 805
732 845
732 885
732 946
732 961
732 967
732 980
733 752
733 808
733 823
733 842
733 901
733 903
733 922
733 941
733 947
733 982
733 983
733 990
734 740
734 778
734 785
734 788
734 789
734 837
734 851
734 852
734 861
734 866
734 884
734 897
734 963
735 749
735 762
735 766
735 843
735 874
735 887
735 895
735 953
735 972
735 986
735 996
736 757
736 759
736 819
736 835
736 847
736 859
736 873
736 915
736 926
736 935
736 979
737 759
737 829
737 856
737 857
737 862
737 908
737 915
737 926
737 935
738 760
738 801
738 825
738 968
739 812
739 832
739 867
739 906
739 945
739 956
739 981
740 779
740 788
740 852
740 880
740 884
740 896
740 897
740 899
740 954
740 963
741 747
741 771
741 802
741 838
741 892
743 772
743 791
743 820
743 875
743 943
743 955
743 961
744 793
744 932
745 778
745 811
745 817
745 818
745 831
745 851
745 880
745 884
745 896
745 897
745 963
746 764
746 797
746 799
746 822
746 886
746 939
746 959
746 998
747 771
747 802
747 814
747 838
747 869
747 892
748 783
748 804
748 870
748 885
748 930
748 937
748 946
749 763
749 766
749 775
749 843
749 849
749 868
749 874
749 877
749 895
749 933
749 951
749 972
749 987
750 753
750 829
750 847
750 859
750 873
750 915
750 935
750 979
751 772
751 783
751 794
751 804
751 875
751 890
751 930
751 943
751 955
751 967
752 808
752 823
752 842
752 901
752 903
752 922
752 941
752 947
752 982
752 983
752 990
753 829
753 854
753 862
753 894
753 904
753 908
754 833
754 846
754 871
754 964
754 969
754 974
754 976
755 772
755 786
755 787
755 791
755 813
755 890
755 955
755 967
755 980
756 828
756 840
756 888
756 985
756 994
757 759
757 781
757 819
757 829
757 835
757 850
757 857
757 859
757 894
757 908
758 763
758 766
758 849
758 868
758 874
758 933
758 951
758 975
758 987
758 993
758 996
759 835
759 850
759 857
759 862
759 873
759 878
759 935
760 801
760 825
760 968
761 762
761 766
761 895
761 944
761 951
761 953
761 972
761 973
761 975
761 986
762 877
762 887
762 933
762 972
762 973
763 775
763 849
763 877
763 887
763 889
763 895
763 914
763 933
763 944
763 951
763 972
764 797
764 799
764 822
764 886
764 939
764 959
764 998
765 784
765 792
765 844
766 782
766 843
766 868
766 887
766 933
766 951
766 953
766 972
766 973
766 975
766 986
766 993
767 769
767 774
767 786
767 791
767 803
767 820
767 907
767 921
767 930
768 806
768 905
768 913
768 916
768 923
768 942
768 971
769 813
769 875
769 921
769 937
769 943
769 946
769 955
769 961
769 967
770 856
770 857
770 878
770 904
770 915
770 926
770 935
770 979
771 838
771 869
771 892
772 786
772 787
772 803
772 820
772 845
772 930
772 961
772 980
773 883
774 804
774 820
774 907
774 930
774 955
774 980
775 887
775 914
775 953
775 972
775 975
775 987
775 993
776 925
777 848
777 855
777 962
777 988
777 989
777 997
777 1000
778 811
778 817
778 863
778 865
778 880
778 884
778 896
778 897
778 929
778 954
779 788
779 811
779 817
779 831
779 851
779 852
779 861
779 864
779 897
779 929
779 954
779 963
780 798
780 936
780 949
780 958
780 977
780 984
781 819
781 826
781 847
781 856
781 873
781 894
781 926
781 934
782 849
782 889
782 895
782 914
782 944
782 973
782 986
783 820
783 845
783 875
783 907
784 792
784 844
785 788
785 811
785 817
785 818
785 831
785 851
785 852
785 863
785 864
785 866
785 880
785 896
786 787
786 794
786 805
786 845
786 870
786 885
786 930
786 943
787 791
787 813
787 943
787 967
788 818
788 837
788 865
788 866
788 880
788 896
788 929
788 954
789 837
789 863
789 864
789 865
789 866
789 880
789 896
789 897
789 929
789 954
789 963
790 909
791 794
791 870
791 930
791 937
792 809
792 844
793 932
794 805
794 875
794 907
794 921
794 930
794 937
794 946
794 961
794 967
794 980
795 821
795 834
795 858
795 876
795 879
795 882
795 893
795 906
795 912
795 927
795 956
795 981
796 803
796 804
796 805
796 907
796 967
797 799
797 822
797 886
797 939
797 959
797 998
798 936
798 949
798 958
798 977
798 984
799 822
799 886
799 939
799 959
799 998
800 827
800 872
800 891
800 898
800 911
800 918
800 919
800 931
800 940
801 825
801 968
802 814
802 892
803 805
803 820
803 845
803 885
803 890
803 907
803 921
803 937
803 943
803 967
804 907
804 930
804 937
804 967
805 813
805 943
805 955
806 905
806 913
806 916
806 923
806 942
806 971
807 948
808 823
808 842
808 901
808 903
808 922
808 941
808 947
808 982
808 983
808 990
809 917
809 966
810 833
810 846
810 871
810 964
810 969
810 974
810 976
811 837
811 851
811 852
811 863
811 864
811 866
811 880
811 884
811 897
811 929
811 954
812 821
812 834
812 867
812 882
812 893
812 920
812 927
812 945
812 970
812 981
813 820
813 937
813 967
814 838
814 869
814 892
815 843
815 874
815 914
815 933
815 944
815 951
815 953
815 973
815 996
816 821
816 832
816 867
816 879
816 882
816 906
816 912
816 920
816 927
816 970
816 981
817 818
817 831
817 837
817 851
817 861
817 864
817 880
817 884
817 899
818 831
818 852
818 861
818 864
818 865
818 880
818 897
818 899
818 954
819 826
819 847
819 857
819 862
819 878
819 908
819 915
819 926
819 934
819 935
819 979
820 875
820 885
820 967
820 980
821 832
821 858
821 867
821 879
821 912
821 920
821 927
821 956
821 970
822 886
822 939
822 959
822 998
823 842
823 901
823 903
823 922
823 941
823 947
823 982
823 983
823 990
824 827
824 872
824 891
824 898
824 911
824 919
824 931
824 940
825 968
826 835
826 847
826 857
826 894
826 935
826 979
827 872
827 891
827 898
827 911
827 918
827 919
827 931
828 840
828 888
828 985
828 994
829 850
829 862
829 894
829 904
829 908
829 915
829 926
829 934
830 860
830 881
830 900
830 924
830 960
830 965
830 992
830 995
831 837
831 851
831 852
831 864
831 866
831 896
831 929
831 954
832 876
832 879
832 882
832 906
832 912
832 927
832 945
832 970
832 981
833 846
833 871
833 964
833 969
833 974
833 976
834 876
834 879
834 893
834 912
834 920
834 945
834 956
834 981
835 850
835 873
835 894
835 904
835 915
835 934
836 902
836 957
837 861
837 864
837 866
837 884
837 896
837 897
837 899
837 929
837 954
838 869
838 892
840 888
840 985
840 994
842 901
842 903
842 922
842 941
842 947
842 982
842 983
842 990
843 849
843 874
843 887
843 889
843 895
843 944
843 975
843 986
843 987
843 993
843 996
845 870
845 921
845 930
845 937
845 943
846 871
846 964
846 969
846 974
846 976
847 856
847 859
847 873
847 878
847 935
847 979
848 855
848 962
848 988
848 989
848 997
848 1000
849 868
849 889
849 895
849 972
849 973
849 986
849 993
849 996
850 854
850 859
850 873
850 878
850 894
850 904
850 915
850 926
850 979
851 861
851 863
851 864
851 896
851 897
851 899
851 929
851 954
851 963
852 863
852 864
852 865
852 884
852 896
852 899
852 929
852 954
853 928
853 938
853 978
854 859
854 873
854 915
854 926
854 934
854 935
855 962
855 988
855 989
855 997
855 1000
856 857
856 859
856 894
856 904
856 926
856 934
856 979
857 862
857 908
857 934
857 979
858 867
858 876
858 882
858 893
858 906
858 912
858 927
858 956
858 970
859 873
859 878
859 894
859 908
859 915
859 926
860 881
860 900
860 924
860 960
860 965
860 992
860 995
861 864
861 880
861 884
861 896
861 929
861 954
861 963
862 878
862 904
862 908
862 926
862 934
863 864
863 866
863 884
863 899
863 929
863 954
863 963
864 880
864 897
864 899
864 954
865 884
865 896
865 897
865 899
865 929
865 954
865 963
866 880
866 884
866 897
866 929
866 954
867 876
867 893
867 920
867 956
867 970
868 877
868 887
868 944
868 951
868 973
868 987
868 993
868 996
869 892
870 875
870 885
870 907
870 930
870 937
870 946
870 955
870 961
871 964
871 969
871 974
871 976
872 891
872 898
872 911
872 918
872 919
872 931
872 940
873 878
873 979
874 887
874 914
874 973
874 993
875 885
875 921
875 946
875 955
875 980
876 882
876 893
876 906
876 945
876 956
876 970
876 981
877 887
877 895
877 914
877 944
877 953
877 972
877 987
878 904
878 934
878 935
878 979
879 882
879 893
879 927
879 970
880 884
880 896
880 899
880 963
881 900
881 924
881 960
881 965
881 992
881 995
882 920
882 927
882 970
882 981
884 897
884 899
884 954
885 907
885 961
885 980
886 939
886 959
886 998
887 889
887 914
888 985
888 994
889 933
889 944
889 951
889 972
889 993
889 996
890 937
890 943
890 946
890 967
890 980
891 898
891 911
891 918
891 919
891 931
891 940
893 927
893 945
893 981
894 904
895 972
895 973
895 996
896 899
896 929
896 963
897 899
897 929
897 954
897 963
898 911
898 918
898 919
898 940
899 929
899 954
900 924
900 960
900 965
900 992
900 995
901 903
901 922
901 941
901 947
901 982
901 983
901 990
902 957
903 922
903 941
903 947
903 982
903 983
903 990
904 908
904 915
904 979
905 913
905 916
905 923
905 942
905 971
906 912
906 920
906 945
906 956
906 970
906 981
907 921
907 943
908 926
908 934
908 979
909 916
911 918
911 919
912 920
912 927
912 945
912 956
913 916
913 923
913 942
913 971
914 944
914 953
914 972
914 973
914 986
914 987
914 993
915 926
915 979
916 923
916 942
916 971
917 966
918 919
918 931
918 940
919 931
919 940
920 927
920 970
920 981
921 943
921 961
921 967
922 941
922 947
922 982
922 983
922 990
923 942
923 971
924 960
924 965
924 992
924 995
926 934
926 979
927 945
927 970
928 938
928 978
929 954
930 946
930 961
931 940
933 944
933 951
933 975
933 993
933 996
934 935
936 949
936 958
936 977
936 984
937 961
937 967
938 978
939 959
939 998
941 947
941 982
941 983
941 990
942 971
943 946
943 980
944 951
944 973
944 975
944 987
945 956
945 970
945 981
946 955
946 961
947 982
947 983
947 990
949 958
949 977
949 984
950 952
950 991
950 999
951 953
951 972
951 973
951 975
951 996
952 991
952 999
953 973
953 986
953 987
954 963
955 980
956 981
958 977
958 984
959 998
960 965
960 992
960 995
961 980
962 988
962 989
962 997
962 1000
964 969
964 974
964 976
965 992
965 995
967 980
969 974
969 976
970 981
972 975
972 986
972 993
972 996
973 975
973 986
973 987
974 976
975 986
977 984
982 983
982 990
983 990
985 994
986 987
987 993
987 996
988 989
988 997
988 1000
989 997
989 1000
991 999
992 995
997 1000
