1 253
1 376
1 509
1 578
1 605
1 661
1 803
1 937
1 961
1 967
2 63
2 132
2 196
2 247
2 488
2 520
2 601
2 636
2 712
2 925
3 252
3 356
3 559
3 706
3 710
3 759
3 819
3 894
3 904
3 934
4 411
4 470
4 628
4 631
4 688
4 741
4 747
4 802
4 838
4 869
5 490
5 529
5 674
5 872
5 891
5 898
5 911
5 916
5 918
5 931
6 89
6 277
6 553
6 652
7 71
7 108
7 439
7 629
7 782
7 877
7 887
7 972
7 973
7 987
8 120
8 233
8 282
8 359
8 380
8 409
8 412
8 656
8 692
8 725
9 315
9 432
9 473
9 726
9 816
9 834
9 876
9 879
9 893
9 912
10 37
10 360
10 424
10 503
10 588
10 597
10 695
10 759
10 857
10 878
11 754
11 833
11 860
11 924
11 960
11 964
11 974
11 976
11 992
11 995
12 349
12 464
12 503
12 677
12 716
12 731
12 750
12 819
12 935
12 979
13 563
13 579
13 703
13 722
13 834
13 876
13 879
13 882
13 893
13 912
14 96
14 274
14 324
14 686
14 843
14 849
14 887
14 951
14 973
14 987
15 348
15 431
15 531
15 591
15 724
15 774
15 875
15 955
15 961
15 967
16 459
16 810
16 830
16 881
16 924
16 960
16 964
16 974
16 976
16 995
17 114
17 439
17 735
17 761
17 785
17 849
17 874
17 951
17 973
17 987
18 135
18 210
18 373
18 596
18 849
18 874
18 914
18 944
18 957
18 973
19 24
19 392
19 528
19 699
19 766
19 849
19 868
19 973
19 987
19 996
20 544
20 588
20 597
20 607
20 736
20 826
20 829
20 857
20 926
20 934
21 85
21 140
21 311
21 339
21 768
21 841
21 905
21 923
22 675
22 727
22 832
22 906
22 920
22 927
22 945
22 956
22 970
22 981
23 175
23 248
23 296
23 395
23 638
23 715
23 813
23 921
23 930
23 943
24 139
24 546
24 713
24 775
24 868
24 933
24 944
24 975
24 986
25 45
25 266
25 474
25 533
25 819
25 826
25 873
25 878
25 904
25 915
26 374
26 704
26 833
26 881
26 964
26 965
26 969
26 976
26 992
26 995
27 250
27 491
27 560
27 626
27 800
27 827
27 872
27 911
27 919
27 940
28 475
28 830
28 871
28 881
28 960
28 965
28 969
28 976
28 992
28 995
29 664
29 746
29 764
29 773
29 799
29 822
29 886
29 939
29 959
29 998
30 111
30 486
30 577
30 628
30 679
30 741
30 802
30 814
30 869
30 892
31 329
31 336
31 377
31 382
31 586
31 643
31 772
31 875
31 907
31 921
32 745
32 778
32 851
32 861
32 863
32 866
32 884
32 899
32 929
32 963
33 84
33 542
33 686
33 735
33 849
33 914
33 933
33 975
33 986
33 987
34 65
34 176
34 329
34 518
34 594
34 611
34 813
34 885
34 907
34 967
35 75
35 219
35 501
35 504
35 570
35 728
35 836
35 839
35 991
35 999
36 273
36 410
36 438
36 653
36 686
36 889
36 895
36 973
36 993
36 996
37 180
37 341
37 369
37 544
37 549
37 736
37 757
37 894
37 979
38 216
38 560
38 800
38 891
38 898
38 911
38 916
38 918
38 919
38 931
39 207
39 276
39 517
39 548
39 689
39 966
40 194
40 492
40 622
40 628
40 679
40 730
40 814
40 838
40 869
40 892
41 543
41 610
41 698
41 780
41 798
41 936
41 949
41 958
41 977
41 984
42 213
42 375
42 535
42 541
42 670
42 734
42 831
42 861
42 866
42 896
43 190
43 282
43 359
43 380
43 409
43 412
43 656
43 692
43 725
44 797
44 842
44 901
44 903
44 922
44 941
44 947
44 982
44 983
44 990
45 162
45 534
45 695
45 854
45 857
45 894
45 908
45 934
45 935
46 180
46 341
46 568
46 657
46 826
46 847
46 857
46 862
46 878
46 915
47 123
47 754
47 860
47 871
47 924
47 960
47 965
47 976
47 992
47 995
48 466
48 638
48 669
48 786
48 870
48 890
48 907
48 921
48 943
48 946
49 828
49 844
49 848
49 855
49 900
49 962
49 988
49 989
49 997
49 1000
50 445
50 574
50 681
50 726
50 795
50 816
50 821
50 876
50 879
50 912
51 647
51 723
51 797
51 808
51 842
51 922
51 947
51 982
51 983
51 990
52 365
52 503
52 513
52 649
52 716
52 731
52 826
52 835
52 857
52 873
53 99
53 134
53 148
53 372
53 612
53 663
53 671
53 790
53 909
54 327
54 385
54 668
54 701
54 740
54 779
54 864
54 897
54 899
54 929
55 415
55 647
55 752
55 901
55 903
55 922
55 947
55 982
55 983
55 990
56 567
56 623
56 654
56 655
56 672
56 738
56 760
56 801
56 825
56 850
57 602
57 746
57 764
57 773
57 799
57 822
57 886
57 939
57 959
57 998
58 116
58 152
58 335
58 426
58 509
58 661
58 696
58 805
58 845
58 853
59 220
59 391
59 626
59 824
59 872
59 911
59 916
59 919
59 931
59 940
60 352
60 629
60 699
60 815
60 843
60 874
60 887
60 889
60 953
60 993
61 120
61 233
61 282
61 359
61 380
61 409
61 412
61 656
61 692
61 725
62 727
62 812
62 902
62 906
62 920
62 927
62 945
62 956
62 970
62 981
63 132
63 196
63 247
63 488
63 520
63 601
63 636
63 712
63 925
64 92
64 172
64 401
64 433
64 443
64 634
64 720
64 910
64 968
65 109
65 591
65 661
65 696
65 804
65 870
65 921
65 946
65 955
66 497
66 729
66 811
66 817
66 837
66 851
66 863
66 866
66 899
66 929
67 76
67 263
67 295
67 398
67 582
67 718
67 772
67 930
67 946
67 967
68 830
68 833
68 871
68 881
68 960
68 965
68 969
68 974
68 992
68 995
69 536
69 648
69 812
69 867
69 920
69 927
69 945
69 956
69 970
69 981
70 828
70 844
70 848
70 855
70 900
70 962
70 988
70 989
70 997
70 1000
71 227
71 324
71 713
71 815
71 877
71 895
71 951
71 972
71 996
72 312
72 363
72 807
73 403
73 444
73 495
73 593
73 662
73 756
73 840
73 888
73 985
73 994
74 567
74 623
74 654
74 655
74 672
74 738
74 760
74 801
74 825
74 850
75 501
75 540
75 550
75 570
75 728
75 836
75 839
75 991
75 999
76 366
76 426
76 481
76 582
76 586
76 661
76 870
76 875
76 980
77 178
77 700
77 830
77 964
77 965
77 969
77 974
77 976
77 992
77 995
78 620
78 846
78 860
78 881
78 924
78 964
78 969
78 974
78 992
78 995
79 227
79 350
79 485
79 614
79 763
79 877
79 914
79 957
79 973
79 993
80 675
80 678
80 902
80 906
80 920
80 927
80 945
80 956
80 970
80 981
81 106
81 135
81 457
81 523
81 749
81 868
81 944
81 987
81 993
81 996
82 93
82 638
82 696
82 724
82 743
82 751
82 755
82 787
82 805
82 890
83 418
83 487
83 733
83 808
83 903
83 941
83 947
83 982
83 983
83 990
84 264
84 457
84 587
84 895
84 957
84 973
84 986
84 987
84 1000
85 140
85 311
85 339
85 768
85 841
85 905
85 923
86 121
86 299
86 549
86 556
86 607
86 695
86 731
86 826
86 835
86 926
87 828
87 844
87 848
87 855
87 900
87 962
87 988
87 989
87 997
87 1000
88 673
88 723
88 797
88 842
88 901
88 941
88 947
88 982
88 983
88 990
89 277
89 553
89 652
90 810
90 846
90 960
90 964
90 965
90 969
90 974
90 976
90 992
90 995
91 342
91 448
91 500
91 709
91 783
91 791
91 805
91 890
91 907
91 943
92 172
92 401
92 433
92 443
92 634
92 720
92 910
92 968
93 199
93 238
93 381
93 463
93 571
93 660
93 732
93 805
93 946
94 230
94 296
94 425
94 478
94 506
94 748
94 772
94 791
94 930
94 943
95 283
95 461
95 501
95 504
95 570
95 728
95 836
95 839
95 991
95 999
96 528
96 564
96 585
96 874
96 951
96 973
96 975
96 986
96 987
97 107
97 146
97 217
97 331
97 452
97 577
97 631
97 688
97 730
97 838
98 547
98 733
98 797
98 842
98 903
98 941
98 947
98 982
98 983
98 990
99 134
99 148
99 372
99 612
99 663
99 671
99 790
99 909
100 828
100 844
100 848
100 855
100 900
100 962
100 988
100 989
100 997
100 1000
101 164
101 288
101 393
101 952
102 325
102 547
102 697
102 901
102 922
102 941
102 947
102 982
102 983
102 990
103 599
103 800
103 872
103 891
103 898
103 916
103 918
103 919
103 931
103 940
104 219
104 501
104 540
104 550
104 570
104 728
104 836
104 839
104 991
104 999
105 155
105 368
105 400
105 450
105 708
106 300
106 358
106 785
106 889
106 951
106 957
106 975
106 993
106 996
107 111
107 146
107 217
107 452
107 527
107 622
107 628
107 679
107 838
107 869
108 133
108 572
108 645
108 666
108 815
108 843
108 914
108 951
108 973
108 986
109 131
109 295
109 304
109 423
109 592
109 751
109 794
109 870
109 875
109 943
110 285
110 544
110 649
110 753
110 854
110 856
110 857
110 904
110 908
110 915
110 935
111 150
111 452
111 480
111 492
111 631
111 679
111 814
111 869
111 892
112 383
112 491
112 516
112 529
112 824
112 891
112 911
112 916
112 919
112 931
112 940
113 574
113 658
113 680
113 703
113 821
113 858
113 876
113 879
113 893
113 912
114 139
114 471
114 523
114 713
114 749
114 785
114 843
114 877
114 957
114 972
115 336
115 342
115 429
115 718
115 796
115 803
115 890
115 921
115 930
115 955
115 980
116 238
116 508
116 643
116 751
116 786
116 803
116 875
116 921
116 930
116 937
117 157
117 248
117 398
117 431
117 509
117 643
117 669
117 748
117 796
117 907
117 980
118 269
118 386
118 407
118 519
118 811
118 817
118 851
118 861
118 863
118 896
118 899
119 217
119 218
119 245
119 246
119 486
119 527
119 622
119 771
119 802
119 814
119 869
120 190
120 233
120 359
120 380
120 409
120 412
120 656
120 692
120 725
121 153
121 171
121 474
121 829
121 856
121 862
121 908
121 934
121 979
122 174
122 255
122 315
122 658
122 722
122 795
122 821
122 834
122 876
122 882
122 912
123 498
123 583
123 700
123 830
123 924
123 960
123 964
123 965
123 976
123 995
124 218
124 245
124 246
124 298
124 486
124 598
124 631
124 688
124 771
124 838
124 869
125 150
125 416
125 470
125 492
125 628
125 631
125 771
125 814
125 838
125 869
125 892
126 314
126 415
126 733
126 762
126 808
126 903
126 941
126 947
126 982
126 983
126 990
127 727
127 832
127 902
127 906
127 920
127 927
127 945
127 956
127 970
127 981
128 133
128 493
128 606
128 735
128 815
128 874
128 877
128 887
128 895
128 993
128 996
129 210
129 528
129 546
129 600
129 645
129 691
129 843
129 933
129 957
129 986
129 993
130 346
130 385
130 541
130 719
130 745
130 837
130 851
130 866
130 929
130 954
130 963
131 187
131 466
131 508
131 531
131 571
131 696
131 732
131 787
131 955
131 961
132 196
132 247
132 488
132 520
132 601
132 636
132 712
132 925
133 324
133 493
133 617
133 665
133 691
133 761
133 889
133 986
133 987
134 143
134 148
134 372
134 612
134 663
134 671
134 790
134 909
135 493
135 749
135 758
135 782
135 914
135 972
135 975
135 993
135 996
136 543
136 690
136 698
136 702
136 780
136 798
136 936
136 949
136 958
136 977
136 984
137 343
137 349
137 365
137 710
137 759
137 857
137 862
137 873
137 915
137 934
137 979
138 413
138 484
138 623
138 654
138 655
138 672
138 738
138 760
138 801
138 825
138 850
139 210
139 666
139 691
139 775
139 868
139 874
139 889
139 953
139 972
140 311
140 339
140 768
140 841
140 905
140 923
141 216
141 711
141 824
141 827
141 891
141 911
141 916
141 918
141 919
141 931
141 940
142 395
142 466
142 638
142 644
142 651
142 676
142 907
142 930
142 943
142 955
142 967
143 179
143 206
143 289
143 477
143 479
143 615
143 619
143 883
143 950
144 153
144 365
144 556
144 657
144 677
144 737
144 826
144 854
144 856
144 926
144 935
145 502
145 530
145 685
145 792
145 823
145 928
145 938
145 978
146 217
146 480
146 628
146 730
146 741
146 747
146 771
146 814
146 892
147 211
147 334
147 369
147 589
147 826
147 847
147 862
147 873
147 878
147 908
147 915
148 372
148 612
148 663
148 671
148 790
148 909
149 332
149 513
149 657
149 737
149 757
149 759
149 770
149 847
149 904
149 926
149 979
150 331
150 492
150 577
150 628
150 688
150 747
150 802
150 814
150 892
151 640
151 664
151 746
151 764
151 773
151 799
151 822
151 886
151 939
151 959
151 998
152 351
152 506
152 594
152 643
152 661
152 787
152 794
152 921
152 937
152 943
153 334
153 371
153 581
153 736
153 750
153 826
153 829
153 915
153 926
154 261
154 281
154 566
154 809
154 917
155 368
155 400
155 450
155 708
156 455
156 490
156 491
156 711
156 800
156 891
156 898
156 911
156 916
156 918
156 940
157 181
157 229
157 248
157 611
157 676
157 687
157 853
157 930
157 937
157 946
158 254
158 285
158 556
158 753
158 835
158 856
158 862
158 894
158 908
158 926
158 979
159 198
159 310
159 461
159 540
159 550
159 570
159 728
159 836
159 839
159 991
159 999
160 684
160 739
160 812
160 902
160 906
160 920
160 927
160 945
160 956
160 970
160 981
161 415
161 752
161 901
161 903
161 922
161 941
161 947
161 982
161 983
161 990
162 399
162 534
162 607
162 835
162 859
162 908
162 926
162 934
162 935
162 979
163 678
163 683
163 727
163 902
163 906
163 920
163 927
163 945
163 956
163 970
163 981
164 288
164 393
164 952
165 470
165 527
165 598
165 631
165 679
165 730
165 741
165 747
165 771
165 869
165 892
166 414
166 537
166 721
166 734
166 864
166 884
166 896
166 899
166 929
166 954
166 963
167 576
167 707
167 719
167 734
167 817
167 861
167 864
167 866
167 929
167 954
168 300
168 441
168 600
168 617
168 665
168 686
168 874
168 895
168 951
168 986
168 987
169 210
169 239
169 270
169 665
169 686
169 766
169 785
169 944
169 975
169 986
169 993
170 680
170 703
170 722
170 816
170 834
170 858
170 876
170 879
170 882
170 893
170 912
171 182
171 266
171 360
171 589
171 657
171 750
171 757
171 781
171 856
171 926
172 401
172 433
172 443
172 634
172 720
172 910
172 968
173 470
173 480
173 527
173 622
173 679
173 688
173 730
173 747
173 771
173 838
173 892
174 658
174 726
174 795
174 821
174 858
174 876
174 879
174 882
174 893
174 912
175 336
175 366
175 382
175 437
175 659
175 820
175 845
175 885
175 921
175 943
176 212
176 329
176 448
176 481
176 586
176 638
176 724
176 783
176 791
176 805
177 228
177 337
177 361
177 551
177 667
177 682
177 744
177 793
177 932
178 436
178 561
178 633
178 700
178 964
178 965
178 969
178 974
178 992
178 995
179 206
179 289
179 477
179 479
179 615
179 619
179 883
179 950
180 349
180 737
180 753
180 757
180 770
180 847
180 862
180 878
180 904
181 187
181 256
181 627
181 660
181 751
181 803
181 845
181 870
181 921
181 961
182 356
182 384
182 503
182 759
182 835
182 904
182 926
182 934
182 935
182 979
183 192
183 330
183 364
183 694
183 913
183 942
183 971
184 314
184 340
184 762
184 842
184 901
184 922
184 941
184 947
184 982
184 983
184 990
185 246
185 331
185 480
185 492
185 631
185 679
185 771
185 802
185 814
185 838
185 892
186 308
186 567
186 623
186 654
186 655
186 672
186 738
186 760
186 801
186 825
186 850
187 242
187 659
187 676
187 732
187 743
187 751
187 786
187 787
187 943
188 590
188 690
188 698
188 702
188 780
188 798
188 936
188 949
188 958
188 977
188 984
189 797
189 808
189 842
189 901
189 903
189 922
189 941
189 947
189 982
189 983
189 990
190 233
190 282
190 359
190 380
190 409
190 412
190 656
190 692
190 725
191 621
191 626
191 824
191 891
191 898
191 911
191 916
191 918
191 919
191 931
191 940
192 330
192 364
192 694
192 913
192 942
192 971
193 309
193 690
193 698
193 702
193 780
193 798
193 936
193 949
193 958
193 977
193 984
194 217
194 236
194 298
194 416
194 470
194 492
194 622
194 747
194 771
194 802
195 499
195 700
195 833
195 846
195 881
195 964
195 965
195 969
195 974
195 976
195 995
196 247
196 488
196 520
196 601
196 636
196 712
196 925
197 418
197 673
197 752
197 797
197 901
197 903
197 922
197 941
197 982
197 983
197 990
198 310
198 461
198 504
198 540
198 550
198 728
198 836
198 839
198 991
198 999
199 253
199 335
199 366
199 651
199 743
199 767
199 783
199 890
199 907
199 946
200 640
200 664
200 746
200 764
200 773
200 799
200 822
200 886
200 939
200 959
200 998
201 230
201 353
201 608
201 660
201 687
201 786
201 803
201 921
201 943
201 946
201 961
202 338
202 382
202 481
202 627
202 659
202 676
202 715
202 772
202 796
202 890
202 961
203 604
203 620
203 871
203 881
203 960
203 964
203 965
203 974
203 976
203 992
203 995
204 697
204 723
204 842
204 901
204 903
204 922
204 941
204 947
204 982
204 983
204 990
205 291
205 379
205 562
205 696
205 751
205 783
205 885
205 930
205 937
205 943
205 946
206 289
206 477
206 479
206 615
206 619
206 883
206 950
207 276
207 517
207 548
207 689
207 966
208 386
208 613
208 729
208 811
208 818
208 852
208 861
208 866
208 897
208 899
208 963
209 810
209 846
209 860
209 924
209 960
209 964
209 965
209 974
209 976
209 992
209 995
210 378
210 389
210 558
210 572
210 849
210 914
210 993
211 254
211 343
211 360
211 424
211 757
211 770
211 781
211 819
211 847
211 894
212 260
212 295
212 447
212 500
212 644
212 732
212 769
212 774
212 930
212 967
213 362
213 458
213 539
213 584
213 668
213 719
213 729
213 734
213 861
213 880
213 897
214 373
214 569
214 600
214 766
214 775
214 785
214 933
214 944
214 951
214 953
214 973
214 987
215 600
215 617
215 665
215 705
215 749
215 775
215 889
215 953
215 972
215 975
215 986
215 987
216 297
216 674
216 824
216 898
216 911
216 916
216 918
216 919
216 931
216 940
217 452
217 480
217 527
217 628
217 679
217 838
217 892
218 411
218 416
218 577
218 598
218 688
218 730
218 771
218 838
218 869
218 892
219 501
219 504
219 540
219 550
219 570
219 728
219 836
219 839
219 991
219 999
220 800
220 827
220 872
220 891
220 898
220 911
220 916
220 918
220 919
220 931
220 940
221 287
221 438
221 596
221 645
221 653
221 843
221 849
221 868
221 933
221 944
221 951
221 986
222 333
222 341
222 344
222 390
222 399
222 549
222 710
222 716
222 753
222 770
222 847
222 894
223 255
223 445
223 446
223 451
223 658
223 726
223 821
223 834
223 879
223 882
223 893
223 912
224 417
224 590
224 690
224 698
224 702
224 780
224 798
224 936
224 949
224 958
224 977
224 984
225 590
225 610
225 690
225 698
225 702
225 780
225 798
225 936
225 949
225 958
225 977
225 984
226 511
226 543
226 610
226 690
226 702
226 780
226 798
226 936
226 949
226 958
226 977
226 984
227 528
227 606
227 735
227 761
227 782
227 849
227 895
227 933
227 975
227 986
228 337
228 551
228 667
228 682
228 744
228 793
228 932
229 259
229 316
229 571
229 616
229 627
229 638
229 748
229 820
229 853
229 890
229 921
230 256
230 335
230 562
230 616
230 627
230 791
230 813
230 885
230 907
230 967
231 253
231 398
231 456
231 460
231 616
231 642
231 718
231 724
231 786
231 870
231 885
231 946
232 458
232 535
232 584
232 707
232 721
232 788
232 817
232 851
232 852
232 861
232 865
232 884
233 282
233 359
233 380
233 409
233 412
233 656
233 692
233 725
234 602
234 640
234 664
234 746
234 764
234 773
234 799
234 822
234 886
234 939
234 959
234 998
235 455
235 560
235 711
235 800
235 891
235 898
235 911
235 916
235 918
235 919
235 931
235 940
236 416
236 486
236 577
236 631
236 679
236 688
236 730
236 802
236 814
236 838
236 892
237 425
237 462
237 611
237 669
237 709
237 743
237 748
237 796
237 803
237 805
237 813
237 961
238 426
238 448
238 592
238 659
238 660
238 791
238 853
238 875
238 890
238 930
239 505
239 775
239 785
239 815
239 849
239 877
239 887
239 933
239 957
239 986
239 996
240 475
240 646
240 833
240 846
240 871
240 924
240 964
240 965
240 969
240 974
240 992
240 995
241 404
241 497
241 740
241 811
241 817
241 818
241 866
241 884
241 896
241 899
241 929
241 954
242 259
242 466
242 506
242 591
242 687
242 796
242 845
242 885
242 907
242 930
242 955
243 777
243 806
243 828
243 844
243 848
243 855
243 900
243 962
243 988
243 989
243 997
243 1000
244 315
244 432
244 445
244 472
244 681
244 821
244 834
244 858
244 879
244 882
244 893
244 912
245 265
245 411
245 480
245 527
245 688
245 741
245 802
245 814
245 869
245 892
246 577
246 631
246 688
246 730
246 741
246 771
246 838
246 869
246 892
247 488
247 520
247 601
247 636
247 712
247 925
248 295
248 351
248 531
248 718
248 783
248 794
248 937
248 955
248 961
249 532
249 539
249 576
249 779
249 818
249 837
249 851
249 864
249 865
249 880
249 896
249 929
250 328
250 383
250 800
250 824
250 872
250 891
250 898
250 911
250 918
250 931
250 940
251 680
251 681
251 703
251 795
251 816
251 821
251 834
251 858
251 876
251 882
251 893
251 912
252 332
252 430
252 474
252 597
252 706
252 710
252 759
252 835
252 854
252 859
252 873
253 379
253 518
253 796
253 803
253 875
253 885
253 943
253 961
253 967
254 268
254 280
254 334
254 507
254 554
254 568
254 625
254 677
254 706
254 859
255 579
255 681
255 703
255 816
255 821
255 858
255 876
255 879
255 882
255 912
256 295
256 302
256 467
256 774
256 786
256 803
256 820
256 890
256 907
256 980
257 293
257 365
257 405
257 424
257 503
257 513
257 544
257 588
257 597
257 625
257 819
257 835
258 278
258 305
258 410
258 705
258 761
258 763
258 868
258 889
258 914
258 957
258 973
258 975
259 460
259 500
259 608
259 651
259 676
259 772
259 791
259 796
259 805
259 980
260 338
260 591
260 616
260 718
260 743
260 804
260 805
260 845
260 937
260 943
260 946
261 281
261 566
261 809
261 917
262 633
262 700
262 830
262 833
262 846
262 860
262 924
262 960
262 964
262 965
262 976
262 992
263 336
263 342
263 456
263 638
263 643
263 644
263 748
263 755
263 803
263 955
263 980
264 300
264 471
264 572
264 653
264 686
264 699
264 775
264 914
264 975
264 986
264 993
265 411
265 598
265 622
265 631
265 688
265 771
265 802
265 814
265 838
265 869
265 892
266 293
266 343
266 534
266 649
266 706
266 857
266 862
266 926
266 935
266 979
267 422
267 484
267 567
267 623
267 654
267 655
267 672
267 738
267 760
267 801
267 825
267 850
268 405
268 424
268 589
268 607
268 695
268 716
268 829
268 857
268 859
268 934
268 979
269 537
269 613
269 668
269 779
269 837
269 851
269 861
269 896
269 899
269 929
269 963
270 546
270 572
270 606
270 609
270 665
270 666
270 843
270 889
270 944
270 993
270 996
271 602
271 640
271 664
271 746
271 764
271 773
271 799
271 822
271 886
271 939
271 959
271 998
272 350
272 493
272 606
272 691
272 843
272 868
272 874
272 877
272 944
272 951
272 986
272 987
273 439
273 528
273 569
273 572
273 666
273 699
273 782
273 877
273 895
273 975
273 996
274 287
274 373
274 558
274 735
274 763
274 889
274 944
274 973
274 986
274 987
274 993
275 438
275 471
275 699
275 763
275 766
275 868
275 877
275 887
275 933
275 953
275 987
275 996
276 517
276 548
276 689
276 966
277 553
277 652
278 284
278 373
278 471
278 606
278 629
278 785
278 874
278 887
278 951
278 975
278 993
279 451
279 574
279 680
279 703
279 722
279 726
279 795
279 821
279 834
279 858
279 879
279 893
280 293
280 323
280 369
280 390
280 476
280 503
280 736
280 856
280 878
280 894
280 904
281 566
281 809
281 917
282 359
282 380
282 409
282 412
282 656
282 692
282 725
283 310
283 461
283 501
283 504
283 540
283 550
283 570
283 728
283 836
283 839
283 991
283 999
284 301
284 350
284 410
284 434
284 505
284 782
284 843
284 874
284 887
284 972
284 986
284 987
285 371
285 464
285 515
285 554
285 710
285 716
285 781
285 847
285 862
285 873
285 979
286 777
286 784
286 806
286 828
286 844
286 848
286 855
286 900
286 962
286 988
286 989
286 997
286 1000
287 428
287 457
287 525
287 629
287 691
287 763
287 766
287 944
287 957
287 973
287 993
288 393
288 952
289 477
289 479
289 615
289 619
289 883
289 950
290 511
290 590
290 610
290 690
290 698
290 702
290 780
290 798
290 936
290 949
290 958
290 977
290 984
291 304
291 456
291 500
291 508
291 591
291 608
291 644
291 659
291 791
291 813
291 845
291 907
292 595
292 675
292 678
292 832
292 867
292 902
292 906
292 920
292 927
292 945
292 956
292 970
292 981
293 334
293 706
293 770
293 819
293 835
293 847
293 873
293 894
293 904
293 934
294 341
294 549
294 588
294 649
294 736
294 759
294 819
294 847
294 854
294 859
294 908
294 915
294 935
295 342
295 398
295 423
295 456
295 478
295 769
295 787
295 870
296 303
296 425
296 592
296 605
296 608
296 783
296 870
296 907
296 943
296 955
296 961
297 621
297 824
297 827
297 872
297 891
297 898
297 911
297 916
297 918
297 919
297 931
297 940
298 331
298 411
298 452
298 628
298 631
298 730
298 741
298 747
298 814
298 838
298 892
299 430
299 533
299 534
299 544
299 589
299 757
299 826
299 829
299 856
299 862
299 908
299 935
300 614
300 629
300 843
300 874
300 887
300 944
300 953
300 972
300 975
300 996
301 546
301 609
301 629
301 758
301 785
301 849
301 874
301 895
301 944
301 951
301 953
301 993
302 342
302 379
302 463
302 500
302 586
302 591
302 638
302 659
302 724
302 769
302 813
302 853
303 304
303 512
303 571
303 638
303 642
303 660
303 724
303 772
303 845
303 937
303 943
303 967
304 425
304 460
304 562
304 687
304 751
304 791
304 796
304 845
304 890
304 937
305 505
305 523
305 645
305 705
305 713
305 763
305 782
305 957
305 972
305 973
305 986
305 996
306 514
306 633
306 754
306 860
306 871
306 881
306 924
306 960
306 965
306 969
306 974
306 976
306 992
307 396
307 490
307 516
307 529
307 711
307 872
307 891
307 911
307 916
307 918
307 919
307 931
307 940
308 422
308 484
308 567
308 623
308 654
308 655
308 672
308 738
308 760
308 801
308 825
308 850
309 590
309 610
309 690
309 698
309 702
309 780
309 798
309 936
309 949
309 958
309 977
309 984
310 461
310 504
310 540
310 550
310 570
310 728
310 836
310 839
310 991
310 999
311 339
311 768
311 841
311 905
311 923
312 363
312 807
313 413
313 422
313 484
313 567
313 623
313 654
313 655
313 672
313 738
313 760
313 801
313 825
313 850
314 345
314 487
314 673
314 808
314 903
314 922
314 941
314 947
314 982
314 983
314 990
315 473
315 574
315 681
315 703
315 834
315 876
315 879
315 882
315 893
315 912
316 342
316 627
316 659
316 772
316 805
316 870
316 875
316 921
316 937
316 955
316 967
316 980
317 673
317 697
317 723
317 733
317 762
317 842
317 901
317 903
317 941
317 947
317 982
317 983
317 990
318 618
318 678
318 684
318 739
318 812
318 832
318 867
318 902
318 927
318 945
318 956
318 970
318 981
319 418
319 697
319 752
319 762
319 808
319 901
319 903
319 922
319 941
319 947
319 982
319 983
319 990
320 403
320 444
320 495
320 593
320 662
320 756
320 840
320 888
320 985
320 994
321 463
321 466
321 478
321 578
321 586
321 676
321 718
321 794
321 820
321 885
321 907
321 967
321 980
322 752
322 762
322 797
322 808
322 842
322 901
322 903
322 922
322 941
322 947
322 982
322 983
322 990
323 474
323 513
323 554
323 581
323 649
323 736
323 819
323 829
323 847
323 859
323 908
323 934
324 397
324 471
324 523
324 596
324 705
324 815
324 843
324 849
324 953
324 996
325 733
325 762
325 797
325 808
325 901
325 903
325 922
325 941
325 947
325 982
325 983
325 990
326 468
326 648
326 739
326 812
326 867
326 902
326 906
326 920
326 927
326 945
326 956
326 970
326 981
327 469
327 532
327 707
327 719
327 740
327 779
327 788
327 817
327 831
327 852
327 861
327 963
328 391
328 626
328 674
328 711
328 824
328 827
328 891
328 898
328 911
328 919
328 931
328 940
329 481
329 562
329 660
329 794
329 803
329 845
329 930
329 946
329 961
329 980
330 364
330 694
330 913
330 942
330 971
331 470
331 628
331 730
331 741
331 747
331 802
331 814
331 869
331 892
332 390
332 515
332 625
332 649
332 826
332 856
332 859
332 862
332 878
332 915
332 934
333 341
333 344
333 405
333 677
333 710
333 731
333 750
333 759
333 878
333 904
333 915
333 935
334 554
334 559
334 750
334 753
334 757
334 819
334 873
334 915
334 934
335 463
335 594
335 651
335 767
335 774
335 794
335 845
335 946
335 961
335 980
336 423
336 481
336 500
336 638
336 642
336 687
336 786
336 870
336 875
337 551
337 667
337 682
337 744
337 793
337 932
338 426
338 456
338 582
338 592
338 627
338 661
338 676
338 709
338 786
338 803
338 955
339 768
339 841
339 905
339 923
340 418
340 547
340 647
340 733
340 842
340 901
340 903
340 941
340 947
340 982
340 983
340 990
341 369
341 390
341 476
341 533
341 559
341 649
341 926
341 935
342 366
342 448
342 644
342 659
342 661
342 767
342 921
343 507
343 515
343 559
343 757
343 835
343 854
343 904
343 908
343 915
343 979
344 369
344 424
344 476
344 515
344 607
344 736
344 757
344 759
344 915
344 935
344 979
345 370
345 647
345 673
345 808
345 842
345 901
345 922
345 941
345 947
345 982
345 983
345 990
346 483
346 670
346 693
346 719
346 778
346 811
346 818
346 837
346 864
346 884
346 954
346 963
347 537
347 632
347 719
347 745
347 788
347 789
347 811
347 851
347 852
347 897
347 899
347 929
347 954
348 429
348 456
348 724
348 769
348 774
348 786
348 791
348 804
348 813
348 937
348 961
348 967
349 399
349 503
349 507
349 534
349 556
349 625
349 757
349 854
349 856
349 904
350 389
350 782
350 815
350 849
350 914
350 933
350 944
350 951
350 986
350 996
351 448
351 456
351 578
351 592
351 642
351 718
351 787
351 805
351 813
351 890
351 937
352 434
352 457
352 525
352 629
352 665
352 766
352 815
352 874
352 877
352 914
352 987
352 993
353 425
353 467
353 562
353 571
353 578
353 605
353 608
353 732
353 769
353 794
353 921
353 961
354 419
354 526
354 678
354 683
354 832
354 867
354 906
354 920
354 927
354 945
354 956
354 970
354 981
355 436
355 498
355 522
355 633
355 704
355 830
355 833
355 871
355 964
355 969
355 976
355 992
355 995
356 430
356 474
356 557
356 559
356 597
356 657
356 753
356 781
356 859
356 904
356 926
356 934
357 451
357 573
357 579
357 703
357 726
357 795
357 816
357 834
357 858
357 876
357 879
357 882
357 893
357 912
358 457
358 528
358 542
358 606
358 735
358 749
358 758
358 761
358 775
358 895
358 944
358 951
358 972
359 380
359 409
359 412
359 656
359 692
359 725
360 405
360 476
360 607
360 657
360 731
360 736
360 770
360 826
360 859
360 915
360 979
361 440
361 498
361 583
361 639
361 833
361 871
361 924
361 964
361 965
361 969
361 974
361 976
361 995
362 535
362 537
362 717
362 778
362 788
362 789
362 817
362 818
362 831
362 852
362 884
362 896
362 897
363 807
364 694
364 913
364 942
364 971
365 424
365 503
365 677
365 757
365 835
365 856
365 857
365 873
365 934
365 979
366 377
366 425
366 437
366 608
366 642
366 755
366 767
366 774
366 783
366 980
367 526
367 595
367 648
367 675
367 739
367 867
367 902
367 906
367 920
367 927
367 945
367 956
367 970
367 981
368 400
368 450
368 708
369 390
369 405
369 513
369 716
369 753
369 854
369 856
369 904
369 926
370 547
370 647
370 673
370 752
370 808
370 842
370 901
370 922
370 941
370 947
370 982
370 983
370 990
371 533
371 556
371 568
371 589
371 597
371 677
371 716
371 770
371 894
371 904
371 934
371 979
372 612
372 663
372 671
372 790
372 909
373 528
373 542
373 699
373 895
373 933
373 944
373 951
373 957
373 975
373 986
374 498
374 754
374 830
374 833
374 846
374 860
374 871
374 924
374 965
374 969
374 974
374 976
374 995
375 386
375 469
375 519
375 539
375 701
375 717
375 721
375 729
375 818
375 865
375 866
375 897
375 929
376 395
376 429
376 582
376 586
376 605
376 715
376 813
376 875
376 890
376 943
376 955
376 967
376 980
377 431
377 605
377 608
377 651
377 661
377 718
377 748
377 769
377 783
377 870
377 921
377 937
378 542
378 546
378 614
378 686
378 699
378 763
378 815
378 877
378 933
378 951
378 953
378 972
378 996
379 429
379 447
379 562
379 651
379 709
379 783
379 804
379 930
379 943
379 955
379 961
380 409
380 412
380 656
380 692
380 725
381 425
381 429
381 571
381 582
381 659
381 696
381 743
381 748
381 772
381 803
381 875
381 946
381 955
382 437
382 518
382 571
382 669
382 715
382 718
382 803
382 813
382 820
382 890
382 980
383 516
383 621
383 824
383 827
383 872
383 891
383 898
383 911
383 916
383 918
383 919
383 940
384 503
384 515
384 533
384 589
384 597
384 607
384 737
384 781
384 819
384 829
384 878
384 915
384 935
385 442
385 496
385 497
385 693
385 717
385 734
385 740
385 789
385 817
385 831
385 852
385 880
386 497
386 624
386 632
386 717
386 719
386 729
386 734
386 779
386 831
386 851
386 880
387 765
387 777
387 784
387 806
387 828
387 844
387 848
387 855
387 900
387 962
387 988
387 989
387 997
387 1000
388 697
388 723
388 752
388 762
388 797
388 808
388 901
388 903
388 922
388 941
388 947
388 982
388 983
388 990
389 441
389 485
389 587
389 629
389 691
389 868
389 874
389 877
389 889
389 957
389 975
389 986
390 556
390 607
390 677
390 736
390 835
390 847
390 862
390 904
390 979
391 406
391 455
391 599
391 626
391 800
391 827
391 872
391 891
391 898
391 919
391 931
391 940
392 408
392 410
392 505
392 525
392 542
392 572
392 587
392 629
392 705
392 874
392 914
392 993
392 996
393 952
394 524
394 575
394 602
394 640
394 664
394 746
394 764
394 773
394 799
394 822
394 886
394 939
394 959
394 998
395 466
395 500
395 512
395 715
395 724
395 767
395 772
395 803
395 853
395 930
395 955
396 529
396 538
396 674
396 711
396 800
396 824
396 827
396 891
396 898
396 916
396 919
396 931
396 940
397 525
397 766
397 785
397 877
397 887
397 914
397 933
397 944
397 951
397 953
397 957
397 987
397 996
398 509
398 571
398 676
398 687
398 709
398 769
398 791
398 853
398 937
398 967
399 474
399 476
399 581
399 607
399 625
399 695
399 710
399 819
399 829
399 859
399 873
400 450
400 708
401 433
401 443
401 634
401 720
401 910
401 968
402 765
402 777
402 784
402 806
402 828
402 844
402 848
402 855
402 900
402 962
402 988
402 989
402 997
402 1000
403 444
403 495
403 593
403 662
403 756
403 840
403 888
403 985
403 994
404 442
404 624
404 637
404 707
404 721
404 788
404 818
404 837
404 864
404 880
404 884
404 896
404 954
405 430
405 625
405 706
405 750
405 873
405 904
405 908
405 926
405 934
406 490
406 674
406 711
406 827
406 872
406 891
406 898
406 911
406 916
406 918
406 919
406 931
406 940
407 576
407 613
407 693
407 734
407 778
407 837
407 851
407 864
407 866
407 884
407 896
407 897
407 954
408 542
408 585
408 600
408 609
408 666
408 691
408 713
408 849
408 877
408 887
408 889
408 895
408 957
409 412
409 656
409 692
409 725
410 546
410 596
410 713
410 735
410 766
410 843
410 874
410 889
410 951
410 986
411 452
411 577
411 598
411 631
411 679
411 747
411 771
411 814
411 869
412 656
412 692
412 725
413 422
413 484
413 567
413 623
413 654
413 655
413 672
413 738
413 760
413 801
413 825
413 850
414 576
414 637
414 721
414 734
414 745
414 779
414 811
414 817
414 852
414 863
414 880
414 884
414 963
415 487
415 752
415 762
415 797
415 808
415 922
415 941
415 947
415 982
415 983
415 990
416 527
416 598
416 622
416 628
416 688
416 730
416 741
416 771
416 802
416 838
416 869
417 511
417 543
417 590
417 610
417 690
417 698
417 702
417 780
417 798
417 936
417 949
417 958
417 977
417 984
418 647
418 673
418 752
418 842
418 903
418 922
418 941
418 947
418 982
418 983
418 990
419 595
419 684
419 739
419 812
419 832
419 867
419 902
419 906
419 920
419 927
419 945
419 956
419 970
419 981
420 714
420 765
420 777
420 784
420 806
420 828
420 844
420 848
420 855
420 900
420 962
420 988
420 989
420 997
420 1000
421 465
421 524
421 575
421 602
421 640
421 664
421 746
421 764
421 773
421 799
421 822
421 886
421 939
421 959
421 998
422 484
422 567
422 623
422 654
422 655
422 672
422 738
422 760
422 801
422 825
422 850
423 611
423 651
423 669
423 709
423 732
423 774
423 787
423 805
423 885
423 937
423 946
423 961
424 534
424 710
424 716
424 737
424 847
424 854
424 859
424 894
424 979
425 481
425 661
425 755
425 769
425 820
425 946
425 955
425 961
426 460
426 608
426 642
426 661
426 791
426 794
426 820
426 937
426 943
426 961
426 980
427 435
427 497
427 624
427 637
427 668
427 719
427 778
427 779
427 852
427 864
427 865
427 896
427 929
427 954
427 963
428 564
428 609
428 617
428 749
428 761
428 766
428 933
428 944
428 951
428 953
428 972
428 973
428 986
428 993
429 431
429 512
429 661
429 748
429 751
429 783
429 791
429 794
429 885
429 955
430 750
430 757
430 854
430 862
430 873
430 878
430 894
430 915
430 926
430 935
430 979
431 478
431 660
431 743
431 755
431 774
431 794
431 804
431 845
431 875
431 930
431 967
432 563
432 681
432 703
432 726
432 795
432 816
432 834
432 858
432 876
432 879
432 882
432 893
432 912
433 443
433 634
433 720
433 910
433 968
434 587
434 629
434 758
434 785
434 868
434 874
434 887
434 933
434 957
434 975
434 987
434 993
434 996
435 469
435 483
435 496
435 576
435 668
435 693
435 719
435 811
435 837
435 852
435 863
435 880
435 897
435 929
436 499
436 639
436 646
436 754
436 830
436 881
436 924
436 960
436 964
436 969
436 974
436 992
436 995
437 509
437 582
437 586
437 724
437 743
437 794
437 813
437 820
437 885
437 946
437 967
437 980
438 558
438 596
438 666
438 758
438 761
438 887
438 953
438 957
438 972
438 986
438 993
438 996
439 569
439 686
439 766
439 889
439 895
439 933
439 944
439 951
439 957
439 972
439 987
439 993
440 510
440 561
440 646
440 810
440 833
440 860
440 924
440 960
440 964
440 965
440 969
440 974
440 992
440 995
441 457
441 558
441 569
441 606
441 699
441 713
441 761
441 874
441 953
441 972
441 975
441 987
441 993
442 483
442 693
442 721
442 789
442 817
442 837
442 861
442 863
442 865
442 866
442 896
442 899
442 954
443 634
443 720
443 910
443 968
444 495
444 593
444 662
444 756
444 840
444 888
444 985
444 994
445 446
445 579
445 681
445 722
445 795
445 816
445 834
445 876
445 879
445 882
445 893
445 912
446 473
446 563
446 573
446 579
446 680
446 722
446 795
446 816
446 858
446 879
446 882
446 893
446 912
447 531
447 586
447 696
447 783
447 787
447 794
447 804
447 805
447 890
447 930
447 943
447 946
447 967
448 506
448 508
448 578
448 582
448 643
448 783
448 813
448 875
448 885
448 930
449 714
449 765
449 777
449 784
449 806
449 828
449 844
449 848
449 855
449 900
449 962
449 988
449 989
449 997
449 1000
450 708
451 563
451 579
451 703
451 722
451 726
451 816
451 821
451 858
451 876
451 882
451 893
451 912
452 598
452 622
452 628
452 730
452 747
452 814
452 838
452 869
452 892
453 714
453 765
453 777
453 784
453 806
453 828
453 844
453 848
453 855
453 900
453 962
453 988
453 989
453 997
453 1000
454 489
454 618
454 683
454 684
454 739
454 832
454 867
454 902
454 906
454 920
454 927
454 945
454 956
454 970
454 981
455 516
455 800
455 827
455 872
455 891
455 898
455 911
455 916
455 918
455 919
455 931
455 940
456 506
456 578
456 611
456 616
456 676
456 755
456 813
456 980
457 546
457 606
457 713
457 782
457 951
457 972
457 986
457 987
457 996
458 613
458 693
458 707
458 719
458 778
458 861
458 863
458 865
458 896
458 897
458 899
458 954
458 963
459 475
459 583
459 639
459 700
459 810
459 846
459 871
459 881
459 960
459 965
459 969
459 974
459 976
459 992
460 586
460 605
460 643
460 687
460 732
460 748
460 772
460 907
460 955
460 967
460 980
461 501
461 504
461 540
461 550
461 570
461 728
461 836
461 839
461 991
461 999
462 506
462 586
462 611
462 627
462 748
462 751
462 767
462 783
462 813
462 820
462 870
462 921
462 943
462 946
463 592
463 755
463 774
463 786
463 803
463 805
463 813
463 820
463 930
463 946
463 955
464 474
464 534
464 556
464 695
464 856
464 859
464 873
464 894
464 908
464 915
464 926
464 935
464 979
465 524
465 575
465 602
465 640
465 664
465 746
465 764
465 773
465 799
465 822
465 886
465 939
465 959
465 998
466 627
466 715
466 743
466 783
466 787
466 890
466 961
466 967
466 980
467 578
467 591
467 611
467 651
467 743
467 791
467 794
467 804
467 853
467 875
467 885
467 921
467 946
468 683
468 684
468 727
468 812
468 832
468 867
468 902
468 906
468 920
468 927
468 945
468 956
468 970
468 981
469 701
469 717
469 779
469 788
469 831
469 863
469 865
469 866
469 896
469 897
469 899
469 954
470 480
470 527
470 598
470 622
470 741
470 747
470 802
470 869
470 892
471 569
471 572
471 587
471 596
471 600
471 868
471 877
471 889
471 986
471 987
471 996
472 473
472 574
472 658
472 680
472 681
472 726
472 795
472 821
472 834
472 858
472 876
472 879
472 882
472 893
472 912
473 563
473 573
473 574
473 680
473 703
473 795
473 816
473 821
473 834
473 876
473 893
473 912
474 557
474 559
474 677
474 716
474 731
474 737
474 770
474 857
474 935
475 499
475 522
475 810
475 846
475 924
475 960
475 964
475 965
475 969
475 974
475 976
475 992
475 995
476 503
476 507
476 559
476 607
476 657
476 736
476 750
476 781
476 819
476 856
476 873
477 479
477 615
477 619
477 883
477 950
478 481
478 506
478 512
478 518
478 531
478 586
478 659
478 787
478 803
478 885
478 946
478 980
479 615
479 619
479 883
479 950
480 486
480 527
480 688
480 730
480 741
480 802
480 838
480 869
480 892
481 508
481 531
481 605
481 611
481 616
481 660
481 769
481 787
481 805
482 545
482 714
482 765
482 777
482 784
482 806
482 828
482 844
482 848
482 855
482 900
482 962
482 988
482 989
482 997
482 1000
483 532
483 537
483 539
483 580
483 817
483 837
483 852
483 863
483 864
483 884
483 896
483 897
483 899
484 567
484 623
484 654
484 655
484 672
484 738
484 760
484 801
484 825
484 850
485 505
485 569
485 596
485 600
485 645
485 691
485 699
485 749
485 775
485 868
485 944
485 953
485 972
485 996
486 492
486 577
486 598
486 622
486 628
486 679
486 730
486 747
486 771
486 802
486 892
487 697
487 723
487 733
487 762
487 797
487 901
487 903
487 922
487 941
487 947
487 982
487 983
487 990
488 520
488 601
488 636
488 712
488 925
489 595
489 648
489 727
489 739
489 812
489 832
489 867
489 902
489 906
489 920
489 927
489 945
489 956
489 970
489 981
490 516
490 560
490 599
490 800
490 827
490 872
490 898
490 911
490 916
490 918
490 931
490 940
491 529
491 599
491 674
491 800
491 824
491 827
491 872
491 898
491 911
491 918
491 919
491 931
491 940
492 631
492 688
492 747
492 771
492 802
492 814
492 838
492 869
492 892
493 528
493 596
493 614
493 653
493 735
493 749
493 785
493 815
493 887
493 933
493 986
493 996
494 555
494 565
494 776
495 593
495 662
495 756
495 840
495 888
495 985
495 994
496 541
496 624
496 670
496 721
496 789
496 837
496 851
496 864
496 865
496 880
496 899
496 929
496 954
496 963
497 584
497 632
497 637
497 717
497 734
497 788
497 818
497 863
497 864
497 884
497 963
498 646
498 810
498 830
498 846
498 860
498 924
498 964
498 969
498 974
498 976
498 992
498 995
499 604
499 704
499 810
499 833
499 860
499 881
499 924
499 960
499 964
499 969
499 974
499 976
499 992
500 562
500 642
500 669
500 709
500 774
500 791
500 796
500 937
500 943
501 504
501 540
501 550
501 570
501 728
501 836
501 839
501 991
501 999
502 530
502 685
502 792
502 823
502 928
502 938
502 978
503 695
503 737
503 862
503 908
503 915
503 935
504 540
504 550
504 570
504 728
504 836
504 839
504 991
504 999
505 558
505 585
505 587
505 614
505 705
505 713
505 761
505 763
505 877
505 975
505 987
506 508
506 616
506 638
506 651
506 748
506 772
506 875
506 946
506 961
507 554
507 736
507 750
507 770
507 781
507 829
507 857
507 859
507 878
507 894
507 934
507 979
508 509
508 518
508 582
508 659
508 660
508 804
508 845
508 885
508 955
508 967
509 512
509 638
509 651
509 676
509 748
509 769
509 804
509 930
509 946
509 961
510 522
510 620
510 633
510 830
510 833
510 846
510 860
510 871
510 881
510 960
510 965
510 969
510 974
510 976
510 992
511 543
511 590
511 610
511 690
511 698
511 702
511 780
511 798
511 936
511 949
511 958
511 977
511 984
512 592
512 661
512 718
512 743
512 774
512 787
512 791
512 805
512 820
512 885
512 937
513 559
513 695
513 716
513 731
513 753
513 819
513 847
513 862
513 878
513 926
513 935
514 604
514 620
514 639
514 700
514 704
514 754
514 833
514 860
514 871
514 960
514 964
514 969
514 974
514 992
514 995
515 544
515 625
515 710
515 753
515 770
515 829
515 835
515 847
515 915
515 935
515 979
516 599
516 711
516 824
516 827
516 891
516 911
516 916
516 918
516 919
516 931
516 940
517 548
517 689
517 966
518 643
518 709
518 772
518 813
518 853
518 870
518 875
518 885
518 921
518 930
518 943
519 541
519 668
519 729
519 734
519 818
519 837
519 852
519 861
519 863
519 865
519 866
519 884
519 929
519 963
520 601
520 636
520 712
520 925
521 529
521 560
521 599
521 621
521 626
521 674
521 800
521 824
521 872
521 891
521 898
521 911
521 916
521 918
521 919
521 931
521 940
522 583
522 633
522 639
522 704
522 830
522 846
522 881
522 924
522 960
522 964
522 969
522 974
522 992
522 995
523 587
523 600
523 606
523 653
523 666
523 699
523 761
523 782
523 868
523 914
523 944
523 972
523 996
524 575
524 602
524 640
524 664
524 746
524 764
524 773
524 799
524 822
524 886
524 939
524 959
524 998
525 542
525 596
525 606
525 713
525 763
525 785
525 815
525 914
525 944
525 951
525 957
525 975
525 986
526 536
526 618
526 675
526 683
526 727
526 739
526 812
526 867
526 902
526 920
526 927
526 945
526 956
526 970
526 981
527 622
527 688
527 730
527 741
527 771
527 802
527 814
527 838
528 564
528 665
528 666
528 735
528 887
528 895
528 944
528 972
528 987
529 711
529 800
529 827
529 872
529 891
529 898
529 911
529 918
529 919
529 931
529 940
530 685
530 792
530 823
530 928
530 938
530 978
531 586
531 661
531 715
531 724
531 791
531 803
531 853
531 885
531 937
531 955
531 967
532 535
532 539
532 541
532 584
532 632
532 670
532 701
532 719
532 811
532 861
532 897
532 899
532 954
532 963
533 557
533 568
533 649
533 657
533 770
533 781
533 829
533 835
533 878
533 894
533 915
533 934
534 549
534 657
534 716
534 731
534 736
534 737
534 781
534 835
534 854
534 878
535 668
535 701
535 745
535 778
535 788
535 789
535 831
535 837
535 852
535 864
535 880
535 899
535 954
536 595
536 635
536 678
536 683
536 739
536 832
536 867
536 902
536 906
536 920
536 927
536 945
536 956
536 970
536 981
537 707
537 734
537 811
537 817
537 831
537 837
537 861
537 863
537 880
537 884
537 954
537 963
538 603
538 630
538 641
538 650
538 742
538 948
539 576
539 613
539 632
539 668
539 721
539 811
539 818
539 851
539 861
539 864
539 866
539 929
540 550
540 570
540 728
540 836
540 839
540 991
540 999
541 624
541 668
541 693
541 701
541 745
541 789
541 852
541 884
541 897
541 929
541 954
541 963
542 587
542 653
542 691
542 699
542 749
542 761
542 895
542 914
542 953
542 996
543 590
543 610
543 690
543 698
543 702
543 780
543 798
543 936
543 949
543 958
543 977
543 984
544 559
544 589
544 695
544 770
544 781
544 835
544 873
544 894
544 904
544 934
544 935
545 552
545 714
545 765
545 777
545 784
545 806
545 828
545 844
545 848
545 855
545 900
545 962
545 988
545 989
545 997
545 1000
546 569
546 617
546 868
546 914
546 951
546 957
546 972
546 975
546 986
546 996
547 697
547 752
547 762
547 797
547 842
547 901
547 903
547 922
547 941
547 947
547 982
547 983
547 990
548 689
548 966
549 581
549 737
549 770
549 781
549 829
549 847
549 859
549 894
549 904
549 908
549 935
549 979
550 570
550 728
550 836
550 839
550 991
550 999
551 667
551 682
551 744
551 793
551 932
552 714
552 765
552 777
552 784
552 806
552 828
552 844
552 848
552 855
552 900
552 962
552 988
552 989
552 997
552 1000
553 652
554 557
554 706
554 750
554 759
554 847
554 859
554 904
554 908
554 915
554 934
554 935
554 979
555 565
555 776
555 999
556 716
556 737
556 750
556 753
556 757
556 819
556 873
556 894
556 934
556 935
556 979
557 581
557 597
557 625
557 649
557 677
557 716
557 737
557 750
557 770
557 856
557 873
557 894
557 904
557 979
558 629
558 645
558 691
558 735
558 758
558 766
558 843
558 849
558 951
558 953
558 957
558 975
558 987
559 695
559 706
559 736
559 759
559 781
559 819
559 854
559 908
559 935
560 599
560 621
560 626
560 674
560 800
560 824
560 872
560 898
560 911
560 916
560 918
560 919
560 940
561 633
561 704
561 830
561 833
561 860
561 871
561 881
561 924
561 960
561 964
561 965
561 969
561 974
561 976
561 992
561 995
562 578
562 642
562 709
562 804
562 805
562 845
562 853
562 890
562 907
562 937
562 955
563 574
563 579
563 703
563 722
563 726
563 795
563 816
563 821
563 858
563 876
563 879
563 882
563 893
564 585
564 587
564 600
564 614
564 705
564 761
564 766
564 843
564 874
564 877
564 887
564 972
564 973
564 986
564 996
565 776
566 809
566 917
567 623
567 654
567 655
567 672
567 738
567 760
567 801
567 825
567 850
568 597
568 716
568 737
568 759
568 770
568 826
568 857
568 862
568 873
568 878
568 908
568 926
568 935
568 979
569 629
569 758
569 763
569 843
569 874
569 889
569 972
569 975
569 987
569 993
569 996
570 728
570 836
570 839
570 991
570 999
571 594
571 616
571 643
571 718
571 769
571 772
571 907
571 921
571 937
571 946
572 705
572 749
572 761
572 782
572 843
572 868
572 887
572 944
572 953
572 986
572 996
573 658
573 681
573 703
573 722
573 726
573 795
573 816
573 821
573 834
573 858
573 876
573 879
573 882
573 893
573 912
574 658
574 680
574 795
574 816
574 821
574 834
574 858
574 876
574 879
574 893
574 912
575 602
575 640
575 664
575 746
575 764
575 773
575 799
575 822
575 886
575 939
575 959
575 998
576 580
576 584
576 721
576 729
576 740
576 788
576 789
576 831
576 863
576 884
576 899
576 954
577 598
577 628
577 631
577 679
577 688
577 730
577 741
577 747
577 814
577 869
578 608
578 611
578 644
578 820
578 845
578 853
578 875
578 907
578 921
578 930
579 722
579 726
579 816
579 821
579 834
579 858
579 876
579 879
579 882
579 893
579 912
580 624
580 693
580 701
580 734
580 740
580 745
580 789
580 818
580 831
580 837
580 863
580 865
580 884
580 896
580 929
580 963
581 589
581 750
581 753
581 770
581 829
581 835
581 854
581 856
581 859
581 862
581 873
581 915
581 979
582 591
582 611
582 638
582 660
582 715
582 718
582 783
582 786
582 870
582 955
583 604
583 830
583 833
583 860
583 871
583 881
583 924
583 960
583 964
583 965
583 974
583 976
583 992
583 995
584 707
584 778
584 788
584 789
584 811
584 818
584 837
584 852
584 864
584 896
584 897
584 929
584 954
585 596
585 665
585 691
585 775
585 815
585 843
585 849
585 874
585 895
585 914
585 951
585 957
585 973
585 975
586 594
586 643
586 659
586 696
586 715
586 875
587 609
587 653
587 705
587 766
587 843
587 895
587 933
587 987
587 993
588 597
588 625
588 649
588 706
588 710
588 716
588 731
588 737
588 753
588 857
588 859
588 915
588 934
588 979
589 597
589 695
589 736
589 757
589 759
589 819
589 894
589 904
589 934
589 935
590 610
590 690
590 698
590 702
590 780
590 798
590 936
590 949
590 958
590 977
590 984
591 638
591 659
591 709
591 796
591 853
591 890
591 907
591 946
591 955
591 967
591 980
592 643
592 660
592 709
592 755
592 767
592 772
592 787
592 804
592 930
592 943
592 967
592 980
593 662
593 756
593 840
593 888
593 985
593 994
594 643
594 661
594 687
594 732
594 796
594 803
594 805
594 820
594 853
594 890
594 907
594 946
594 955
594 967
595 648
595 684
595 727
595 812
595 832
595 867
595 902
595 906
595 920
595 927
595 945
595 956
595 970
595 981
596 713
596 758
596 763
596 782
596 868
596 889
596 914
596 973
596 996
597 657
597 677
597 737
597 819
597 856
597 878
597 904
597 908
598 622
598 631
598 679
598 688
598 730
598 741
598 747
598 802
598 892
599 621
599 674
599 800
599 827
599 872
599 891
599 911
599 916
599 918
599 919
599 931
599 940
600 614
600 617
600 735
600 761
600 763
600 815
600 933
600 973
600 975
600 986
601 636
601 712
601 925
602 640
602 664
602 746
602 764
602 773
602 799
602 822
602 886
602 939
602 959
602 998
603 630
603 641
603 650
603 742
603 948
604 700
604 704
604 754
604 810
604 830
604 833
604 871
604 924
604 960
604 964
604 965
604 969
604 976
604 992
604 995
605 611
605 642
605 748
605 751
605 787
605 796
605 804
605 805
605 853
605 870
605 946
605 967
606 614
606 653
606 749
606 815
606 868
606 914
606 953
606 957
606 972
607 736
607 737
607 770
607 781
607 819
607 857
607 862
607 915
607 935
608 696
608 732
608 767
608 796
608 820
608 845
608 885
608 937
608 955
608 961
609 614
609 629
609 645
609 691
609 758
609 761
609 766
609 849
609 887
609 889
609 895
609 972
609 973
609 975
610 690
610 698
610 702
610 780
610 798
610 936
610 949
610 958
610 977
610 984
611 616
611 769
611 791
611 804
611 813
611 845
611 853
611 961
612 663
612 671
612 790
612 909
613 632
613 701
613 740
613 778
613 788
613 818
613 831
613 851
613 852
613 861
613 864
613 897
613 929
613 954
614 691
614 699
614 758
614 785
614 889
614 933
614 957
614 972
614 975
614 996
615 619
615 883
615 950
616 643
616 651
616 669
616 783
616 813
616 820
616 845
616 930
616 946
616 955
617 645
617 665
617 666
617 749
617 775
617 849
617 951
617 953
617 957
617 972
617 973
617 975
617 987
618 635
618 675
618 683
618 684
618 739
618 812
618 832
618 867
618 902
618 906
618 920
618 927
618 945
618 956
618 970
618 981
619 883
619 950
620 700
620 704
620 754
620 810
620 860
620 871
620 881
620 924
620 960
620 964
620 965
620 974
620 976
620 992
620 995
621 674
621 711
621 824
621 827
621 872
621 891
621 898
621 911
621 916
621 918
621 919
621 931
621 940
622 628
622 688
622 741
622 771
622 814
622 838
622 869
622 892
623 654
623 655
623 672
623 738
623 760
623 801
623 825
623 850
624 721
624 740
624 788
624 789
624 811
624 818
624 851
624 865
624 880
624 884
624 897
624 899
624 929
624 954
625 677
625 695
625 819
625 857
625 859
625 862
625 873
625 878
625 908
625 935
625 979
626 674
626 711
626 800
626 824
626 827
626 872
626 891
626 898
626 916
626 918
626 919
626 931
626 940
627 644
627 669
627 676
627 732
627 743
627 748
627 794
627 820
627 921
627 937
627 955
627 961
628 747
628 802
628 838
628 869
628 892
629 666
629 758
629 775
629 889
629 953
629 957
629 993
630 641
630 650
630 742
630 948
631 730
631 741
631 802
631 869
631 892
632 668
632 693
632 701
632 719
632 721
632 734
632 811
632 817
632 831
632 837
632 865
632 880
632 929
632 954
633 700
633 704
633 810
633 846
633 871
633 924
633 960
633 964
633 965
633 969
633 974
633 976
633 995
634 720
634 910
634 968
635 648
635 675
635 678
635 683
635 684
635 727
635 739
635 812
635 832
635 867
635 902
635 906
635 920
635 927
635 945
635 956
635 970
635 981
636 712
636 925
637 668
637 701
637 717
637 721
637 745
637 779
637 852
637 863
637 864
637 865
637 866
637 880
637 896
637 899
637 929
637 963
638 642
638 669
638 715
638 930
638 943
638 980
639 646
639 704
639 754
639 810
639 846
639 860
639 924
639 960
639 964
639 965
639 969
639 974
639 976
639 992
639 995
640 664
640 746
640 764
640 773
640 799
640 822
640 886
640 939
640 959
640 998
641 650
641 742
641 948
642 724
642 748
642 751
642 767
642 845
642 853
642 907
642 921
642 943
642 961
643 651
643 676
643 755
643 767
643 853
643 870
643 980
644 651
644 696
644 724
644 732
644 755
644 783
644 787
644 813
644 820
644 930
644 946
644 955
644 967
645 758
645 815
645 843
645 849
645 868
645 874
645 887
645 895
645 944
645 953
645 973
645 987
646 700
646 704
646 754
646 810
646 830
646 860
646 881
646 924
646 960
646 965
646 969
646 974
646 976
646 992
646 995
647 723
647 733
647 752
647 797
647 808
647 842
647 901
647 903
647 922
647 941
647 947
647 982
647 983
647 990
648 683
648 684
648 727
648 812
648 832
648 867
648 902
648 906
648 920
648 927
648 945
648 956
648 970
648 981
649 759
649 835
649 854
649 856
649 859
649 862
649 873
649 908
649 915
649 926
649 934
650 742
650 948
651 660
651 661
651 669
651 732
651 767
651 783
651 796
651 930
653 699
653 761
653 763
653 785
653 849
653 874
653 877
653 889
653 933
653 972
653 975
653 986
653 996
654 655
654 672
654 738
654 760
654 801
654 825
654 850
655 672
655 738
655 760
655 801
655 825
655 850
656 692
656 725
657 677
657 710
657 736
657 781
657 826
657 829
657 847
657 854
657 878
657 904
657 908
658 681
658 703
658 722
658 726
658 795
658 816
658 821
658 834
658 858
658 876
658 879
658 882
658 893
658 912
659 669
659 709
659 748
659 767
659 769
659 796
659 937
659 943
660 696
660 755
660 786
660 796
660 870
660 921
660 930
660 961
660 980
661 724
661 743
661 804
661 845
661 890
661 955
662 756
662 840
662 888
662 985
662 994
663 671
663 790
663 909
664 746
664 764
664 773
664 799
664 822
664 886
664 939
664 959
664 998
665 761
665 782
665 815
665 843
665 868
665 887
665 889
665 953
665 973
665 986
665 987
665 993
666 705
666 758
666 782
666 868
666 874
666 889
666 914
666 944
666 957
666 973
666 987
667 682
667 744
667 793
667 932
668 778
668 851
668 852
668 863
668 865
668 866
668 884
668 897
668 899
668 963
669 724
669 755
669 774
669 787
669 870
669 875
669 921
669 955
669 961
669 980
670 693
670 701
670 719
670 740
670 745
670 789
670 817
670 831
670 851
670 863
670 864
670 865
670 866
670 896
670 929
670 954
670 963
671 790
671 909
672 738
672 760
672 801
672 825
672 850
673 697
673 723
673 733
673 752
673 762
673 808
673 842
673 901
673 903
673 922
673 947
673 982
673 983
673 990
674 800
674 824
674 827
674 872
674 898
674 916
674 918
674 919
674 931
674 940
675 678
675 683
675 727
675 812
675 832
675 867
675 902
675 906
675 920
675 927
675 945
675 956
675 970
675 981
676 687
676 715
676 787
676 791
676 845
676 875
676 930
676 946
676 967
677 737
677 781
677 835
677 847
677 859
677 873
677 878
677 935
677 979
678 684
678 727
678 739
678 812
678 867
678 902
678 906
678 920
678 927
678 945
678 956
678 970
678 981
679 688
679 741
679 747
679 771
679 814
679 838
679 869
679 892
680 681
680 703
680 722
680 726
680 795
680 816
680 821
680 834
680 858
680 879
680 882
680 893
680 912
681 722
681 726
681 795
681 816
681 821
681 834
681 858
681 876
681 882
681 912
682 744
682 793
682 932
683 684
683 739
683 832
683 867
683 902
683 906
683 920
683 927
683 945
683 956
683 970
683 981
684 812
684 832
684 867
684 902
684 906
684 920
684 927
684 945
684 956
684 970
684 981
685 792
685 823
685 928
685 938
685 978
686 705
686 735
686 763
686 775
686 782
686 785
686 815
686 895
686 914
686 951
686 953
686 957
686 986
686 996
687 715
687 743
687 751
687 772
687 774
687 783
687 796
687 803
687 805
687 870
687 921
687 937
687 980
688 814
688 838
688 869
688 892
689 966
690 698
690 702
690 780
690 798
690 936
690 949
690 958
690 977
690 984
691 758
691 766
691 877
691 953
691 972
691 973
691 975
691 987
691 993
692 725
693 701
693 740
693 778
693 779
693 788
693 837
693 865
693 866
693 896
693 897
693 929
693 963
694 913
694 942
694 971
695 731
695 753
695 826
695 829
695 835
695 856
695 873
695 894
695 915
695 926
696 715
696 718
696 732
696 751
696 783
696 786
696 796
696 804
696 845
696 870
696 967
697 723
697 733
697 752
697 762
697 797
697 808
697 842
697 903
697 922
697 941
697 947
697 982
697 983
697 990
698 702
698 780
698 798
698 936
698 949
698 958
698 977
698 984
699 749
699 782
699 815
699 868
699 944
699 972
699 986
699 993
699 996
700 754
700 846
700 860
700 960
700 964
700 965
700 969
700 974
700 976
700 992
700 995
701 707
701 717
701 745
701 778
701 789
701 811
701 831
701 864
701 865
701 929
702 780
702 798
702 936
702 949
702 958
702 977
702 984
703 722
703 816
703 858
703 879
703 882
703 893
703 912
704 846
704 860
704 871
704 881
704 924
704 960
704 965
704 969
704 976
704 992
704 995
705 749
705 758
705 763
705 766
705 877
705 889
705 933
705 951
705 972
705 975
705 993
706 710
706 753
706 819
706 847
706 856
706 859
706 873
706 904
706 908
706 915
706 926
706 934
706 935
707 717
707 729
707 740
707 745
707 789
707 811
707 817
707 865
707 880
707 896
707 897
707 929
707 954
707 963
709 732
709 755
709 769
709 791
709 804
709 820
709 885
709 946
709 955
709 980
710 716
710 731
710 737
710 819
710 826
710 829
710 847
710 854
710 926
710 979
711 800
711 824
711 827
711 872
711 891
711 898
711 911
711 916
711 918
711 919
711 931
711 940
712 925
713 766
713 849
713 868
713 877
713 914
713 933
713 951
713 957
713 972
713 986
713 993
713 996
714 765
714 777
714 784
714 806
714 828
714 844
714 848
714 855
714 900
714 962
714 988
714 989
714 997
714 1000
715 732
715 748
715 767
715 774
715 885
715 890
715 907
715 921
715 943
715 961
716 731
716 854
716 856
716 859
716 878
716 894
716 935
717 779
717 788
717 811
717 818
717 851
717 852
717 861
717 864
717 865
717 866
717 880
717 899
717 929
717 963
718 772
718 774
718 786
718 787
718 794
718 805
718 853
718 890
718 930
718 955
719 778
719 788
719 811
719 817
719 851
719 852
719 866
719 884
719 929
719 954
720 910
720 968
721 729
721 734
721 779
721 788
721 789
721 851
721 852
721 880
721 897
721 899
721 963
722 726
722 816
722 821
722 834
722 858
722 876
722 879
722 882
722 893
723 733
723 752
723 762
723 797
723 808
723 842
723 901
723 903
723 922
723 941
723 947
723 982
723 983
723 990
724 743
724 774
724 921
724 930
724 937
724 943
724 946
724 961
724 967
726 795
726 858
726 876
726 879
726 882
726 893
726 912
727 812
727 832
727 867
727 902
727 906
727 920
727 927
727 945
727 956
727 970
727 981
728 836
728 839
728 991
728 999
729 779
729 789
729 811
729 817
729 831
729 863
729 864
729 866
729 880
729 884
729 896
729 897
729 954
729 963
730 741
730 771
730 802
730 838
730 869
731 753
731 757
731 781
731 826
731 847
731 856
731 857
731 859
731 878
731 926
731 979
732 755
732 786
732 791
732 853
732 870
732 875
732 907
732 946
732 955
733 752
733 762
733 797
733 808
733 842
733 901
733 903
733 922
733 941
733 947
733 982
733 983
733 990
734 778
734 831
734 861
734 863
734 865
734 866
734 897
734 899
734 929
734 963
735 749
735 761
735 782
735 785
735 849
735 874
735 914
735 933
735 957
735 987
735 993
735 996
736 781
736 826
736 829
736 854
736 857
736 904
736 934
736 979
737 829
737 854
737 857
737 873
737 894
737 934
737 935
738 760
738 801
738 825
738 850
739 812
739 832
739 867
739 902
739 906
739 920
739 927
739 945
739 956
739 970
739 981
740 778
740 811
740 818
740 831
740 852
740 863
740 864
740 880
740 884
740 896
740 897
740 954
740 963
741 747
741 771
741 802
741 814
741 838
741 869
742 948
743 748
743 751
743 755
743 769
743 796
743 803
743 804
743 890
743 967
744 793
744 932
745 779
745 788
745 811
745 818
745 831
745 837
745 852
745 861
745 863
745 865
745 866
745 896
745 963
746 764
746 773
746 799
746 822
746 886
746 939
746 959
746 998
747 771
747 802
747 814
747 838
747 869
747 892
748 755
748 767
748 804
748 820
748 967
748 980
749 763
749 785
749 849
749 895
749 951
749 953
749 957
749 973
749 975
750 753
750 757
750 781
750 819
750 856
750 859
750 862
750 873
750 894
750 908
750 915
751 755
751 767
751 772
751 774
751 786
751 803
751 813
751 870
751 961
751 980
752 842
752 901
752 903
752 922
752 941
752 947
752 982
752 983
752 990
753 759
753 781
753 829
753 835
753 854
753 862
753 926
753 934
753 979
754 810
754 830
754 846
754 871
754 881
754 924
754 960
754 964
754 965
754 969
754 974
754 976
754 992
754 995
755 767
755 769
755 804
755 820
755 885
755 890
755 907
755 946
756 840
756 888
756 985
756 994
757 819
757 826
757 835
757 847
757 859
757 862
757 904
757 908
757 935
758 761
758 815
758 889
758 933
758 944
758 953
758 957
758 973
758 986
758 993
759 781
759 826
759 835
759 847
759 856
759 862
759 894
759 908
759 934
759 935
760 801
760 825
760 850
761 763
761 775
761 877
761 887
761 933
761 957
762 797
762 808
762 842
762 901
762 903
762 922
762 941
762 947
762 982
762 983
762 990
763 782
763 843
763 868
763 933
763 957
763 972
763 986
763 996
764 773
764 799
764 822
764 886
764 939
764 959
764 998
765 777
765 784
765 806
765 828
765 844
765 848
765 855
765 900
765 962
765 988
765 989
765 997
765 1000
766 843
766 877
766 887
766 933
766 953
766 957
766 973
766 987
767 774
767 804
767 853
767 875
767 921
767 930
767 937
767 946
767 967
768 841
768 905
768 923
769 787
769 794
769 796
769 907
769 937
769 943
769 946
769 961
769 980
770 781
770 835
770 857
770 873
770 878
770 904
770 908
770 915
771 802
771 814
771 838
771 892
772 787
772 796
772 803
772 805
772 853
772 870
772 937
772 946
773 799
773 822
773 886
773 939
773 959
773 998
774 794
774 805
774 845
774 853
774 930
774 937
774 943
774 961
775 815
775 843
775 849
775 868
775 887
775 895
775 914
775 944
775 953
775 973
775 987
775 993
775 996
777 784
777 806
777 828
777 844
777 848
777 855
777 900
777 962
777 988
777 989
777 997
777 1000
778 788
778 817
778 818
778 831
778 837
778 861
778 863
778 884
778 897
778 929
778 963
779 789
779 818
779 851
779 852
779 861
779 863
779 864
779 884
779 896
779 897
779 899
779 929
780 798
780 936
780 949
780 958
780 977
780 984
781 826
781 854
781 859
781 894
781 935
782 914
782 933
782 951
782 953
782 957
782 972
782 973
782 987
782 993
783 791
783 796
783 804
783 875
783 937
783 961
784 806
784 828
784 844
784 848
784 855
784 900
784 962
784 988
784 989
784 997
784 1000
785 849
785 874
785 914
785 933
785 944
785 953
785 972
785 986
785 993
786 791
786 813
786 820
786 853
786 885
786 890
786 907
786 921
786 967
786 980
787 813
787 820
787 890
787 943
787 955
787 980
788 837
788 852
788 861
788 863
788 880
788 896
788 899
788 963
789 817
789 837
789 865
789 866
789 897
789 899
789 929
789 954
789 963
790 909
791 890
791 937
791 943
791 967
792 823
792 928
792 938
792 978
793 932
794 803
794 804
794 813
794 845
794 921
794 930
794 943
794 955
794 961
795 816
795 821
795 858
795 876
795 879
795 882
795 893
795 912
796 853
796 870
796 907
796 980
797 808
797 901
797 903
797 922
797 941
797 947
797 982
797 983
797 990
798 936
798 949
798 958
798 977
798 984
799 822
799 886
799 939
799 959
799 998
800 827
800 872
800 891
800 898
800 916
800 918
800 931
800 940
801 825
801 850
802 814
802 838
802 869
802 892
803 921
803 937
803 967
803 980
804 820
804 870
804 875
804 885
804 961
805 845
805 890
805 921
805 967
805 980
806 828
806 844
806 848
806 855
806 900
806 962
806 988
806 989
806 997
806 1000
808 842
808 901
808 922
808 941
808 947
808 982
808 983
808 990
809 917
810 846
810 860
810 871
810 881
810 924
810 960
810 964
810 965
810 969
810 974
810 976
810 992
810 995
811 817
811 818
811 864
811 884
811 899
811 954
812 832
812 867
812 902
812 906
812 920
812 927
812 945
812 956
812 970
812 981
813 820
813 875
813 961
813 967
813 980
814 838
814 869
814 892
815 849
815 887
815 944
815 951
815 972
815 973
815 993
815 996
816 821
816 834
816 858
816 876
816 882
816 893
816 912
817 818
817 837
817 852
817 861
817 866
817 884
817 897
817 963
818 837
818 851
818 863
818 864
818 866
818 880
818 954
819 829
819 854
819 878
819 926
819 979
820 845
820 921
820 937
820 961
821 834
821 858
821 876
821 879
821 882
821 912
822 886
822 939
822 959
822 998
823 928
823 938
823 978
824 827
824 872
824 891
824 898
824 911
824 916
824 918
824 919
824 931
824 940
825 850
826 856
826 859
826 873
826 878
826 908
826 915
826 926
826 934
826 935
827 872
827 891
827 898
827 911
827 918
827 919
827 931
827 940
828 844
828 848
828 855
828 900
828 962
828 988
828 989
828 997
828 1000
829 854
829 862
829 873
829 894
829 904
829 926
829 934
829 935
829 979
830 833
830 846
830 871
830 881
830 924
830 960
830 964
830 969
830 974
830 976
830 992
830 995
831 852
831 861
831 863
831 864
831 866
831 880
831 896
831 897
831 954
831 963
832 867
832 902
832 906
832 920
832 927
832 945
832 956
832 970
832 981
833 860
833 871
833 881
833 924
833 960
833 964
833 965
833 969
833 974
833 976
833 992
833 995
834 858
834 876
834 879
834 882
834 893
834 912
835 854
835 856
835 878
835 904
835 908
835 934
836 839
836 991
836 999
837 851
837 863
837 865
837 880
837 899
838 892
839 991
839 999
840 888
840 985
840 994
841 905
841 923
842 901
842 903
842 922
842 941
842 947
842 982
842 983
842 990
843 944
843 951
843 957
843 972
843 973
843 975
843 996
844 848
844 855
844 900
844 962
844 988
844 989
844 997
844 1000
845 853
845 870
845 907
845 930
845 961
846 860
846 871
846 881
846 960
846 964
846 965
846 969
846 974
846 976
846 992
846 995
847 857
847 878
847 894
847 904
847 926
847 934
847 979
848 855
848 900
848 962
848 988
848 989
848 997
848 1000
849 895
849 951
849 953
849 957
849 972
849 993
851 861
851 863
851 864
851 896
851 897
851 899
851 929
851 954
851 963
852 861
852 865
852 866
852 880
852 963
853 870
853 885
853 937
853 943
853 980
854 862
854 878
854 904
854 908
854 915
854 926
854 979
855 900
855 962
855 988
855 989
855 997
855 1000
856 857
856 862
856 908
856 915
856 926
856 979
857 862
857 878
857 894
857 908
857 915
857 926
857 934
857 935
857 979
858 876
858 879
858 882
858 893
858 912
859 878
859 908
859 926
859 979
860 871
860 881
860 960
860 965
860 969
860 974
860 976
860 992
860 995
861 864
861 865
861 880
861 899
861 929
861 963
862 873
862 878
862 894
862 926
862 979
863 880
863 884
863 954
863 963
864 866
864 880
864 896
864 899
864 963
865 880
865 884
865 897
865 899
865 929
865 954
865 963
866 880
866 896
866 897
866 954
867 902
867 906
867 920
867 927
867 945
867 956
867 970
867 981
868 889
868 914
868 944
868 957
868 973
868 975
868 987
868 993
869 892
870 885
870 907
870 937
870 967
870 980
871 881
871 960
871 964
871 965
871 969
871 974
871 976
871 992
871 995
872 891
872 898
872 911
872 916
872 918
872 919
872 931
872 940
873 904
873 934
873 979
874 889
874 895
874 933
874 953
874 972
874 975
874 986
875 885
875 890
875 907
875 930
875 937
875 943
875 961
875 980
876 879
876 882
876 893
876 912
877 887
877 889
877 944
877 951
877 953
877 973
877 975
877 987
877 993
877 996
878 904
878 908
878 915
879 882
879 893
879 912
880 884
880 896
880 899
880 929
880 954
881 924
881 964
881 965
881 969
881 974
881 976
881 992
881 995
882 893
882 912
883 950
884 896
884 897
884 929
884 954
884 963
885 907
885 921
885 943
885 961
885 967
885 980
886 939
886 959
886 998
887 895
887 914
887 944
887 951
887 953
887 972
887 973
887 993
888 985
888 994
889 914
889 933
889 944
889 953
889 975
889 986
889 996
890 930
890 937
890 943
890 955
890 961
890 967
891 916
891 918
891 919
891 931
891 940
893 912
894 904
894 908
894 926
894 934
894 979
895 933
895 951
895 953
895 957
895 972
895 973
895 975
895 987
895 993
895 996
896 899
896 954
896 963
897 954
897 963
898 911
898 916
898 918
898 919
898 931
898 940
899 954
900 962
900 988
900 989
900 997
900 1000
901 903
901 922
901 941
901 947
901 982
901 983
901 990
902 906
902 920
902 927
902 945
902 956
902 970
902 981
903 922
903 941
903 947
903 982
903 983
903 990
904 934
905 923
906 920
906 927
906 945
906 956
906 970
906 981
907 930
907 943
907 946
907 955
907 961
907 980
908 915
908 926
910 968
911 916
911 918
911 919
911 931
911 940
913 942
913 971
914 933
914 957
914 972
914 973
914 987
914 993
914 996
915 926
915 934
916 918
916 919
916 931
916 940
918 919
918 931
918 940
919 931
920 927
920 945
920 956
920 970
920 981
921 946
921 955
921 980
922 941
922 947
922 982
922 983
922 990
924 960
924 964
924 965
924 969
924 974
924 976
924 992
924 995
926 934
926 935
926 979
927 945
927 956
927 970
927 981
928 938
928 978
929 954
930 955
930 967
931 940
933 953
933 972
933 973
933 975
933 986
933 987
933 993
934 935
936 949
936 958
936 977
936 984
937 943
937 980
938 978
939 959
939 998
941 947
941 982
941 983
941 990
942 971
943 955
943 980
944 953
944 973
944 975
944 986
944 993
944 996
945 956
945 970
945 981
946 955
946 967
946 980
947 982
947 983
947 990
949 958
949 977
949 984
951 973
951 975
951 986
951 987
951 993
953 957
953 975
953 986
953 996
954 963
955 980
956 970
956 981
957 973
957 987
958 977
958 984
959 998
960 964
960 965
960 969
960 974
960 976
960 992
960 995
961 967
962 988
962 989
962 997
962 1000
964 965
964 969
964 974
964 976
964 992
964 995
965 969
965 974
965 976
965 992
965 995
967 980
969 976
969 992
969 995
970 981
972 975
972 987
972 993
973 975
973 987
973 993
974 976
974 992
974 995
975 987
975 996
976 992
976 995
977 984
982 983
982 990
983 990
985 994
986 993
986 996
987 996
988 989
988 997
988 1000
989 997
989 1000
991 999
992 995
997 1000
