1 48
1 212
1 732
1 774
1 783
1 853
1 870
1 890
1 921
1 967
2 520
2 548
2 567
2 712
2 720
2 817
2 910
2 925
2 968
2 978
3 294
3 677
3 737
3 854
3 894
3 904
3 915
3 926
3 934
3 979
4 150
4 228
4 486
4 622
4 688
4 730
4 747
4 771
4 814
4 892
5 674
5 711
5 800
5 824
5 827
5 872
5 891
5 898
5 916
5 918
6 652
6 655
6 672
6 689
6 760
6 801
6 810
6 811
6 825
6 850
7 127
7 675
7 739
7 849
7 867
7 868
7 902
7 944
7 987
7 993
8 233
8 380
8 412
8 488
8 502
8 630
8 656
8 692
8 725
8 816
9 473
9 563
9 573
9 680
9 703
9 722
9 795
9 876
9 879
9 912
10 52
10 182
10 254
10 257
10 349
10 384
10 625
10 737
10 854
10 894
11 561
11 754
11 833
11 846
11 960
11 969
11 974
11 976
11 992
11 995
12 137
12 343
12 371
12 515
12 534
12 568
12 607
12 770
12 904
12 915
13 473
13 563
13 573
13 680
13 703
13 722
13 795
13 876
13 879
13 912
14 114
14 128
14 629
14 686
14 766
14 889
14 914
14 927
14 987
14 996
15 238
15 260
15 426
15 437
15 466
15 508
15 638
15 930
15 955
15 980
16 514
16 833
16 860
16 924
16 960
16 964
16 965
16 969
16 974
16 995
17 457
17 691
17 749
17 867
17 895
17 920
17 927
17 933
17 945
17 973
18 284
18 428
18 665
18 727
18 775
18 902
18 914
18 953
18 956
18 993
19 135
19 278
19 653
19 683
19 686
19 691
19 868
19 889
19 981
19 996
20 332
20 588
20 677
20 710
20 716
20 737
20 753
20 819
20 878
20 934
21 85
21 140
21 311
21 339
21 702
21 768
21 841
21 859
21 866
21 905
22 108
22 358
22 546
22 686
22 713
22 735
22 761
22 775
22 843
22 972
23 429
23 582
23 591
23 718
23 755
23 783
23 787
23 820
23 943
23 980
24 300
24 572
24 691
24 766
24 945
24 951
24 973
24 981
24 986
24 993
25 162
25 268
25 299
25 390
25 677
25 731
25 770
25 856
25 878
25 926
26 473
26 563
26 573
26 680
26 703
26 722
26 795
26 876
26 879
26 912
27 38
27 406
27 529
27 599
27 621
27 626
27 911
27 919
27 931
27 940
28 639
28 860
28 881
28 960
28 965
28 969
28 974
28 976
28 992
28 995
29 134
29 368
29 372
30 331
30 411
30 480
30 527
30 598
30 679
30 730
30 802
30 869
30 892
31 379
31 518
31 651
31 748
31 767
31 786
31 853
31 885
31 907
31 980
32 241
32 346
32 404
32 414
32 427
32 693
32 864
32 896
32 899
32 963
33 168
33 301
33 419
33 569
33 645
33 849
33 868
33 877
33 920
33 981
34 152
34 506
34 608
34 669
34 783
34 875
34 885
34 930
34 946
34 980
35 501
35 550
35 570
35 728
35 790
35 836
35 839
35 923
35 991
35 999
36 239
36 493
36 505
36 585
36 675
36 766
36 775
36 920
36 973
36 975
37 182
37 293
37 399
37 544
37 736
37 750
37 759
37 829
37 926
37 979
38 491
38 529
38 599
38 621
38 626
38 911
38 919
38 931
38 940
39 233
39 380
39 412
39 488
39 502
39 630
39 656
39 692
39 725
39 816
40 146
40 236
40 331
40 470
40 480
40 628
40 688
40 802
40 838
40 869
41 224
41 225
41 417
41 511
41 543
41 590
41 610
41 949
41 958
41 977
42 347
42 519
42 584
42 632
42 701
42 831
42 865
42 880
42 929
42 963
43 190
43 380
43 412
43 488
43 502
43 630
43 656
43 692
43 725
43 816
44 126
44 319
44 671
44 690
44 808
44 901
44 941
44 947
44 983
44 990
45 52
45 534
45 559
45 710
45 770
45 819
45 862
45 873
45 904
45 979
46 110
46 158
46 268
46 474
46 695
46 736
46 770
46 819
46 854
46 894
47 646
47 754
47 846
47 924
47 960
47 965
47 974
47 976
47 992
47 995
48 76
48 230
48 696
48 767
48 786
48 803
48 813
48 961
48 967
49 828
49 844
49 848
49 855
49 900
49 962
49 988
49 989
49 997
49 1000
50 451
50 563
50 573
50 680
50 703
50 722
50 795
50 876
50 879
50 912
51 673
51 738
51 762
51 808
51 842
51 903
51 922
51 947
51 982
51 983
52 86
52 149
52 294
52 334
52 365
52 706
52 753
52 904
53 99
53 148
53 612
54 584
54 658
54 701
54 717
54 719
54 778
54 851
54 852
54 861
54 896
55 282
55 312
55 320
55 359
55 393
55 403
55 807
56 115
56 517
56 704
56 906
56 966
57 618
57 764
57 773
57 799
57 886
57 939
57 952
57 959
57 998
58 229
58 381
58 437
58 466
58 767
58 786
58 803
58 930
58 937
58 946
59 297
59 307
59 406
59 621
59 626
59 911
59 919
59 931
59 940
60 274
60 438
60 683
60 849
60 957
60 972
60 975
60 987
60 993
60 996
61 623
61 652
61 654
61 689
61 760
61 801
61 810
61 811
61 825
61 850
62 373
62 397
62 441
62 585
62 600
62 705
62 843
62 902
62 981
62 987
63 618
63 664
63 741
63 773
63 822
63 886
63 939
63 952
63 959
63 998
64 548
64 567
64 601
64 712
64 720
64 817
64 910
64 925
64 968
64 978
65 376
65 481
65 696
65 715
65 748
65 805
65 921
65 943
65 961
65 967
66 469
66 707
66 745
66 778
66 788
66 831
66 837
66 896
66 929
66 963
67 248
67 366
67 478
67 592
67 611
67 748
67 751
67 820
67 890
67 955
68 561
68 633
68 646
68 924
68 960
68 964
68 965
68 969
68 976
68 995
69 127
69 318
69 489
69 569
69 763
69 895
69 914
69 933
69 981
69 987
70 563
70 573
70 680
70 703
70 722
70 795
70 876
70 879
70 912
70 1000
71 441
71 832
71 849
71 887
71 944
71 951
71 956
71 957
71 972
71 986
72 73
72 120
72 444
72 495
72 662
72 756
72 840
72 858
72 985
72 994
73 120
73 444
73 495
73 662
73 756
73 840
73 858
73 985
73 994
74 654
74 655
74 672
74 689
74 760
74 801
74 810
74 811
74 825
74 850
75 504
75 540
75 570
75 728
75 790
75 836
75 839
75 923
75 991
75 999
76 202
76 426
76 611
76 651
76 696
76 718
76 755
76 907
76 946
77 355
77 583
77 633
77 871
77 924
77 964
77 974
77 976
77 992
77 995
78 620
78 833
78 846
78 924
78 964
78 965
78 969
78 976
78 992
78 995
79 505
79 546
79 666
79 735
79 874
79 877
79 914
79 942
79 993
79 996
80 135
80 373
80 536
80 629
80 887
80 902
80 942
80 944
80 945
80 970
81 352
81 493
81 600
81 617
81 684
81 867
81 902
81 956
81 993
81 996
82 94
82 291
82 336
82 687
82 767
82 804
82 885
82 890
82 930
82 946
83 109
83 197
83 277
83 797
83 901
83 903
83 922
83 947
83 982
83 983
84 139
84 227
84 273
84 408
84 629
84 867
84 874
84 887
84 951
84 973
85 140
85 311
85 339
85 702
85 768
85 841
85 859
85 866
85 905
86 430
86 695
86 753
86 819
86 829
86 873
86 915
86 934
86 979
87 271
87 844
87 848
87 855
87 900
87 962
87 988
87 989
87 997
87 1000
88 126
88 547
88 762
88 797
88 842
88 941
88 947
88 982
88 983
88 990
89 120
89 444
89 495
89 662
89 756
89 840
89 858
89 985
89 994
90 195
90 440
90 830
90 846
90 924
90 960
90 974
90 976
90 992
90 995
91 199
91 423
91 605
91 718
91 751
91 796
91 853
91 930
91 946
91 980
92 520
92 548
92 601
92 712
92 720
92 817
92 910
92 925
92 968
92 978
93 571
93 644
93 743
93 772
93 783
93 794
93 820
93 921
93 937
93 967
94 259
94 462
94 500
94 638
94 643
94 687
94 751
94 787
94 890
95 157
95 437
95 715
95 787
95 791
95 804
95 921
95 930
95 967
95 980
96 210
96 221
96 558
96 629
96 684
96 867
96 889
96 942
96 957
96 987
97 124
97 173
97 492
97 622
97 628
97 631
97 679
97 688
97 814
97 869
98 828
98 844
98 848
98 855
98 900
98 962
98 988
98 989
98 997
98 1000
99 148
99 612
100 828
100 844
100 848
100 855
100 900
100 962
100 988
100 989
100 997
100 1000
101 179
101 477
101 479
101 615
101 619
101 624
101 634
101 883
101 909
101 950
102 186
102 388
102 547
102 752
102 793
102 901
102 922
102 941
102 983
102 990
103 674
103 711
103 800
103 824
103 827
103 872
103 891
103 898
103 916
103 918
104 540
104 550
104 728
104 790
104 836
104 839
104 923
104 991
104 999
105 136
105 226
105 290
105 309
105 595
105 698
105 780
105 798
105 936
105 984
106 354
106 485
106 526
106 645
106 914
106 933
106 953
106 957
106 973
106 986
107 119
107 185
107 218
107 577
107 598
107 688
107 730
107 747
107 802
107 814
107 838
108 214
108 587
108 832
108 849
108 920
108 933
108 945
108 956
108 973
108 981
109 345
109 762
109 793
109 808
109 842
109 901
109 903
109 982
109 983
109 990
110 171
110 211
110 252
110 476
110 557
110 710
110 757
110 826
110 873
110 904
111 194
111 245
111 298
111 577
111 598
111 622
111 679
111 688
111 771
111 838
111 869
112 391
112 406
112 491
112 529
112 599
112 621
112 626
112 911
112 919
112 931
112 940
113 244
113 251
113 472
113 574
113 579
113 681
113 726
113 821
113 834
113 882
113 893
114 352
114 653
114 895
114 920
114 927
114 944
114 957
114 970
114 973
114 981
115 517
115 704
115 906
115 966
116 181
116 256
116 259
116 304
116 429
116 594
116 660
116 769
116 885
116 930
116 946
117 231
117 377
117 456
117 627
117 660
117 804
117 805
117 870
117 921
117 930
117 946
118 818
118 851
118 852
118 863
118 865
118 896
118 897
118 899
118 929
118 954
118 963
119 482
119 486
119 577
119 622
119 631
119 730
119 747
119 771
119 838
119 892
120 444
120 495
120 662
120 756
120 840
120 858
120 985
120 994
121 144
121 299
121 323
121 334
121 544
121 581
121 753
121 757
121 854
121 862
121 926
122 255
122 315
122 472
122 574
122 579
122 681
122 726
122 821
122 834
122 882
122 893
123 498
123 881
123 924
123 960
123 964
123 965
123 969
123 974
123 976
123 992
123 995
124 331
124 482
124 492
124 598
124 622
124 628
124 747
124 814
124 838
124 892
125 228
125 245
125 331
125 480
125 482
125 486
125 598
125 730
125 747
125 802
125 892
126 325
126 671
126 733
126 842
126 903
126 941
126 982
126 983
126 990
127 713
127 887
127 927
127 933
127 945
127 956
127 957
127 986
127 993
128 300
128 354
128 678
128 686
128 758
128 868
128 933
128 944
128 951
128 981
129 210
129 489
129 569
129 699
129 763
129 889
129 914
129 927
129 970
129 987
129 993
130 435
130 778
130 837
130 851
130 852
130 863
130 865
130 884
130 896
130 897
130 954
131 302
131 460
131 478
131 518
131 562
131 591
131 659
131 718
131 890
131 921
131 967
132 310
132 501
132 550
132 570
132 728
132 790
132 836
132 839
132 923
132 991
132 999
133 585
133 629
133 645
133 763
133 812
133 874
133 927
133 945
133 970
133 993
133 996
134 368
134 372
135 523
135 564
135 763
135 782
135 914
135 945
135 951
135 957
135 986
136 193
136 226
136 290
136 309
136 595
136 698
136 780
136 798
136 936
136 984
137 144
137 285
137 556
137 588
137 750
137 829
137 835
137 854
137 857
137 926
138 652
138 654
138 655
138 672
138 689
138 760
138 801
138 810
138 811
138 825
138 850
139 192
139 221
139 258
139 428
139 528
139 596
139 684
139 920
139 927
139 996
140 311
140 339
140 702
140 768
140 841
140 859
140 866
140 905
141 674
141 711
141 800
141 824
141 827
141 872
141 891
141 898
141 916
141 918
142 202
142 382
142 425
142 605
142 687
142 748
142 805
142 813
142 870
142 907
142 937
143 206
143 477
143 479
143 516
143 615
143 619
143 624
143 634
143 883
143 909
143 950
144 180
144 257
144 293
144 588
144 757
144 759
144 826
144 835
144 908
145 276
145 326
145 530
145 792
145 823
145 928
146 480
146 577
146 679
146 747
146 771
146 802
146 814
146 838
146 869
146 892
147 544
147 556
147 581
147 649
147 710
147 736
147 856
147 894
147 904
147 934
147 979
148 612
149 333
149 549
149 649
149 750
149 781
149 819
149 829
149 908
149 935
149 979
150 217
150 218
150 228
150 482
150 598
150 730
150 802
150 838
150 869
150 892
151 640
151 664
151 746
151 764
151 773
151 799
151 886
151 939
151 952
151 959
151 998
152 303
152 338
152 398
152 423
152 611
152 643
152 748
152 772
152 820
152 853
153 337
153 341
153 399
153 534
153 695
153 759
153 770
153 856
153 926
153 934
153 935
154 317
154 340
154 690
154 762
154 901
154 922
154 941
154 947
154 982
154 983
154 990
155 575
155 602
155 663
155 741
155 799
155 822
155 886
155 939
155 952
155 959
155 998
156 560
156 674
156 711
156 800
156 824
156 827
156 872
156 891
156 898
156 916
156 918
157 187
157 238
157 336
157 594
157 642
157 743
157 813
157 907
157 943
157 967
158 334
158 360
158 390
158 545
158 677
158 736
158 759
158 835
158 979
159 501
159 504
159 540
159 570
159 728
159 790
159 836
159 839
159 923
159 991
159 999
160 397
160 441
160 546
160 766
160 832
160 843
160 868
160 957
160 981
160 993
160 996
161 418
161 738
161 752
161 762
161 797
161 903
161 941
161 947
161 982
161 983
161 990
162 294
162 365
162 399
162 405
162 716
162 731
162 750
162 829
162 857
162 873
163 433
163 520
163 567
163 601
163 712
163 720
163 817
163 910
163 925
163 968
163 978
164 289
164 477
164 479
164 516
164 615
164 619
164 624
164 634
164 883
164 909
164 950
165 236
165 246
165 331
165 470
165 628
165 679
165 771
165 814
165 838
165 869
165 892
166 519
166 576
166 707
166 734
166 779
166 831
166 861
166 864
166 880
166 896
166 899
167 407
167 535
167 668
167 670
167 864
167 865
167 897
167 899
167 929
167 954
167 963
168 526
168 675
168 683
168 686
168 749
168 761
168 920
168 933
168 944
168 956
169 318
169 324
169 378
169 525
169 691
169 739
169 782
169 887
169 972
169 973
169 987
170 522
170 633
170 830
170 871
170 881
170 960
170 964
170 965
170 976
170 992
170 995
171 285
171 371
171 399
171 513
171 625
171 753
171 835
171 857
171 915
171 935
172 288
172 538
172 603
172 635
172 641
172 948
173 228
173 246
173 470
173 492
173 628
173 730
173 771
173 802
173 869
173 892
174 289
174 477
174 479
174 516
174 615
174 619
174 624
174 634
174 883
174 909
174 950
175 806
175 828
175 844
175 848
175 855
175 900
175 962
175 988
175 989
175 997
175 1000
176 260
176 316
176 353
176 571
176 582
176 586
176 718
176 783
176 890
176 937
176 961
177 541
177 551
177 636
177 667
177 682
177 744
177 785
177 809
177 847
177 932
177 938
178 583
178 833
178 881
178 924
178 964
178 965
178 969
178 974
178 976
178 992
178 995
179 477
179 479
179 516
179 615
179 619
179 624
179 634
179 883
179 909
179 950
180 344
180 474
180 649
180 706
180 736
180 737
180 835
180 857
180 934
180 935
181 303
181 425
181 463
181 509
181 578
181 787
181 930
181 943
181 955
181 980
182 515
182 650
182 731
182 819
182 835
182 856
182 857
182 873
182 908
183 330
183 913
183 971
184 547
184 593
184 671
184 738
184 752
184 797
184 901
184 941
184 982
184 983
184 990
185 217
185 218
185 470
185 480
185 628
185 631
185 688
185 771
185 838
185 892
186 593
186 671
186 673
186 697
186 808
186 922
186 941
186 947
186 982
186 990
187 296
187 304
187 426
187 456
187 594
187 755
187 875
187 907
187 943
187 980
188 224
188 225
188 417
188 511
188 543
188 590
188 610
188 949
188 958
188 977
189 733
189 738
189 793
189 842
189 903
189 922
189 941
189 947
189 982
189 983
189 990
190 233
190 380
190 412
190 488
190 502
190 630
190 656
190 692
190 725
190 816
191 220
191 307
191 406
191 491
191 599
191 621
191 626
191 911
191 919
191 931
191 940
192 221
192 558
192 849
192 868
192 877
192 942
192 953
192 987
192 993
192 996
193 226
193 290
193 309
193 595
193 698
193 780
193 798
193 936
193 984
194 416
194 480
194 622
194 730
194 747
194 771
194 814
194 838
194 869
194 892
195 646
195 754
195 846
195 960
195 964
195 965
195 969
195 974
195 976
195 992
196 443
196 548
196 567
196 601
196 712
196 720
196 817
196 910
196 925
196 968
196 978
197 319
197 738
197 797
197 842
197 903
197 922
197 941
197 982
197 983
197 990
198 806
198 828
198 844
198 848
198 855
198 900
198 962
198 988
198 989
198 997
198 1000
199 248
199 338
199 376
199 466
199 751
199 786
199 796
199 890
199 907
199 937
200 289
200 477
200 479
200 516
200 615
200 619
200 624
200 634
200 883
200 909
200 950
201 231
201 316
201 398
201 463
201 616
201 638
201 732
201 755
201 783
201 930
201 955
202 338
202 351
202 426
202 769
202 813
202 820
202 845
202 907
202 943
203 361
203 499
203 583
203 639
203 830
203 881
203 964
203 965
203 974
203 976
203 992
204 553
204 647
204 671
204 723
204 752
204 793
204 808
204 941
204 982
204 983
204 990
205 382
205 398
205 447
205 696
205 751
205 803
205 805
205 870
205 907
205 930
205 980
206 477
206 479
206 516
206 615
206 619
206 624
206 634
206 883
206 909
206 950
207 494
207 555
207 565
207 637
207 742
207 776
207 815
208 519
208 719
208 778
208 779
208 788
208 831
208 837
208 852
208 864
208 880
208 896
209 394
209 602
209 708
209 746
209 773
209 822
209 886
209 939
209 952
209 959
209 998
210 493
210 558
210 596
210 902
210 951
210 957
210 973
210 981
210 993
211 607
211 706
211 710
211 750
211 753
211 862
211 873
211 894
211 934
211 979
212 295
212 321
212 398
212 586
212 794
212 796
212 803
212 875
212 937
212 946
213 497
213 519
213 658
213 693
213 729
213 778
213 789
213 852
213 861
213 863
213 954
213 963
214 397
214 493
214 564
214 763
214 874
214 970
214 972
214 986
214 987
214 993
214 996
215 397
215 419
215 441
215 665
215 713
215 763
215 874
215 895
215 973
215 975
215 986
215 996
216 220
216 250
216 297
216 391
216 491
216 529
216 599
216 626
216 911
216 919
216 931
216 940
217 298
217 486
217 527
217 598
217 679
217 771
217 802
217 838
217 869
217 892
218 577
218 622
218 628
218 730
218 747
218 771
218 814
218 838
218 892
219 501
219 504
219 540
219 550
219 570
219 728
219 790
219 836
219 839
219 923
219 991
219 999
220 250
220 391
220 491
220 599
220 621
220 626
220 911
220 919
220 931
220 940
221 287
221 454
221 629
221 648
221 666
221 874
221 942
221 953
221 981
222 293
222 507
222 568
222 650
222 657
222 737
222 854
222 856
222 862
222 873
222 878
222 935
223 432
223 451
223 473
223 563
223 573
223 680
223 703
223 722
223 795
223 876
223 879
223 912
224 225
224 417
224 511
224 543
224 590
224 610
224 949
224 958
224 977
225 417
225 511
225 543
225 590
225 610
225 949
225 958
225 977
226 290
226 309
226 595
226 698
226 780
226 798
226 936
226 984
227 284
227 614
227 683
227 763
227 766
227 849
227 933
227 944
227 970
227 972
227 981
228 452
228 622
228 679
228 688
228 747
228 802
228 869
228 892
229 351
229 431
229 467
229 594
229 643
229 845
229 907
229 937
229 961
229 967
229 980
230 256
230 562
230 616
230 696
230 732
230 769
230 805
230 853
230 943
230 946
230 967
231 253
231 259
231 351
231 395
231 478
231 715
231 769
231 820
231 907
231 943
232 427
232 442
232 497
232 532
232 779
232 788
232 818
232 837
232 880
232 899
232 929
232 954
233 380
233 412
233 488
233 502
233 630
233 656
233 692
233 725
233 816
234 602
234 618
234 664
234 708
234 741
234 764
234 822
234 886
234 939
234 952
234 959
234 998
235 521
235 560
235 674
235 711
235 800
235 824
235 827
235 872
235 891
235 898
235 916
235 918
236 416
236 470
236 486
236 527
236 577
236 730
236 747
236 838
236 869
236 892
237 321
237 338
237 512
237 638
237 660
237 715
237 732
237 755
237 786
237 787
237 813
237 943
238 316
238 348
238 425
238 506
238 582
238 605
238 794
238 853
238 885
238 980
239 367
239 546
239 606
239 849
239 874
239 887
239 942
239 945
239 953
239 972
239 986
240 830
240 860
240 881
240 924
240 960
240 964
240 965
240 969
240 974
240 976
240 992
240 995
241 404
241 632
241 719
241 729
241 818
241 831
241 865
241 896
241 897
241 929
241 963
242 582
242 586
242 616
242 627
242 748
242 769
242 783
242 803
242 804
242 813
242 845
242 921
243 777
243 806
243 828
243 844
243 848
243 855
243 900
243 962
243 988
243 989
243 997
243 1000
244 279
244 445
244 472
244 574
244 579
244 681
244 726
244 821
244 834
244 882
244 893
245 452
245 492
245 628
245 631
245 679
245 688
245 771
245 814
245 869
245 892
246 411
246 452
246 577
246 598
246 688
246 730
246 747
246 814
246 869
246 892
247 401
247 461
247 520
247 567
247 601
247 712
247 720
247 817
247 910
247 925
247 968
247 978
248 256
248 291
248 353
248 500
248 660
248 748
248 783
248 794
248 890
248 955
249 375
249 721
249 729
249 740
249 779
249 831
249 861
249 864
249 865
249 884
249 896
249 954
250 307
250 491
250 529
250 599
250 621
250 626
250 911
250 919
250 931
250 940
251 357
251 445
251 472
251 574
251 579
251 681
251 726
251 821
251 834
251 882
251 893
252 268
252 554
252 568
252 597
252 731
252 753
252 829
252 856
252 908
252 926
252 934
253 381
253 431
253 605
253 611
253 643
253 787
253 796
253 870
253 890
253 937
253 980
254 371
254 430
254 476
254 568
254 677
254 695
254 826
254 829
254 857
254 894
254 926
255 315
255 357
255 445
255 574
255 579
255 681
255 726
255 821
255 834
255 882
255 893
256 316
256 456
256 512
256 571
256 724
256 767
256 772
256 853
256 885
257 266
257 349
257 559
257 581
257 607
257 677
257 736
257 856
257 935
257 979
258 324
258 564
258 648
258 665
258 739
258 763
258 889
258 895
258 927
258 944
258 993
259 437
259 796
259 805
259 845
259 853
259 870
259 943
259 961
259 980
260 335
260 366
260 463
260 659
260 669
260 709
260 769
260 787
260 937
260 967
261 281
261 685
261 917
262 754
262 830
262 833
262 860
262 871
262 881
262 924
262 960
262 964
262 974
262 992
262 995
263 366
263 509
263 562
263 582
263 651
263 718
263 751
263 774
263 804
263 853
263 890
263 921
264 441
264 705
264 887
264 927
264 933
264 942
264 953
264 970
264 972
264 981
264 987
264 993
265 623
265 652
265 654
265 655
265 672
265 689
265 760
265 801
265 810
265 811
265 825
265 850
266 384
266 424
266 515
266 753
266 770
266 854
266 894
266 908
266 915
266 934
266 935
267 623
267 652
267 654
267 655
267 672
267 689
267 760
267 801
267 810
267 811
267 825
267 850
268 533
268 559
268 753
268 835
268 854
268 873
268 878
268 904
268 979
269 375
269 537
269 670
269 693
269 701
269 778
269 789
269 851
269 865
269 880
269 896
269 963
270 354
270 378
270 523
270 536
270 546
270 569
270 585
270 596
270 758
270 843
270 895
270 975
271 664
271 708
271 746
271 764
271 773
271 799
271 886
271 939
271 952
271 959
271 998
272 419
272 438
272 454
272 600
272 617
272 739
272 775
272 832
272 874
272 951
272 986
272 987
273 350
273 358
273 564
273 699
273 868
273 889
273 914
273 945
273 973
273 981
273 993
274 666
274 675
274 699
274 920
274 933
274 953
274 957
274 970
274 981
274 987
274 993
275 526
275 614
275 617
275 683
275 713
275 739
275 843
275 944
275 953
275 970
275 972
275 993
276 326
276 530
276 792
276 823
276 928
277 319
277 553
277 673
277 752
277 762
277 901
277 903
277 947
277 982
277 983
277 990
278 468
278 536
278 558
278 587
278 683
278 843
278 887
278 889
278 944
278 981
278 987
279 357
279 445
279 472
279 574
279 579
279 681
279 726
279 821
279 834
279 882
279 893
280 333
280 384
280 515
280 568
280 581
280 737
280 750
280 757
280 873
280 878
280 915
280 935
281 685
281 917
282 312
282 320
282 359
282 393
282 403
282 807
283 310
283 501
283 504
283 540
283 550
283 570
283 728
283 790
283 836
283 839
283 923
283 991
283 999
284 292
284 523
284 713
284 766
284 832
284 867
284 953
284 972
284 973
284 986
284 993
285 299
285 341
285 405
285 710
285 736
285 737
285 770
285 826
285 873
285 894
285 926
286 777
286 784
286 806
286 828
286 844
286 848
286 855
286 900
286 962
286 988
286 989
286 997
286 1000
287 653
287 727
287 766
287 782
287 868
287 874
287 902
287 956
287 957
287 973
287 981
287 986
288 538
288 603
288 635
288 641
288 948
289 477
289 479
289 516
289 615
289 619
289 624
289 634
289 883
289 909
289 950
290 309
290 595
290 698
290 780
290 798
290 936
290 984
291 462
291 582
291 651
291 774
291 791
291 803
291 820
291 921
291 946
291 967
291 980
292 457
292 546
292 739
292 761
292 874
292 887
292 902
292 914
292 920
292 956
292 957
292 972
293 323
293 405
293 581
293 607
293 650
293 677
293 736
293 829
293 873
293 878
294 323
294 333
294 625
294 649
294 657
294 826
294 862
294 904
294 908
294 915
295 304
295 338
295 429
295 478
295 481
295 508
295 512
295 661
295 709
295 875
295 907
295 961
296 463
296 481
296 506
296 531
296 638
296 661
296 820
296 870
296 890
296 955
296 967
296 980
297 307
297 391
297 406
297 529
297 599
297 621
297 626
297 911
297 919
297 931
297 940
298 411
298 482
298 577
298 679
298 688
298 747
298 771
298 802
298 838
298 869
298 892
299 430
299 464
299 545
299 759
299 781
299 819
299 862
299 873
299 926
299 979
300 378
300 434
300 505
300 699
300 761
300 843
300 944
300 945
300 970
300 972
300 986
301 606
301 614
301 645
301 684
301 843
301 849
301 868
301 927
301 953
301 956
301 973
301 981
302 379
302 448
302 462
302 463
302 467
302 638
302 769
302 820
302 930
302 937
302 946
302 967
303 531
303 586
303 660
303 715
303 724
303 769
303 786
303 804
303 870
303 961
303 967
304 586
304 787
304 791
304 794
304 803
304 804
304 820
304 907
304 955
304 980
305 350
305 438
305 454
305 493
305 542
305 648
305 727
305 749
305 889
305 914
305 945
305 975
305 996
306 566
306 620
306 830
306 846
306 871
306 924
306 964
306 965
306 969
306 974
306 976
306 992
306 995
307 491
307 529
307 599
307 621
307 626
307 911
307 919
307 931
307 940
308 484
308 623
308 652
308 654
308 655
308 672
308 689
308 760
308 801
308 810
308 811
308 825
308 850
309 595
309 698
309 780
309 798
309 936
309 984
310 504
310 540
310 550
310 570
310 728
310 790
310 836
310 839
310 923
310 991
310 999
311 339
311 702
311 768
311 841
311 859
311 866
311 905
312 320
312 359
312 393
312 403
312 807
313 484
313 623
313 652
313 654
313 655
313 672
313 689
313 760
313 801
313 810
313 811
313 825
313 850
314 487
314 697
314 723
314 793
314 797
314 901
314 903
314 922
314 941
314 947
314 982
314 983
314 990
315 357
315 445
315 472
315 574
315 579
315 681
315 726
315 821
315 834
315 882
315 893
316 335
316 478
316 582
316 591
316 709
316 796
316 870
316 885
316 946
317 690
317 697
317 723
317 738
317 793
317 808
317 901
317 941
317 947
317 982
317 983
317 990
318 606
318 675
318 691
318 749
318 775
318 849
318 895
318 920
318 951
318 957
318 986
319 340
319 673
319 738
319 808
319 842
319 922
319 947
319 982
319 983
319 990
320 359
320 393
320 403
320 807
321 379
321 509
321 592
321 594
321 638
321 660
321 743
321 774
321 870
321 930
321 961
322 690
322 752
322 762
322 793
322 797
322 842
322 901
322 903
322 922
322 947
322 982
322 983
322 990
323 343
323 464
323 625
323 731
323 757
323 873
323 878
323 915
323 935
323 979
324 434
324 572
324 653
324 758
324 920
324 942
324 957
324 986
324 987
324 993
324 996
325 593
325 647
325 723
325 762
325 797
325 842
325 903
325 922
325 941
325 982
325 983
325 990
326 530
326 792
326 823
326 928
327 404
327 701
327 707
327 721
327 740
327 789
327 818
327 837
327 852
327 861
327 863
327 896
327 954
328 490
328 521
328 560
328 674
328 711
328 800
328 824
328 827
328 872
328 891
328 898
328 916
328 918
329 377
329 379
329 382
329 591
329 592
329 696
329 743
329 767
329 804
329 813
329 937
329 946
329 961
330 913
330 971
331 480
331 486
331 527
331 688
331 802
331 838
331 869
331 892
332 343
332 365
332 533
332 650
332 657
332 757
332 854
332 857
332 894
332 904
332 915
332 979
333 341
333 343
333 365
333 549
333 731
333 757
333 873
333 878
333 908
333 979
334 365
334 474
334 607
334 757
334 835
334 856
334 862
334 904
334 935
334 979
335 429
335 687
335 715
335 732
335 769
335 787
335 813
335 875
335 890
335 943
335 946
336 377
336 382
336 437
336 512
336 594
336 659
336 791
336 796
336 803
336 943
336 946
337 474
337 513
337 515
337 568
337 597
337 736
337 819
337 826
337 862
337 908
337 935
337 979
338 466
338 796
338 805
338 813
338 820
338 875
338 943
338 955
339 702
339 768
339 841
339 859
339 866
339 905
340 647
340 697
340 723
340 733
340 752
340 903
340 922
340 941
340 947
340 983
340 990
341 344
341 356
341 545
341 607
341 649
341 695
341 710
341 753
341 935
341 979
342 382
342 506
342 531
342 718
342 805
342 813
342 875
342 885
342 890
342 921
342 946
342 955
342 980
343 360
343 424
343 464
343 507
343 545
343 588
343 829
343 835
343 894
344 360
344 424
344 588
344 753
344 757
344 770
344 781
344 819
344 835
344 857
344 873
345 647
345 697
345 733
345 752
345 842
345 901
345 903
345 922
345 947
345 982
345 983
345 990
346 347
346 362
346 458
346 580
346 861
346 865
346 880
346 897
346 899
346 929
346 954
346 963
347 362
347 458
347 580
347 613
347 668
347 778
347 779
347 789
347 831
347 884
347 954
348 351
348 398
348 696
348 709
348 769
348 813
348 875
348 943
348 946
348 955
348 961
348 980
349 356
349 557
349 607
349 731
349 736
349 759
349 819
349 908
349 915
349 935
349 979
350 392
350 525
350 528
350 675
350 775
350 812
350 867
350 920
350 942
350 970
350 987
351 426
351 508
351 616
351 661
351 804
351 853
351 885
351 961
351 980
352 389
352 493
352 629
352 648
352 665
352 868
352 877
352 942
352 944
352 993
352 996
353 423
353 478
353 562
353 582
353 661
353 724
353 774
353 803
353 845
353 937
353 955
354 454
354 648
354 686
354 761
354 812
354 895
354 945
354 956
354 957
354 970
355 499
355 510
355 583
355 754
355 846
355 960
355 964
355 969
355 974
355 976
355 992
355 995
356 384
356 430
356 554
356 597
356 716
356 731
356 753
356 770
356 826
356 908
356 915
356 926
357 445
357 472
357 574
357 579
357 681
357 726
357 821
357 834
357 882
357 893
358 596
358 609
358 645
358 675
358 678
358 713
358 766
358 832
358 867
358 944
358 953
358 981
359 393
359 403
359 807
360 430
360 464
360 581
360 607
360 750
360 856
360 857
360 862
360 873
360 934
360 935
361 459
361 566
361 754
361 833
361 871
361 924
361 960
361 965
361 969
361 974
361 976
361 992
361 995
362 435
362 576
362 584
362 670
362 693
362 729
362 740
362 865
362 880
362 884
362 897
362 963
363 440
363 459
363 475
363 503
363 566
363 754
363 960
363 964
363 965
363 969
363 974
363 976
363 992
363 995
364 694
364 888
365 424
365 430
365 474
365 710
365 770
365 781
365 829
365 857
365 908
366 437
366 460
366 571
366 591
366 651
366 724
366 786
366 791
366 820
366 943
366 955
367 392
367 408
367 428
367 558
367 606
367 683
367 727
367 775
367 832
367 927
367 933
367 942
367 944
368 372
369 487
369 593
369 723
369 738
369 793
369 797
369 842
369 901
369 903
369 922
369 941
369 982
369 983
369 990
370 465
370 602
370 640
370 741
370 746
370 764
370 773
370 799
370 822
370 886
370 939
370 952
370 959
370 998
371 390
371 464
371 554
371 588
371 677
371 695
371 862
371 878
371 904
371 908
371 915
372 648
373 629
373 684
373 691
373 735
373 868
373 874
373 920
373 927
373 945
373 953
373 957
373 996
374 440
374 700
374 754
374 830
374 846
374 871
374 881
374 924
374 960
374 964
374 965
374 976
374 992
374 995
375 386
375 414
375 469
375 519
375 532
375 658
375 670
375 721
375 745
375 861
375 899
375 963
376 460
376 463
376 508
376 611
376 642
376 661
376 783
376 787
376 791
376 796
376 803
376 845
377 382
377 467
377 591
377 676
377 687
377 718
377 732
377 796
377 870
377 921
377 980
378 542
378 546
378 614
378 665
378 699
378 889
378 914
378 933
378 942
378 953
378 986
379 508
379 571
379 718
379 783
379 787
379 794
379 803
379 870
379 943
379 961
380 412
380 488
380 502
380 630
380 656
380 692
380 725
380 816
381 447
381 509
381 605
381 651
381 661
381 709
381 805
381 875
381 885
381 921
381 955
381 967
382 462
382 467
382 660
382 661
382 772
382 885
382 946
382 955
383 455
383 490
383 521
383 560
383 674
383 711
383 800
383 824
383 827
383 872
383 891
383 898
383 916
383 918
384 515
384 554
384 757
384 770
384 829
384 856
384 857
384 862
384 904
384 934
385 407
385 414
385 496
385 719
385 779
385 788
385 818
385 831
385 851
385 880
385 884
385 896
385 897
385 963
386 497
386 584
386 613
386 658
386 729
386 740
386 818
386 837
386 852
386 864
386 884
386 896
386 899
387 765
387 777
387 784
387 806
387 828
387 844
387 848
387 855
387 900
387 962
387 988
387 989
387 997
387 1000
388 415
388 647
388 697
388 752
388 762
388 793
388 842
388 903
388 922
388 941
388 947
388 982
388 990
389 666
389 684
389 758
389 763
389 887
389 889
389 914
389 942
389 956
389 970
389 975
389 986
389 996
390 399
390 507
390 513
390 557
390 695
390 781
390 829
390 856
390 904
390 934
390 979
391 406
391 491
391 529
391 599
391 621
391 626
391 911
391 919
391 931
391 940
392 438
392 485
392 528
392 587
392 684
392 699
392 749
392 766
392 775
392 849
392 970
392 972
393 403
393 807
394 663
394 664
394 708
394 741
394 746
394 764
394 799
394 822
394 886
394 939
394 952
394 959
394 998
395 466
395 582
395 592
395 608
395 638
395 644
395 661
395 715
395 732
395 755
395 805
395 885
395 921
396 455
396 490
396 521
396 560
396 674
396 711
396 800
396 824
396 827
396 872
396 891
396 898
396 916
396 918
397 468
397 542
397 546
397 758
397 889
397 914
397 933
397 951
397 970
397 972
398 531
398 594
398 687
398 751
398 803
398 885
398 907
398 921
398 946
399 513
399 649
399 706
399 770
399 854
399 862
399 878
399 934
399 979
400 524
400 618
400 640
400 663
400 708
400 746
400 764
400 799
400 822
400 886
400 939
400 952
400 959
400 998
401 433
401 443
401 461
401 520
401 567
401 601
401 712
401 720
401 817
401 910
401 925
401 968
401 978
402 765
402 777
402 784
402 806
402 828
402 844
402 848
402 855
402 900
402 962
402 988
402 989
402 997
402 1000
403 807
404 442
404 632
404 740
404 818
404 863
404 884
404 897
404 899
404 929
404 954
404 963
405 534
405 554
405 557
405 657
405 710
405 716
405 737
405 781
405 857
405 894
405 915
406 529
406 599
406 621
406 626
406 911
406 919
406 931
406 940
407 497
407 519
407 539
407 580
407 717
407 779
407 789
407 818
407 851
407 863
407 865
407 899
408 410
408 439
408 489
408 713
408 727
408 812
408 889
408 920
408 944
408 957
408 972
408 996
409 765
409 777
409 784
409 806
409 828
409 844
409 848
409 855
409 900
409 962
409 988
409 989
409 997
409 1000
410 457
410 536
410 558
410 614
410 645
410 648
410 739
410 761
410 832
410 867
410 868
410 933
410 996
411 452
411 470
411 480
411 622
411 631
411 688
411 730
411 747
411 802
411 814
411 892
412 488
412 502
412 630
412 656
412 692
412 725
412 816
413 422
413 484
413 623
413 652
413 654
413 655
413 672
413 689
413 760
413 801
413 810
413 811
413 825
413 850
414 469
414 707
414 717
414 721
414 740
414 831
414 837
414 884
414 896
414 929
414 954
415 418
415 690
415 723
415 733
415 793
415 797
415 901
415 922
415 941
415 947
415 982
415 983
415 990
416 452
416 470
416 482
416 486
416 492
416 622
416 631
416 730
416 771
416 802
416 838
416 869
416 892
417 511
417 543
417 590
417 610
417 949
417 958
417 977
418 487
418 671
418 673
418 733
418 738
418 808
418 842
418 901
418 903
418 947
418 982
418 983
418 990
419 485
419 572
419 665
419 678
419 699
419 727
419 867
419 920
419 927
419 973
419 975
419 993
420 714
420 765
420 777
420 784
420 806
420 828
420 844
420 848
420 855
420 900
420 962
420 988
420 989
420 997
420 1000
421 524
421 640
421 663
421 708
421 741
421 746
421 764
421 773
421 799
421 822
421 886
421 939
421 952
421 959
421 998
422 484
422 623
422 652
422 654
422 655
422 672
422 689
422 760
422 801
422 810
422 811
422 825
422 850
423 447
423 462
423 608
423 616
423 627
423 787
423 804
423 813
423 875
423 955
423 967
423 980
424 549
424 650
424 716
424 731
424 737
424 757
424 819
424 878
424 904
424 908
424 926
425 582
425 592
425 594
425 643
425 724
425 743
425 769
425 772
425 794
425 921
425 943
425 980
426 466
426 578
426 627
426 643
426 660
426 696
426 748
426 805
426 870
426 946
427 670
427 729
427 740
427 745
427 778
427 831
427 837
427 851
427 852
427 880
427 884
427 896
427 963
428 485
428 617
428 629
428 678
428 686
428 699
428 942
428 951
428 956
428 957
428 975
428 996
429 592
429 605
429 660
429 676
429 696
429 875
429 930
429 955
429 961
429 967
429 980
430 556
430 657
430 706
430 716
430 737
430 781
430 857
430 915
430 979
431 481
431 638
431 659
431 709
431 732
431 748
431 767
431 769
431 791
431 803
431 804
431 853
431 875
432 446
432 451
432 473
432 563
432 573
432 680
432 703
432 722
432 795
432 876
432 879
432 912
433 443
433 461
433 520
433 548
433 567
433 601
433 712
433 720
433 817
433 910
433 925
433 968
433 978
434 489
434 528
434 542
434 564
434 596
434 614
434 761
434 843
434 849
434 877
434 927
434 953
434 987
435 442
435 483
435 532
435 537
435 658
435 701
435 717
435 721
435 831
435 851
435 899
435 954
435 963
436 499
436 522
436 604
436 700
436 833
436 846
436 860
436 871
436 881
436 924
436 960
436 964
436 965
436 969
436 974
437 591
437 774
437 794
437 870
437 885
437 890
437 937
437 955
437 967
438 457
438 653
438 739
438 758
438 867
438 914
438 920
438 933
438 953
438 956
438 993
439 493
439 587
439 596
439 645
439 683
439 699
439 761
439 766
439 812
439 868
439 914
439 933
439 975
439 986
440 503
440 514
440 633
440 646
440 833
440 881
440 924
440 965
440 969
440 974
440 992
440 995
441 454
441 763
441 812
441 868
441 945
441 951
441 956
441 957
441 981
441 987
442 539
442 576
442 613
442 668
442 745
442 837
442 852
442 861
442 863
442 884
442 896
442 899
443 461
443 520
443 548
443 567
443 601
443 712
443 720
443 817
443 910
443 925
443 968
443 978
444 495
444 662
444 756
444 840
444 858
444 985
444 994
445 472
445 574
445 579
445 681
445 726
445 821
445 834
445 882
445 893
446 451
446 473
446 563
446 573
446 680
446 703
446 722
446 795
446 876
446 879
446 912
447 463
447 571
447 608
447 643
447 743
447 786
447 875
447 885
447 921
447 930
447 943
447 980
448 462
448 591
448 661
448 669
448 676
448 724
448 755
448 774
448 870
448 875
448 946
448 955
448 961
448 967
449 714
449 765
449 777
449 784
449 806
449 828
449 844
449 848
449 855
449 900
449 962
449 988
449 989
449 997
449 1000
450 575
450 618
450 663
450 708
450 741
450 746
450 764
450 773
450 799
450 822
450 886
450 939
450 952
450 959
450 998
451 473
451 563
451 573
451 680
451 703
451 722
451 795
451 876
451 879
451 912
452 480
452 482
452 622
452 628
452 631
452 679
452 688
452 730
452 814
452 892
453 714
453 765
453 777
453 784
453 806
453 828
453 844
453 848
453 855
453 900
453 962
453 988
453 989
453 997
453 1000
454 489
454 666
454 705
454 761
454 766
454 782
454 877
454 933
454 973
454 993
455 490
455 521
455 560
455 674
455 711
455 800
455 824
455 827
455 872
455 891
455 898
455 916
455 918
456 586
456 591
456 592
456 669
456 676
456 718
456 724
456 803
456 804
456 805
456 820
456 955
457 614
457 629
457 678
457 761
457 782
457 877
457 895
457 927
457 957
457 972
457 986
458 497
458 537
458 584
458 693
458 707
458 721
458 818
458 851
458 880
458 897
458 929
458 954
458 963
459 475
459 498
459 503
459 700
459 833
459 871
459 881
459 924
459 964
459 974
459 976
459 992
459 995
460 481
460 578
460 642
460 669
460 676
460 845
460 890
460 921
460 946
460 955
460 961
460 967
461 520
461 548
461 567
461 601
461 712
461 720
461 817
461 910
461 925
461 968
461 978
462 506
462 651
462 669
462 787
462 813
462 890
462 930
462 937
462 961
463 512
463 659
463 676
463 787
463 794
463 845
463 937
463 980
464 533
464 545
464 650
464 706
464 781
464 857
464 878
464 908
464 926
464 934
465 524
465 640
465 663
465 708
465 741
465 764
465 773
465 799
465 822
465 886
465 939
465 952
465 959
465 998
466 594
466 661
466 669
466 687
466 772
466 783
466 937
466 961
466 980
467 481
467 562
467 611
467 659
467 669
467 769
467 804
467 805
467 890
467 937
467 961
468 489
468 505
468 526
468 775
468 832
468 877
468 914
468 927
468 942
468 945
468 957
468 981
468 993
469 535
469 537
469 580
469 613
469 729
469 734
469 837
469 852
469 863
469 896
469 899
469 954
470 482
470 492
470 527
470 622
470 771
470 814
470 838
470 869
471 489
471 525
471 617
471 683
471 739
471 763
471 766
471 782
471 868
471 887
471 895
471 914
471 953
471 972
471 981
471 986
472 574
472 579
472 681
472 726
472 821
472 834
472 882
472 893
473 563
473 573
473 680
473 703
473 722
473 795
473 876
473 879
473 912
474 476
474 507
474 544
474 557
474 589
474 677
474 835
474 878
474 904
474 926
474 979
475 604
475 700
475 830
475 860
475 871
475 881
475 924
475 960
475 965
475 969
475 974
475 976
475 992
475 995
476 544
476 554
476 588
476 589
476 607
476 770
476 819
476 826
476 829
476 862
476 894
476 915
476 934
477 516
477 615
477 619
477 624
477 634
477 883
477 909
477 950
478 676
478 718
478 755
478 769
478 794
478 813
478 870
478 890
478 937
478 955
479 516
479 615
479 619
479 624
479 634
479 883
479 909
479 950
480 492
480 577
480 622
480 802
480 814
480 838
480 869
481 506
481 531
481 608
481 651
481 659
481 676
481 715
481 743
481 805
481 937
482 486
482 527
482 577
482 631
482 688
482 747
482 814
482 838
483 496
483 539
483 670
483 707
483 717
483 719
483 734
483 740
483 789
483 831
483 852
483 865
483 899
483 929
483 954
484 623
484 652
484 654
484 655
484 672
484 689
484 760
484 801
484 810
484 811
484 825
484 850
485 528
485 564
485 629
485 675
485 686
485 705
485 761
485 843
485 874
485 877
485 953
485 996
486 492
486 598
486 622
486 631
486 802
486 814
486 869
486 892
487 593
487 671
487 733
487 762
487 797
487 808
487 842
487 922
487 941
487 947
487 982
487 983
487 990
488 502
488 630
488 656
488 692
488 725
488 816
489 525
489 596
489 609
489 735
489 758
489 944
489 953
489 972
489 996
490 521
490 560
490 674
490 711
490 800
490 824
490 827
490 872
490 891
490 898
490 916
490 918
491 529
491 599
491 621
491 626
491 911
491 919
491 931
491 940
492 527
492 598
492 628
492 679
492 747
492 802
492 814
492 869
493 525
493 606
493 653
493 665
493 699
493 735
493 914
493 933
493 987
494 555
494 565
494 637
494 742
494 776
494 815
495 662
495 756
495 840
495 858
495 985
495 994
496 532
496 535
496 613
496 670
496 693
496 701
496 719
496 745
496 789
496 831
496 852
496 861
496 896
496 954
497 584
497 632
497 658
497 701
497 707
497 740
497 818
497 861
497 864
497 899
497 954
498 620
498 646
498 830
498 860
498 871
498 881
498 924
498 960
498 964
498 969
498 974
498 976
498 992
498 995
499 566
499 583
499 639
499 833
499 860
499 871
499 960
499 964
499 965
499 969
499 974
499 976
499 992
500 506
500 643
500 709
500 724
500 732
500 769
500 786
500 791
500 796
500 804
500 845
500 921
500 937
500 943
501 504
501 540
501 550
501 570
501 728
501 790
501 836
501 839
501 923
501 991
501 999
502 630
502 656
502 692
502 725
502 816
503 561
503 830
503 833
503 871
503 881
503 924
503 960
503 964
503 965
503 969
503 976
503 992
503 995
504 540
504 550
504 570
504 728
504 790
504 836
504 839
504 923
504 991
504 999
505 526
505 686
505 739
505 766
505 812
505 902
505 956
505 970
505 981
505 986
505 987
505 993
506 518
506 608
506 715
506 767
506 786
506 796
506 820
506 875
506 921
507 556
507 568
507 588
507 829
507 835
507 854
507 878
507 894
507 908
507 926
507 934
507 979
508 518
508 616
508 642
508 660
508 661
508 769
508 804
508 907
508 930
508 937
508 943
509 531
509 611
509 718
509 724
509 732
509 751
509 774
509 791
509 794
509 803
509 943
509 967
510 514
510 522
510 639
510 700
510 754
510 846
510 860
510 871
510 960
510 965
510 969
510 974
510 976
510 992
510 995
511 543
511 590
511 610
511 949
511 958
511 977
512 518
512 611
512 638
512 644
512 669
512 709
512 715
512 748
512 772
512 787
512 943
513 544
513 588
513 677
513 706
513 750
513 781
513 819
513 835
513 862
513 908
513 935
513 979
514 604
514 639
514 700
514 833
514 846
514 860
514 871
514 964
514 965
514 969
514 974
514 976
514 992
515 549
515 568
515 710
515 731
515 737
515 770
515 819
515 826
515 829
515 894
516 615
516 619
516 624
516 634
516 883
516 909
516 950
517 704
517 906
517 966
518 562
518 644
518 724
518 732
518 769
518 772
518 820
518 845
518 890
518 907
518 980
519 693
519 721
519 745
519 778
519 788
519 831
519 837
519 929
519 954
519 963
520 548
520 601
520 712
520 720
520 817
520 910
520 925
520 968
520 978
521 560
521 674
521 711
521 800
521 824
521 827
521 872
521 891
521 898
521 916
521 918
522 566
522 633
522 639
522 830
522 846
522 881
522 960
522 964
522 965
522 969
522 974
522 976
522 992
522 995
523 526
523 569
523 665
523 713
523 763
523 775
523 812
523 843
523 868
523 877
523 933
523 975
523 987
523 996
524 575
524 618
524 663
524 664
524 741
524 746
524 773
524 799
524 822
524 886
524 939
524 952
524 959
524 998
525 666
525 705
525 713
525 782
525 812
525 843
525 887
525 895
525 902
525 933
525 956
525 973
526 564
526 617
526 645
526 758
526 763
526 843
526 889
526 902
526 927
526 972
526 986
527 598
527 628
527 631
527 679
527 747
527 771
527 802
527 814
527 838
527 869
528 606
528 648
528 727
528 761
528 867
528 889
528 920
528 933
528 956
528 970
528 972
528 986
529 599
529 621
529 626
529 911
529 919
529 931
529 940
530 792
530 823
530 928
531 571
531 594
531 616
531 669
531 743
531 751
531 791
531 845
531 853
531 870
531 946
532 632
532 668
532 719
532 734
532 745
532 779
532 788
532 831
532 861
532 897
532 929
532 954
532 963
533 549
533 556
533 557
533 559
533 589
533 625
533 650
533 695
533 706
533 757
533 819
533 862
533 904
533 934
534 554
534 557
534 581
534 625
534 757
534 759
534 819
534 856
534 873
534 915
534 926
534 934
534 935
535 537
535 613
535 707
535 745
535 788
535 789
535 818
535 831
535 837
535 863
535 864
535 880
535 896
535 963
536 564
536 735
536 739
536 749
536 775
536 868
536 887
536 902
536 933
536 953
536 957
536 973
536 987
537 613
537 701
537 734
537 818
537 852
537 863
537 865
537 897
537 899
537 929
537 954
537 963
538 603
538 635
538 641
538 948
539 721
539 729
539 788
539 789
539 831
539 863
539 864
539 880
539 884
539 897
539 899
539 929
539 954
539 963
540 550
540 570
540 728
540 790
540 836
540 839
540 923
540 991
540 999
541 551
541 636
541 667
541 682
541 744
541 785
541 809
541 847
541 932
541 938
542 569
542 572
542 766
542 849
542 868
542 889
542 927
542 953
542 972
542 973
542 975
542 986
542 996
543 590
543 610
543 949
543 958
543 977
544 568
544 597
544 710
544 736
544 737
544 781
544 854
544 873
544 915
544 926
544 935
545 559
545 706
545 716
545 731
545 736
545 753
545 759
545 829
545 856
545 862
545 894
545 934
546 675
546 782
546 832
546 927
546 944
546 945
546 973
546 975
546 996
547 553
547 593
547 671
547 673
547 690
547 793
547 808
547 901
547 922
547 941
547 947
547 982
547 983
547 990
548 567
548 601
548 712
548 720
548 817
548 910
548 925
548 968
548 978
549 556
549 625
549 649
549 650
549 710
549 829
549 862
549 878
549 904
549 908
549 935
549 979
550 570
550 728
550 790
550 836
550 839
550 923
550 991
550 999
551 636
551 667
551 682
551 744
551 785
551 809
551 847
551 932
551 938
552 714
552 765
552 777
552 784
552 806
552 828
552 844
552 848
552 855
552 900
552 962
552 988
552 989
552 997
552 1000
553 690
553 697
553 738
553 752
553 793
553 842
553 901
553 903
553 922
553 941
553 947
553 982
553 983
553 990
554 581
554 597
554 677
554 716
554 736
554 781
554 835
554 908
554 915
554 935
555 565
555 637
555 742
555 776
555 815
556 589
556 607
556 657
556 731
556 736
556 757
556 781
556 826
556 854
556 873
556 934
556 935
557 559
557 568
557 731
557 854
557 856
557 894
557 908
557 915
557 926
557 934
557 935
558 691
558 735
558 761
558 775
558 832
558 867
558 877
558 920
558 956
558 981
558 987
558 996
559 597
559 607
559 650
559 657
559 736
559 753
559 862
559 878
559 908
559 915
559 926
559 934
560 674
560 711
560 800
560 824
560 827
560 872
560 891
560 898
560 916
560 918
561 566
561 639
561 754
561 830
561 833
561 860
561 881
561 924
561 960
561 964
561 965
561 969
561 976
561 992
561 995
562 571
562 605
562 608
562 687
562 718
562 724
562 748
562 751
562 783
562 813
562 946
562 955
563 573
563 680
563 703
563 722
563 795
563 876
563 879
563 912
564 686
564 735
564 874
564 920
564 927
564 933
564 942
564 945
564 953
564 973
565 637
565 742
565 776
565 815
566 604
566 646
566 754
566 860
566 924
566 960
566 965
566 969
566 974
566 976
566 992
566 995
567 601
567 712
567 720
567 817
567 910
567 925
567 968
567 978
568 625
568 657
568 736
568 835
568 856
568 878
568 926
568 979
569 648
569 705
569 727
569 735
569 749
569 849
569 867
569 942
569 953
569 975
569 986
569 987
570 728
570 790
570 836
570 839
570 923
570 991
570 999
571 627
571 676
571 696
571 743
571 767
571 791
571 890
571 930
571 946
571 980
572 609
572 617
572 699
572 761
572 766
572 812
572 874
572 889
572 933
572 945
572 973
572 975
572 986
572 996
573 680
573 703
573 722
573 795
573 876
573 879
573 912
574 579
574 681
574 726
574 821
574 834
574 882
574 893
575 640
575 663
575 664
575 708
575 741
575 746
575 764
575 773
575 799
575 822
575 886
575 939
575 952
575 959
575 998
576 580
576 584
576 613
576 658
576 717
576 721
576 734
576 745
576 788
576 818
576 861
576 865
576 880
576 896
576 899
577 598
577 622
577 631
577 771
577 802
577 838
577 869
577 892
578 608
578 642
578 676
578 687
578 732
578 748
578 755
578 803
578 804
578 805
578 890
578 921
578 937
578 943
578 955
579 681
579 726
579 821
579 834
579 882
579 893
580 632
580 693
580 734
580 745
580 788
580 789
580 837
580 861
580 864
580 865
580 897
580 929
580 954
581 607
581 695
581 829
581 835
581 857
581 894
581 904
581 908
581 934
581 935
582 605
582 616
582 642
582 661
582 732
582 783
582 845
582 907
583 604
583 646
583 830
583 833
583 846
583 860
583 960
583 964
583 969
583 974
583 976
583 992
583 995
584 717
584 734
584 831
584 837
584 852
584 861
584 896
584 897
584 899
584 929
584 954
585 645
585 686
585 758
585 887
585 889
585 895
585 920
585 927
585 933
585 945
585 951
585 953
585 957
585 987
586 594
586 638
586 644
586 696
586 732
586 743
586 767
586 786
586 805
586 885
586 907
586 930
587 629
587 666
587 727
587 832
587 867
587 887
587 895
587 920
587 933
587 953
587 975
587 987
587 993
587 996
588 625
588 695
588 710
588 716
588 750
588 781
588 826
588 926
588 935
589 649
589 650
589 695
589 716
589 737
589 750
589 835
589 854
589 856
589 862
589 878
589 915
589 935
589 979
590 610
590 949
590 958
590 977
591 611
591 638
591 643
591 644
591 651
591 687
591 715
591 930
591 937
591 967
592 616
592 638
592 659
592 687
592 751
592 796
592 853
592 875
592 921
592 946
592 961
592 967
593 673
593 690
593 733
593 752
593 797
593 842
593 901
593 903
593 941
593 947
593 982
593 983
593 990
594 642
594 687
594 709
594 783
594 791
594 803
594 853
594 875
595 698
595 780
595 798
595 936
595 984
596 600
596 713
596 727
596 739
596 812
596 887
596 933
596 942
596 970
596 972
596 973
596 996
597 736
597 737
597 750
597 757
597 770
597 781
597 819
597 854
597 857
597 894
597 904
597 934
597 935
598 622
598 631
598 679
598 688
598 814
598 869
598 892
599 621
599 626
599 911
599 919
599 931
599 940
600 665
600 675
600 705
600 739
600 782
600 812
600 874
600 889
600 902
600 942
600 945
600 972
600 981
600 986
600 993
601 712
601 720
601 817
601 910
601 925
601 968
601 978
602 618
602 640
602 664
602 708
602 741
602 746
602 764
602 773
602 799
602 822
602 886
602 939
602 952
602 959
602 998
603 635
603 641
603 948
604 639
604 646
604 830
604 860
604 871
604 881
604 960
604 964
604 965
604 969
604 974
604 976
604 992
604 995
605 616
605 627
605 659
605 660
605 669
605 743
605 748
605 804
605 813
605 853
605 961
606 609
606 675
606 678
606 683
606 705
606 758
606 782
606 867
606 902
606 933
606 973
606 975
606 993
607 625
607 706
607 716
607 873
607 934
607 935
607 979
608 611
608 644
608 715
608 748
608 769
608 796
608 804
608 805
608 885
608 943
608 946
609 648
609 653
609 686
609 749
609 763
609 832
609 867
609 868
609 895
609 927
609 956
609 970
609 973
609 986
609 996
610 949
610 958
610 977
611 660
611 676
611 724
611 748
611 767
611 774
611 791
611 943
611 980
613 670
613 717
613 719
613 729
613 788
613 863
613 880
613 884
613 897
613 929
613 963
614 686
614 713
614 749
614 843
614 849
614 914
614 927
614 942
614 945
614 956
614 957
614 975
615 619
615 624
615 634
615 883
615 909
615 950
616 644
616 659
616 660
616 715
616 796
616 870
616 890
616 907
616 943
617 665
617 735
617 739
617 775
617 832
617 843
617 914
617 920
617 944
617 957
617 981
617 996
618 640
618 663
618 664
618 741
618 746
618 799
618 822
618 886
618 939
618 952
618 959
618 998
619 624
619 634
619 883
619 909
619 950
620 639
620 646
620 754
620 833
620 846
620 860
620 871
620 881
620 960
620 964
620 965
620 969
620 974
620 976
620 992
620 995
621 626
621 911
621 919
621 931
621 940
622 628
622 688
622 771
622 892
623 652
623 654
623 655
623 672
623 689
623 760
623 801
623 810
623 811
623 825
623 850
624 634
624 883
624 909
624 950
625 649
625 677
625 716
625 753
625 781
625 854
625 894
625 904
625 915
625 926
626 911
626 919
626 931
626 940
627 643
627 748
627 787
627 803
627 813
627 853
627 885
627 907
627 921
627 930
627 937
627 961
627 967
627 980
628 631
628 679
628 688
628 730
628 814
628 838
628 869
628 892
629 648
629 739
629 763
629 812
629 895
629 944
629 956
629 981
630 656
630 692
630 725
630 816
631 679
631 771
631 802
631 814
631 838
631 869
631 892
632 668
632 717
632 740
632 779
632 851
632 852
632 863
632 864
632 865
632 880
632 884
632 896
632 899
632 963
633 700
633 830
633 833
633 846
633 860
633 881
633 924
633 960
633 964
633 965
633 969
633 974
633 976
633 992
633 995
634 883
634 909
634 950
635 641
635 948
636 667
636 682
636 744
636 785
636 809
636 847
636 932
636 938
637 742
637 776
637 815
638 743
638 751
638 767
638 805
638 820
638 845
638 967
639 830
639 860
639 871
639 924
639 960
639 964
639 965
639 969
639 974
639 976
639 995
640 663
640 741
640 746
640 764
640 773
640 799
640 822
640 886
640 939
640 952
640 959
640 998
641 948
642 651
642 755
642 774
642 783
642 786
642 791
642 803
642 870
642 890
642 907
642 937
642 946
642 980
643 696
643 709
643 732
643 751
643 794
643 796
643 890
643 907
643 937
643 955
644 659
644 743
644 769
644 787
644 796
644 804
644 813
644 875
644 907
644 930
644 946
644 961
645 683
645 843
645 877
645 942
645 945
645 956
645 970
645 973
645 981
645 986
645 996
646 700
646 754
646 830
646 833
646 871
646 960
646 964
646 969
646 974
646 992
646 995
647 671
647 673
647 723
647 733
647 762
647 793
647 797
647 808
647 901
647 903
647 922
647 941
647 982
647 983
647 990
648 653
648 675
648 686
648 782
648 843
648 877
648 970
648 975
648 987
649 677
649 716
649 759
649 835
649 856
649 857
649 862
649 873
649 878
649 894
649 935
649 979
650 657
650 677
650 695
650 753
650 770
650 826
650 856
650 857
650 878
650 904
650 934
651 660
651 676
651 696
651 709
651 743
651 820
651 870
651 885
651 890
651 955
651 967
652 654
652 655
652 672
652 689
652 760
652 801
652 810
652 811
652 825
652 850
653 678
653 739
653 812
653 895
653 914
653 920
653 951
653 956
653 957
653 981
653 987
653 993
653 996
654 655
654 672
654 689
654 760
654 801
654 810
654 811
654 825
654 850
655 672
655 689
655 760
655 801
655 810
655 811
655 825
655 850
656 692
656 725
656 816
657 710
657 737
657 753
657 757
657 770
657 854
657 856
657 857
657 873
657 908
657 926
657 979
658 668
658 701
658 717
658 740
658 778
658 779
658 788
658 837
658 851
658 852
658 863
658 865
658 896
658 954
659 661
659 676
659 724
659 743
659 755
659 772
659 885
659 937
659 943
659 980
660 669
660 803
660 921
660 930
660 943
660 961
660 967
661 743
661 786
661 805
661 845
661 890
661 943
661 955
661 967
662 756
662 840
662 858
662 985
662 994
663 708
663 741
663 746
663 764
663 773
663 822
663 886
663 939
663 952
663 959
663 998
664 708
664 741
664 746
664 764
664 773
664 799
664 822
664 886
664 939
664 952
664 959
664 998
665 686
665 758
665 877
665 887
665 895
665 944
665 945
665 972
665 986
665 993
665 996
666 691
666 727
666 749
666 766
666 775
666 843
666 895
666 914
666 920
666 927
666 951
666 953
666 981
666 996
667 682
667 744
667 785
667 809
667 847
667 932
667 938
668 707
668 717
668 719
668 721
668 734
668 740
668 745
668 789
668 831
668 861
668 864
668 865
668 929
668 954
668 963
669 715
669 748
669 772
669 845
669 885
669 907
669 937
669 961
669 967
670 693
670 701
670 707
670 788
670 818
670 831
670 851
670 864
670 865
670 880
670 897
670 929
670 954
671 673
671 723
671 762
671 793
671 797
671 808
671 901
671 903
671 922
671 941
671 947
671 982
672 689
672 760
672 801
672 810
672 811
672 825
672 850
673 697
673 723
673 752
673 793
673 808
673 901
673 922
673 941
673 947
673 982
673 983
673 990
674 711
674 800
674 824
674 827
674 872
674 891
674 898
674 916
674 918
675 686
675 739
675 749
675 761
675 874
675 951
675 981
675 986
675 993
676 724
676 755
676 774
676 783
676 796
676 853
676 890
676 980
677 753
677 757
677 819
677 826
677 873
677 915
677 926
678 705
678 739
678 749
678 758
678 761
678 868
678 902
678 914
678 942
678 951
678 957
678 970
678 993
678 996
679 730
679 747
679 802
679 814
679 838
679 869
680 703
680 722
680 795
680 876
680 879
680 912
681 726
681 821
681 834
681 882
681 893
682 744
682 785
682 809
682 847
682 932
682 938
683 849
683 867
683 887
683 895
683 927
683 933
683 944
683 951
683 953
683 973
683 993
684 713
684 735
684 758
684 775
684 812
684 832
684 877
684 889
684 895
684 944
684 945
684 953
684 957
684 972
684 986
685 917
686 691
686 705
686 902
686 933
686 945
686 957
687 751
687 755
687 786
687 787
687 794
687 796
687 804
687 870
687 885
687 967
688 730
688 771
688 802
688 838
688 869
689 760
689 801
689 810
689 811
689 825
689 850
690 723
690 733
690 738
690 752
690 762
690 793
690 808
690 842
690 901
690 922
690 947
690 982
690 983
690 990
691 735
691 775
691 782
691 812
691 832
691 874
691 887
691 933
691 944
691 945
691 970
691 973
691 975
692 725
692 816
693 717
693 721
693 729
693 778
693 789
693 818
693 831
693 837
693 864
693 884
693 896
693 954
693 963
694 888
695 757
695 826
695 857
695 862
695 894
695 915
695 926
695 934
695 935
695 979
696 732
696 748
696 751
696 755
696 769
696 774
696 930
696 937
696 967
697 723
697 733
697 738
697 762
697 797
697 808
697 842
697 901
697 922
697 941
697 947
697 982
697 983
697 990
698 780
698 798
698 936
698 984
699 705
699 758
699 761
699 775
699 874
699 942
699 945
699 956
699 970
699 975
699 987
700 754
700 830
700 846
700 860
700 871
700 881
700 924
700 960
700 964
700 965
700 969
700 974
700 992
700 995
701 717
701 719
701 779
701 789
701 837
701 863
701 864
701 865
701 897
701 899
701 929
701 954
702 768
702 841
702 859
702 866
702 905
703 722
703 795
703 876
703 879
703 912
704 906
704 966
705 735
705 775
705 782
705 849
705 887
705 920
705 951
705 956
705 957
705 987
705 993
706 710
706 750
706 757
706 759
706 770
706 781
706 826
706 856
706 857
706 878
706 908
706 935
707 717
707 721
707 788
707 818
707 837
707 851
707 852
707 861
707 864
707 929
707 954
707 963
708 741
708 764
708 773
708 799
708 822
708 886
708 939
708 952
708 959
708 998
709 715
709 724
709 751
709 767
709 772
709 794
709 845
709 907
709 930
709 946
709 980
710 759
710 819
710 826
710 829
710 854
710 926
710 979
711 800
711 824
711 827
711 872
711 891
711 898
711 916
711 918
712 720
712 817
712 910
712 925
712 968
712 978
713 749
713 832
713 849
713 887
713 902
713 927
713 953
713 956
713 986
713 987
713 993
714 765
714 777
714 784
714 806
714 828
714 844
714 848
714 855
714 900
714 962
714 988
714 989
714 997
714 1000
715 743
715 767
715 786
715 787
715 805
715 845
715 955
715 961
716 750
716 757
716 759
716 862
716 873
716 894
716 904
716 908
716 934
716 935
717 734
717 740
717 778
717 789
717 831
717 861
717 884
717 897
717 929
718 772
718 791
718 804
718 813
718 853
718 875
718 937
718 946
718 961
718 967
719 721
719 729
719 740
719 788
719 789
719 818
719 831
719 851
719 861
719 863
719 864
719 884
719 929
720 817
720 910
720 925
720 968
720 978
721 778
721 788
721 818
721 837
721 863
721 865
721 880
721 884
721 899
721 963
722 795
722 876
722 879
722 912
723 733
723 738
723 793
723 797
723 842
723 901
723 903
723 941
723 947
723 983
723 990
724 767
724 796
724 805
724 845
724 875
724 921
724 955
724 980
725 816
726 821
726 834
726 882
726 893
727 766
727 775
727 877
727 889
727 902
727 927
727 951
727 953
727 956
727 972
727 973
727 975
728 790
728 836
728 839
728 923
728 991
728 999
729 734
729 740
729 745
729 851
729 852
729 864
729 865
729 880
729 884
729 897
729 929
729 954
730 747
730 802
730 814
730 838
730 869
730 892
731 736
731 737
731 826
731 856
731 878
731 894
731 926
731 934
731 935
731 979
732 772
732 783
732 794
732 870
732 875
732 921
732 943
732 961
733 738
733 762
733 793
733 797
733 808
733 842
733 922
733 941
733 947
733 982
733 983
733 990
734 740
734 778
734 779
734 818
734 851
734 861
734 863
734 864
734 880
734 896
734 899
734 929
734 963
735 868
735 874
735 902
735 942
735 951
735 956
735 957
735 973
735 975
735 981
735 993
736 819
736 862
736 873
736 915
736 926
736 979
737 750
737 753
737 759
737 854
737 857
737 862
737 878
737 915
738 752
738 762
738 901
738 903
738 922
738 941
738 947
738 982
738 983
738 990
739 895
739 902
739 942
739 951
739 953
739 975
740 789
740 851
740 864
740 865
740 880
740 896
740 899
740 954
741 773
741 799
741 822
741 886
741 939
741 952
741 959
741 998
742 776
742 815
743 791
743 820
743 875
743 885
743 921
743 946
743 980
744 785
744 809
744 847
744 932
744 938
745 778
745 788
745 789
745 818
745 861
745 864
745 865
745 880
745 897
745 929
745 954
745 963
746 764
746 773
746 799
746 822
746 886
746 939
746 952
746 959
746 998
747 771
747 802
747 814
747 838
747 869
747 892
748 767
748 820
748 845
748 930
748 961
748 967
749 763
749 843
749 868
749 889
749 914
749 956
749 957
749 972
749 975
749 986
749 993
750 753
750 757
750 856
750 857
750 862
750 873
750 894
750 908
750 915
750 979
751 804
751 845
751 875
751 907
751 921
751 946
751 955
751 961
752 762
752 808
752 842
752 901
752 903
752 941
752 947
752 982
752 983
752 990
753 826
753 878
753 904
753 908
753 979
754 833
754 846
754 860
754 871
754 881
754 960
754 964
754 965
754 969
754 992
754 995
755 772
755 783
755 791
755 794
755 845
755 853
755 870
755 890
755 907
755 921
755 955
756 840
756 858
756 985
756 994
757 781
757 819
757 857
757 873
758 782
758 832
758 843
758 867
758 877
758 927
758 942
758 944
758 957
758 975
758 986
759 781
759 819
759 829
759 835
759 854
759 856
759 862
759 878
759 908
759 915
759 934
759 935
760 801
760 810
760 811
760 825
760 850
761 832
761 889
761 942
761 945
761 970
761 973
761 975
761 996
762 808
762 842
762 901
762 903
762 922
762 947
762 982
762 990
763 782
763 832
763 887
763 895
763 970
763 972
763 973
763 986
763 987
764 773
764 799
764 822
764 886
764 939
764 952
764 959
764 998
765 777
765 784
765 806
765 828
765 844
765 848
765 855
765 900
765 962
765 988
765 989
765 997
765 1000
766 832
766 874
766 895
766 944
766 970
766 986
766 987
766 993
767 769
767 783
767 787
767 820
767 853
767 885
767 921
767 943
767 955
768 841
768 859
768 866
768 905
769 772
769 787
769 890
769 907
770 819
770 826
770 873
770 878
770 904
770 915
770 979
771 802
771 814
771 838
771 869
771 892
772 786
772 804
772 845
772 853
772 875
772 921
772 943
772 946
772 955
772 980
773 799
773 822
773 886
773 939
773 952
773 959
773 998
774 786
774 794
774 796
774 803
774 805
774 813
774 845
774 853
774 875
774 885
774 937
774 943
774 955
774 980
775 867
775 874
775 902
775 914
775 957
775 975
775 996
776 815
777 784
777 806
777 828
777 844
777 848
777 855
777 900
777 962
777 988
777 989
777 997
777 1000
778 789
778 818
778 861
778 863
778 880
778 884
778 896
778 897
778 899
778 929
778 963
779 788
779 837
779 851
779 852
779 861
779 863
779 864
779 865
779 884
779 897
779 899
779 929
779 954
779 963
780 798
780 936
780 984
781 826
781 835
781 857
781 862
781 878
781 904
781 926
781 934
782 843
782 867
782 942
782 945
782 956
782 970
782 972
782 975
782 981
782 986
782 993
783 805
783 853
783 870
783 907
783 921
783 955
783 980
784 806
784 828
784 844
784 848
784 855
784 900
784 962
784 988
784 989
784 997
784 1000
785 809
785 847
785 932
785 938
786 787
786 813
786 845
786 875
786 885
786 937
786 943
786 955
786 980
787 870
787 885
787 907
787 930
788 789
788 831
788 837
788 851
788 865
788 896
788 954
788 963
789 837
789 852
789 861
789 863
789 897
789 899
789 954
790 836
790 839
790 923
790 991
790 999
791 794
791 820
791 845
791 853
791 875
791 885
791 930
791 961
791 980
792 823
792 928
793 797
793 842
793 903
793 922
793 947
793 982
793 983
793 990
794 813
794 845
794 875
794 930
794 937
794 943
794 967
794 980
795 876
795 879
795 912
796 813
796 870
796 921
796 937
796 967
797 808
797 901
797 903
797 941
797 947
797 982
797 983
797 990
798 936
798 984
799 822
799 886
799 939
799 952
799 959
799 998
800 824
800 827
800 872
800 891
800 898
800 916
800 918
801 810
801 811
801 825
801 850
802 814
802 838
802 892
803 805
803 813
803 875
803 930
803 940
803 946
804 813
804 870
804 955
804 961
805 930
805 937
805 961
806 828
806 844
806 848
806 855
806 900
806 962
806 988
806 989
806 997
806 1000
808 901
808 903
808 922
808 941
808 947
808 982
808 983
808 990
809 847
809 932
809 938
810 811
810 825
810 850
811 825
811 850
812 843
812 849
812 868
812 874
812 877
812 902
812 914
812 951
812 956
812 975
812 986
812 987
813 853
813 930
813 980
814 869
814 892
817 910
817 925
817 968
817 978
818 837
818 852
818 863
818 864
818 884
818 897
818 954
819 854
819 856
819 878
819 915
819 926
820 870
820 907
820 930
820 937
820 946
820 955
820 961
821 834
821 882
821 893
822 886
822 939
822 952
822 959
822 998
823 928
824 827
824 872
824 891
824 898
824 916
824 918
825 850
826 829
826 835
826 862
826 873
826 894
826 908
826 915
826 926
826 979
827 872
827 891
827 898
827 916
827 918
828 844
828 848
828 855
828 900
828 962
828 988
828 989
828 997
828 1000
829 873
829 878
829 894
829 904
829 908
829 926
829 934
829 979
830 833
830 846
830 860
830 871
830 881
830 924
830 960
830 964
830 969
830 992
830 995
831 852
831 861
831 865
831 954
831 963
832 877
832 942
832 945
832 951
832 972
832 973
832 975
832 981
833 846
833 860
833 871
833 924
833 964
833 965
833 969
833 974
833 976
833 995
834 882
834 893
835 854
835 856
835 857
835 878
835 904
835 908
835 926
835 979
836 839
836 923
836 991
836 999
837 851
837 852
837 861
837 863
837 880
837 963
838 892
839 923
839 991
839 999
840 858
840 985
840 994
841 859
841 866
841 905
842 903
842 922
842 941
842 947
842 982
842 983
842 990
843 877
843 887
843 902
843 945
843 951
843 970
843 975
843 996
844 848
844 855
844 900
844 962
844 988
844 989
844 997
844 1000
845 890
845 907
845 955
845 967
846 871
846 881
846 924
846 960
846 964
846 965
846 969
846 974
846 976
846 992
846 995
847 932
847 938
848 855
848 900
848 962
848 988
848 989
848 997
848 1000
849 874
849 877
849 889
849 895
849 902
849 953
849 956
849 973
849 986
849 987
849 993
849 996
851 852
851 861
851 863
851 864
851 865
851 880
851 884
851 896
851 899
851 929
851 954
852 863
852 864
852 865
852 880
852 884
852 929
852 963
853 875
853 890
853 907
853 921
853 955
853 967
854 856
854 857
854 894
854 904
854 908
854 926
854 934
854 935
855 900
855 962
855 988
855 989
855 997
855 1000
856 862
856 904
856 908
856 926
856 979
857 894
857 915
857 934
857 935
858 985
858 994
859 866
859 905
860 871
860 881
860 924
860 964
860 965
860 969
860 974
860 976
860 992
860 995
861 863
861 884
861 897
861 899
861 929
861 963
862 878
862 894
862 934
863 864
863 880
863 884
863 897
863 899
863 963
864 865
864 880
864 884
864 897
864 929
864 963
865 884
865 896
865 929
866 905
867 927
867 933
867 942
867 944
867 951
867 957
867 970
867 973
867 975
867 981
867 996
868 877
868 895
868 942
868 951
868 953
868 956
868 975
868 987
868 993
870 946
870 961
870 967
870 980
871 881
871 924
871 960
871 964
871 965
871 974
871 976
871 992
871 995
872 891
872 898
872 916
872 918
873 894
873 915
873 934
874 889
874 902
874 914
874 942
874 951
874 956
874 970
874 972
874 973
874 981
875 890
875 943
875 967
876 879
876 912
877 887
877 889
877 895
877 902
877 942
877 951
877 970
877 972
877 973
877 975
877 987
878 904
878 934
879 912
880 884
880 896
880 897
880 929
880 954
880 963
881 924
881 960
881 964
881 965
881 969
881 974
881 976
881 995
882 893
883 909
883 950
884 897
884 899
884 929
884 954
884 963
885 907
885 930
885 946
885 955
885 961
886 939
886 952
886 959
886 998
887 895
887 902
887 914
887 927
887 933
887 942
887 944
887 975
887 986
889 920
889 933
889 942
889 944
889 951
889 957
889 972
889 973
889 996
890 946
890 955
891 898
891 916
891 918
894 904
894 915
894 926
894 935
895 920
895 927
895 944
895 953
895 957
895 986
895 987
896 897
896 899
896 954
897 899
897 929
897 954
897 963
898 916
898 918
899 929
899 963
900 962
900 988
900 989
900 997
900 1000
901 903
901 922
901 941
901 947
901 982
901 983
901 990
902 927
902 951
902 957
902 970
902 972
902 973
902 975
902 996
903 922
903 941
903 947
903 982
903 983
903 990
904 908
904 926
904 934
904 935
906 966
907 961
907 967
907 980
908 926
908 935
908 979
909 950
910 925
910 968
910 978
911 919
911 931
911 940
913 971
914 920
914 945
914 951
914 970
914 972
914 973
914 986
914 996
915 935
915 979
916 918
919 931
919 940
920 945
920 951
920 953
920 956
920 970
920 972
920 981
920 986
920 987
921 930
921 937
921 943
921 961
922 941
922 947
922 982
922 983
922 990
923 991
923 999
924 960
924 964
924 965
924 969
924 974
924 976
924 992
924 995
925 968
925 978
926 979
927 933
927 951
927 953
927 970
927 972
927 973
927 993
929 963
930 943
930 955
930 961
930 967
931 940
932 938
933 944
933 945
933 956
933 972
933 981
934 935
934 979
935 979
936 984
937 943
937 946
937 961
939 952
939 959
939 998
941 947
941 982
941 983
941 990
942 944
942 953
942 957
942 970
942 972
942 973
943 946
943 967
944 945
944 951
944 953
944 956
944 973
944 981
944 986
944 987
944 993
944 996
945 951
945 970
945 975
945 981
945 986
945 996
946 961
947 982
947 983
947 990
949 958
949 977
951 970
951 973
951 975
951 981
951 986
951 987
951 996
952 959
952 998
953 956
953 957
953 972
953 987
953 993
955 961
956 972
956 975
956 981
956 987
956 996
957 972
957 975
957 986
958 977
959 998
960 964
960 965
960 969
960 976
960 992
960 995
961 967
961 980
962 988
962 989
962 997
962 1000
964 965
964 974
964 976
964 992
964 995
965 969
965 974
965 976
965 992
965 995
967 980
968 978
969 974
969 976
969 992
969 995
970 975
970 981
970 986
970 987
970 993
972 981
972 987
972 996
973 975
974 976
974 992
974 995
975 981
975 987
975 993
976 992
976 995
981 987
981 993
982 983
982 990
983 990
985 994
987 996
988 989
988 997
988 1000
989 997
989 1000
991 999
992 995
993 996
997 1000
