1 194
1 304
1 324
1 449
1 484
1 494
1 591
1 709
1 744
1 758
2 223
2 444
2 543
2 655
2 694
2 725
2 810
2 837
2 899
2 950
3 443
3 476
3 530
3 691
3 834
3 851
3 870
3 871
3 945
3 959
4 98
4 123
4 236
4 285
4 307
4 522
4 542
4 678
4 778
4 997
5 584
5 629
5 855
5 887
5 889
5 900
5 951
5 968
5 983
5 996
6 301
6 582
6 755
6 787
6 829
6 892
6 910
6 942
6 994
6 999
7 281
7 345
7 683
7 811
7 815
7 879
7 884
7 897
7 903
7 906
8 256
8 277
8 474
8 578
8 637
8 667
8 675
8 700
8 704
8 877
9 392
9 517
9 540
9 573
9 587
9 753
9 841
9 864
9 955
9 991
10 249
10 376
10 490
10 560
10 710
10 755
10 789
10 796
10 847
10 942
11 857
11 890
11 925
11 932
11 985
11 986
11 988
11 989
11 992
11 993
12 258
12 534
12 717
12 723
12 762
12 798
12 850
12 878
12 904
12 905
13 266
13 319
13 644
13 750
13 762
13 836
13 850
13 878
13 904
13 905
14 391
14 527
14 577
14 621
14 734
14 807
14 943
14 982
14 994
14 999
15 132
15 148
15 773
15 801
15 916
15 924
15 949
15 961
15 966
15 978
16 329
16 586
16 622
16 736
16 834
16 851
16 870
16 871
16 945
16 959
17 164
17 171
17 221
17 321
17 346
17 429
17 600
17 695
17 795
17 987
18 504
18 718
18 800
18 826
18 846
18 863
18 872
18 931
18 940
18 979
19 65
19 324
19 449
19 484
19 494
19 585
19 591
19 709
19 744
19 758
20 83
20 434
20 689
20 812
20 813
20 854
20 862
20 908
20 914
20 918
21 176
21 183
21 295
21 358
21 393
21 508
21 533
21 751
21 814
21 845
22 129
22 376
22 478
22 692
22 747
22 763
22 787
22 807
22 869
22 994
23 601
23 769
23 800
23 821
23 826
23 863
23 872
23 898
23 940
23 979
24 191
24 441
24 539
24 707
24 781
24 833
24 929
24 965
24 974
24 998
25 97
25 295
25 332
25 358
25 393
25 508
25 533
25 751
25 814
25 845
26 68
26 524
26 595
26 714
26 719
26 915
26 919
26 922
26 926
26 939
27 439
27 692
27 710
27 728
27 747
27 783
27 787
27 885
27 943
27 999
28 164
28 171
28 221
28 321
28 346
28 429
28 600
28 695
28 795
28 987
29 262
29 428
29 602
29 706
29 797
29 825
29 874
29 944
29 972
29 983
30 857
30 890
30 925
30 932
30 985
30 986
30 988
30 989
30 992
30 993
31 420
31 555
31 582
31 721
31 771
31 838
31 885
31 943
31 982
31 999
32 529
32 596
32 629
32 743
32 825
32 887
32 889
32 972
32 975
32 996
33 66
33 142
33 627
33 696
33 902
33 917
33 936
33 941
33 977
33 984
34 441
34 579
34 625
34 682
34 779
34 937
34 965
34 971
34 974
34 976
35 830
35 890
35 932
35 938
35 985
35 986
35 988
35 989
35 992
35 993
36 693
36 752
36 779
36 831
36 833
36 929
36 937
36 964
36 974
36 998
37 220
37 330
37 464
37 479
37 492
37 510
37 569
37 581
37 614
37 770
38 106
38 584
38 606
38 698
38 775
38 855
38 895
38 953
38 968
38 975
40 181
40 530
40 546
40 767
40 834
40 851
40 870
40 871
40 945
40 959
41 220
41 330
41 464
41 479
41 492
41 510
41 569
41 581
41 614
41 770
42 384
42 727
42 764
42 801
42 913
42 916
42 924
42 949
42 961
42 966
43 44
43 122
43 180
43 712
43 724
43 831
43 861
43 867
43 965
43 998
44 306
44 537
44 570
44 833
44 861
44 883
44 930
44 958
44 965
45 316
45 401
45 577
45 663
45 668
45 710
45 787
45 796
45 910
45 994
46 112
46 237
46 279
46 462
46 509
46 592
46 612
46 860
47 282
47 292
47 309
47 469
47 535
47 626
47 631
47 639
47 790
47 809
48 219
48 350
48 505
48 529
48 775
48 843
48 889
48 948
48 951
48 968
49 434
49 689
49 812
49 813
49 854
49 862
49 908
49 914
49 918
50 422
50 514
50 658
50 712
50 754
50 930
50 958
50 965
50 974
50 976
51 421
51 703
51 772
51 792
51 844
51 872
51 898
51 931
51 940
51 979
52 108
52 688
52 716
52 739
52 827
52 835
52 859
52 896
52 928
52 947
53 157
53 387
53 628
53 660
53 668
53 819
53 865
53 892
53 910
53 994
54 84
54 136
54 235
54 342
54 372
54 488
54 538
54 669
54 737
54 990
55 597
55 722
55 769
55 792
55 821
55 844
55 846
55 931
55 940
55 979
56 703
56 718
56 722
56 826
56 844
56 863
56 898
56 940
56 979
57 400
57 652
57 655
57 694
57 725
57 731
57 810
57 837
57 899
57 950
58 493
58 515
58 607
58 812
58 813
58 854
58 862
58 908
58 914
58 918
59 830
59 890
59 911
59 938
59 985
59 986
59 988
59 989
59 992
59 993
60 501
60 547
60 586
60 610
60 691
60 736
60 851
60 871
60 945
60 959
61 436
61 582
61 763
61 802
61 847
61 865
61 892
61 910
61 942
61 982
62 67
62 680
62 816
62 876
62 882
62 920
62 954
62 956
62 963
62 970
63 602
63 606
63 735
63 756
63 774
63 855
63 873
63 944
63 968
63 995
64 309
64 359
64 394
64 469
64 535
64 626
64 631
64 639
64 790
64 809
65 324
65 335
65 484
65 494
65 585
65 591
65 709
65 744
65 758
66 651
66 901
66 936
66 941
66 967
66 969
66 980
66 981
66 984
67 425
67 458
67 715
67 817
67 880
67 920
67 954
67 956
67 970
68 298
68 482
68 656
68 702
68 915
68 919
68 922
68 926
68 939
69 473
69 644
69 717
69 723
69 762
69 798
69 850
69 878
69 904
69 905
70 93
70 661
70 710
70 787
70 829
70 847
70 910
70 942
70 982
70 999
71 95
71 184
71 210
71 212
71 424
71 446
71 933
72 385
72 525
72 686
72 706
72 873
72 895
72 951
72 983
72 995
72 1000
73 362
73 444
73 563
73 652
73 653
73 725
73 810
73 837
73 899
73 950
74 383
74 523
74 615
74 801
74 913
74 916
74 924
74 961
74 966
74 978
75 400
75 653
75 655
75 694
75 725
75 731
75 810
75 837
75 899
75 950
76 580
76 658
76 682
76 780
76 867
76 883
76 909
76 937
76 971
76 998
77 724
77 752
77 754
77 833
77 929
77 958
77 964
77 974
77 976
77 998
78 230
78 412
78 501
78 620
78 622
78 834
78 851
78 870
78 945
78 959
79 286
79 382
79 548
79 801
79 806
79 913
79 949
79 961
79 966
79 978
80 911
80 925
80 932
80 938
80 985
80 986
80 988
80 989
80 992
80 993
81 251
81 262
81 350
81 505
81 665
81 699
81 843
81 948
81 975
81 995
82 343
82 396
82 405
82 750
82 762
82 836
82 850
82 878
82 904
82 905
83 515
83 689
83 812
83 813
83 854
83 862
83 908
83 914
83 918
84 136
84 235
84 342
84 372
84 488
84 538
84 669
84 737
84 990
85 480
85 702
85 714
85 719
85 915
85 919
85 922
85 926
85 939
85 1000
86 293
86 440
86 630
86 739
86 765
86 827
86 859
86 896
86 928
86 947
87 554
87 657
87 774
87 775
87 889
87 900
87 953
87 968
87 975
87 996
88 349
88 528
88 640
88 688
88 827
88 835
88 859
88 896
88 928
88 947
89 152
89 331
89 333
89 389
89 554
89 572
89 698
89 766
89 972
89 996
90 361
90 703
90 705
90 718
90 821
90 846
90 898
90 931
90 940
90 979
91 783
91 819
91 829
91 838
91 865
91 885
91 942
91 982
91 994
91 999
92 191
92 636
92 693
92 781
92 831
92 909
92 930
92 958
92 965
92 974
93 135
93 301
93 721
93 728
93 747
93 838
93 847
93 892
93 943
94 292
94 359
94 394
94 469
94 535
94 626
94 631
94 639
94 790
94 809
95 184
95 210
95 212
95 424
95 446
95 933
96 136
96 235
96 342
96 372
96 488
96 538
96 669
96 737
96 990
97 280
97 332
97 358
97 393
97 508
97 533
97 751
97 814
97 845
98 123
98 236
98 285
98 307
98 522
98 542
98 678
98 778
98 997
99 390
99 408
99 487
99 670
99 785
99 876
99 880
99 920
99 954
99 963
100 131
100 179
100 338
100 460
100 603
100 973
101 374
101 443
101 610
101 691
101 767
101 834
101 851
101 871
101 945
101 959
102 529
102 588
102 602
102 657
102 666
102 873
102 889
102 995
102 996
102 1000
103 256
103 277
103 474
103 578
103 637
103 667
103 675
103 700
103 704
103 877
104 511
104 742
104 828
104 902
104 917
104 936
104 969
104 977
104 981
104 984
105 523
105 687
105 727
105 764
105 842
105 913
105 924
105 961
105 966
105 978
106 389
106 455
106 646
106 726
106 735
106 756
106 797
106 855
106 944
107 178
107 520
107 640
107 716
107 765
107 827
107 835
107 859
107 896
107 928
107 947
108 520
108 640
108 716
108 739
108 827
108 835
108 859
108 896
108 928
108 947
109 563
109 652
109 653
109 655
109 694
109 725
109 731
109 810
109 837
109 899
109 950
110 149
110 378
110 387
110 638
110 643
110 734
110 747
110 807
110 819
110 847
110 869
111 391
111 401
111 410
111 643
111 692
111 721
111 755
111 819
111 892
111 994
111 999
112 237
112 279
112 462
112 509
112 592
112 612
112 860
113 209
113 513
113 524
113 702
113 714
113 719
113 915
113 919
113 922
113 926
113 939
114 433
114 666
114 743
114 843
114 873
114 895
114 900
114 944
114 975
114 995
114 996
115 459
115 664
115 780
115 781
115 833
115 929
115 937
115 958
115 971
115 974
115 976
116 268
116 434
116 493
116 558
116 812
116 813
116 854
116 862
116 908
116 914
116 918
117 472
117 782
117 786
117 793
117 815
117 866
117 884
117 893
117 897
117 903
117 906
118 427
118 583
118 677
118 732
118 782
118 786
118 879
118 884
118 893
118 897
118 903
119 247
119 423
119 481
119 506
119 551
119 575
119 659
119 804
119 839
119 923
121 162
121 640
121 688
121 739
121 765
121 827
121 835
121 859
121 896
121 928
121 947
122 746
122 822
122 833
122 929
122 930
122 937
122 958
122 974
122 976
122 998
123 236
123 285
123 307
123 522
123 542
123 678
123 778
123 997
124 560
124 663
124 734
124 760
124 771
124 783
124 819
124 847
124 865
124 910
124 943
125 229
125 452
125 921
126 294
126 493
126 607
126 689
126 812
126 813
126 854
126 862
126 908
126 914
126 918
127 363
127 672
127 785
127 880
127 882
127 912
127 954
127 956
127 963
127 970
128 418
128 517
128 540
128 573
128 587
128 753
128 841
128 864
128 955
128 991
129 161
129 609
129 668
129 755
129 763
129 838
129 892
129 982
129 994
129 999
130 281
130 583
130 681
130 730
130 786
130 815
130 866
130 879
130 884
130 897
130 906
131 179
131 338
131 460
131 603
131 973
132 289
132 364
132 383
132 773
132 806
132 913
132 916
132 961
132 966
132 978
133 152
133 471
133 485
133 706
133 794
133 849
133 873
133 968
133 972
133 995
133 1000
134 699
134 741
134 749
134 756
134 766
134 944
134 948
134 953
134 983
134 995
134 1000
135 316
135 436
135 527
135 609
135 628
135 638
135 760
135 819
135 910
135 994
136 235
136 342
136 372
136 488
136 538
136 669
136 737
136 990
137 214
137 615
137 671
137 687
137 806
137 842
137 916
137 924
137 961
137 966
137 978
138 312
138 409
138 562
138 649
138 757
138 761
138 818
138 894
138 935
138 962
139 239
139 284
139 594
139 666
139 726
139 843
139 873
139 889
139 944
139 968
139 972
140 337
140 416
140 548
140 801
140 842
140 913
140 924
140 949
140 961
140 966
140 978
141 608
141 711
141 772
141 800
141 826
141 863
141 872
141 898
141 931
141 940
141 979
142 437
142 742
142 917
142 927
142 941
142 960
142 969
142 980
142 981
142 984
143 201
143 337
143 647
143 727
143 842
143 913
143 916
143 949
143 961
143 966
143 978
144 361
144 597
144 676
144 684
144 711
144 826
144 863
144 872
144 931
144 940
144 979
145 286
145 336
145 605
145 687
145 801
145 806
145 842
145 916
145 924
145 966
145 978
146 856
146 881
146 890
146 932
146 938
146 985
146 986
146 988
146 989
146 992
146 993
147 329
147 530
147 546
147 610
147 767
147 834
147 851
147 870
147 871
147 945
147 959
148 605
148 687
148 773
148 801
148 842
148 913
148 961
148 966
148 978
149 378
149 439
149 660
149 760
149 789
149 802
149 838
149 847
149 885
149 892
150 344
150 396
150 549
150 750
150 762
150 798
150 836
150 850
150 878
150 904
150 905
151 217
151 313
151 754
151 831
151 883
151 909
151 965
151 971
151 974
151 976
151 998
152 341
152 594
152 596
152 699
152 855
152 873
152 951
152 972
152 996
153 848
153 911
153 925
153 932
153 938
153 985
153 986
153 988
153 989
153 992
153 993
154 187
154 414
154 534
154 644
154 717
154 798
154 836
154 850
154 878
154 904
154 905
155 316
155 388
155 478
155 755
155 763
155 819
155 847
155 942
155 982
155 994
155 999
156 504
156 597
156 599
156 769
156 776
156 792
156 800
156 863
156 931
156 940
156 979
157 172
157 388
157 410
157 618
157 760
157 787
157 789
157 885
157 892
157 943
158 304
158 324
158 348
158 449
158 484
158 494
158 585
158 591
158 709
158 744
158 758
159 313
159 352
159 539
159 636
159 658
159 707
159 867
159 930
159 964
159 965
159 998
160 326
160 543
160 653
160 694
160 725
160 731
160 810
160 837
160 899
160 950
161 172
161 582
161 643
161 747
161 787
161 802
161 829
161 865
161 942
161 994
162 564
162 640
162 688
162 739
162 827
162 835
162 859
162 896
162 928
162 947
163 302
163 707
163 746
163 754
163 779
163 822
163 861
163 958
163 971
163 976
163 998
164 171
164 221
164 321
164 346
164 429
164 600
164 695
164 795
164 987
165 550
165 633
165 784
166 461
166 656
166 685
166 702
166 714
166 719
166 915
166 919
166 922
166 926
166 939
167 256
167 277
167 474
167 578
167 637
167 667
167 675
167 700
167 704
167 877
168 299
168 564
168 630
168 716
168 765
168 827
168 835
168 859
168 896
168 928
168 947
169 224
169 312
169 409
169 562
169 649
169 757
169 761
169 818
169 894
169 935
169 962
170 483
170 583
170 786
170 793
170 803
170 866
170 879
170 893
170 897
170 903
170 906
171 221
171 321
171 346
171 429
171 600
171 695
171 795
171 987
172 628
172 734
172 747
172 755
172 865
172 885
172 982
172 994
172 999
173 294
173 558
173 607
173 689
173 812
173 813
173 854
173 862
173 908
173 914
173 918
174 247
174 248
174 423
174 481
174 506
174 551
174 575
174 659
174 804
174 839
174 923
175 202
175 340
175 595
175 656
175 685
175 719
175 915
175 919
175 922
175 926
175 939
176 280
176 295
176 332
176 358
176 393
176 508
176 533
176 751
176 814
176 845
177 397
177 453
177 697
177 749
177 873
177 874
177 887
177 900
177 975
177 995
177 1000
178 252
178 688
178 716
178 739
178 765
178 835
178 859
178 896
178 928
178 947
179 338
179 460
179 603
179 973
180 302
180 746
180 822
180 831
180 929
180 930
180 937
180 964
180 971
180 998
181 476
181 546
181 586
181 691
181 736
181 851
181 870
181 871
181 945
181 959
182 190
182 580
182 780
182 822
182 867
182 883
182 909
182 930
182 958
182 964
182 965
183 280
183 295
183 332
183 358
183 393
183 508
183 533
183 751
183 814
183 845
184 210
184 212
184 424
184 446
184 933
185 534
185 644
185 717
185 723
185 762
185 798
185 836
185 850
185 878
185 904
185 905
186 226
186 304
186 339
186 348
186 484
186 494
186 585
186 591
186 709
186 744
186 758
187 473
187 717
187 723
187 750
187 798
187 836
187 850
187 878
187 904
187 905
188 231
188 249
188 720
188 728
188 755
188 763
188 771
188 783
188 796
188 819
188 999
189 470
189 590
189 742
189 901
189 917
189 941
189 960
189 967
189 969
189 981
189 984
190 366
190 579
190 664
190 682
190 724
190 867
190 909
190 930
190 965
190 976
191 366
191 519
191 693
191 909
191 937
191 958
191 964
191 965
191 974
192 220
192 330
192 464
192 479
192 492
192 510
192 569
192 581
192 614
192 770
193 287
193 385
193 849
193 887
193 889
193 944
193 948
193 951
193 968
193 983
193 996
194 226
194 339
194 348
194 484
194 494
194 585
194 591
194 709
194 744
194 758
195 447
195 511
195 651
195 696
195 708
195 917
195 960
195 967
195 980
195 981
195 984
196 824
196 907
196 927
196 936
196 941
196 960
196 967
196 969
196 977
196 984
197 230
197 404
197 620
197 622
197 736
197 834
197 851
197 870
197 871
197 945
197 959
198 599
198 608
198 722
198 772
198 826
198 846
198 863
198 898
198 931
198 940
198 979
199 218
199 415
199 517
199 540
199 573
199 587
199 753
199 841
199 864
199 955
199 991
200 561
200 828
200 901
200 902
200 907
200 927
200 941
200 967
200 977
200 980
200 984
201 286
201 311
201 416
201 615
201 916
201 924
201 949
201 961
201 966
201 978
202 461
202 482
202 656
202 685
202 714
202 915
202 919
202 922
202 926
202 939
203 355
203 470
203 590
203 745
203 902
203 907
203 960
203 967
203 969
203 977
203 981
204 642
204 664
204 712
204 833
204 861
204 930
204 937
204 971
204 974
204 976
204 998
205 398
205 431
205 616
205 627
205 901
205 936
205 941
205 960
205 969
205 977
205 980
206 701
206 713
206 748
206 805
206 820
206 852
206 853
206 868
206 875
206 886
206 946
207 292
207 309
207 359
207 394
207 469
207 535
207 626
207 631
207 639
207 790
207 809
208 264
208 420
208 638
208 734
208 760
208 771
208 885
208 910
208 982
208 994
208 999
209 524
209 656
209 685
209 702
209 719
209 915
209 919
209 922
209 926
209 939
210 212
210 424
210 446
210 933
211 571
211 630
211 688
211 716
211 765
211 827
211 835
211 859
211 896
211 928
211 947
212 424
212 446
212 933
213 257
213 383
213 523
213 615
213 687
213 773
213 913
213 924
213 949
213 961
213 966
213 978
214 311
214 623
214 647
214 671
214 773
214 801
214 842
214 916
214 924
214 949
214 978
215 572
215 665
215 666
215 794
215 843
215 849
215 951
215 953
215 968
215 975
215 995
215 1000
216 856
216 881
216 911
216 925
216 932
216 938
216 985
216 986
216 988
216 989
216 992
216 993
217 366
217 503
217 570
217 682
217 707
217 822
217 909
217 929
217 958
217 974
217 976
218 392
218 415
218 418
218 540
218 573
218 587
218 753
218 841
218 864
218 955
218 991
219 489
219 567
219 594
219 617
219 843
219 873
219 944
219 953
219 968
219 975
219 983
220 330
220 464
220 479
220 492
220 510
220 569
220 581
220 614
220 770
221 321
221 346
221 429
221 600
221 695
221 795
221 987
222 260
222 415
222 418
222 517
222 540
222 573
222 587
222 753
222 841
222 864
222 955
222 991
223 244
223 543
223 563
223 652
223 653
223 694
223 725
223 810
223 837
223 899
223 950
224 248
224 312
224 409
224 562
224 649
224 757
224 761
224 818
224 894
224 935
224 962
225 334
225 713
225 738
225 748
225 805
225 820
225 852
225 853
225 868
225 875
225 886
225 946
226 339
226 348
226 449
226 484
226 494
226 585
226 591
226 709
226 744
226 758
227 857
227 881
227 890
227 925
227 932
227 938
227 985
227 986
227 988
227 989
227 992
227 993
228 386
228 543
228 563
228 652
228 653
228 655
228 694
228 731
228 810
228 837
228 899
228 950
229 452
229 921
230 476
230 691
230 736
230 767
230 834
230 851
230 870
230 871
230 945
230 959
231 243
231 391
231 555
231 577
231 728
231 796
231 802
231 807
231 838
231 869
231 885
232 498
232 619
232 738
232 759
232 805
232 820
232 852
232 853
232 868
232 875
232 886
232 946
233 240
233 514
233 559
233 682
233 693
233 867
233 937
233 964
233 965
233 971
233 974
233 998
234 357
234 565
234 677
234 679
234 681
234 793
234 815
234 879
234 884
234 893
234 897
234 906
235 342
235 372
235 488
235 538
235 669
235 737
235 990
236 285
236 307
236 522
236 542
236 678
236 778
236 997
237 279
237 462
237 509
237 592
237 612
237 860
238 454
238 574
238 662
238 680
238 785
238 876
238 880
238 882
238 891
238 954
238 963
238 970
239 270
239 567
239 617
239 666
239 697
239 794
239 873
239 900
239 975
239 995
239 1000
240 366
240 519
240 537
240 579
240 580
240 707
240 724
240 780
240 831
240 965
240 998
241 445
241 566
241 708
241 745
241 901
241 927
241 936
241 960
241 969
241 977
241 981
241 984
242 352
242 531
242 746
242 752
242 754
242 833
242 937
242 958
242 964
242 971
242 976
242 998
243 290
243 316
243 555
243 621
243 661
243 663
243 783
243 869
243 982
243 994
243 999
244 315
244 543
244 652
244 653
244 694
244 725
244 731
244 810
244 837
244 899
244 950
245 329
245 448
245 547
245 620
245 622
245 691
245 736
245 851
245 870
245 871
245 945
245 959
246 416
246 456
246 671
246 687
246 727
246 764
246 773
246 806
246 949
246 961
246 966
246 978
247 248
247 423
247 481
247 506
247 551
247 575
247 659
247 804
247 839
247 923
248 423
248 481
248 506
248 551
248 575
248 659
248 804
248 839
248 923
249 308
249 582
249 660
249 661
249 819
249 847
249 910
249 942
249 943
249 999
250 848
250 856
250 911
250 925
250 932
250 938
250 985
250 986
250 988
250 989
250 992
250 993
251 629
251 698
251 794
251 887
251 895
251 944
251 948
251 968
251 972
251 975
251 995
252 532
252 630
252 688
252 716
252 765
252 827
252 835
252 859
252 896
252 928
252 947
253 848
253 881
253 911
253 925
253 932
253 938
253 985
253 986
253 988
253 989
253 992
253 993
254 313
254 693
254 861
254 867
254 883
254 930
254 958
254 965
254 971
254 974
254 976
254 998
255 534
255 549
255 644
255 723
255 750
255 762
255 798
255 836
255 850
255 878
255 904
255 905
256 277
256 474
256 578
256 637
256 667
256 675
256 700
256 704
256 877
257 384
257 416
257 491
257 548
257 623
257 687
257 764
257 949
257 961
257 966
257 978
258 343
258 473
258 549
258 750
258 762
258 798
258 836
258 850
258 878
258 904
258 905
259 373
259 450
259 708
259 828
259 917
259 927
259 936
259 960
259 977
259 980
259 981
259 984
260 392
260 418
260 517
260 540
260 573
260 587
260 753
260 841
260 864
260 955
260 991
261 701
261 748
261 759
261 805
261 820
261 852
261 853
261 868
261 875
261 886
261 946
262 283
262 463
262 505
262 521
262 529
262 968
262 975
262 983
262 996
262 1000
263 290
263 436
263 439
263 720
263 747
263 760
263 802
263 838
263 847
263 942
263 994
263 999
264 527
264 618
264 663
264 721
264 747
264 771
264 796
264 802
264 885
264 943
264 999
265 300
265 430
265 480
265 513
265 595
265 714
265 719
265 915
265 919
265 922
265 926
265 939
266 473
266 549
266 644
266 717
266 723
266 750
266 836
266 850
266 878
266 904
266 905
267 411
267 701
267 713
267 759
267 805
267 820
267 852
267 853
267 868
267 875
267 886
267 946
268 323
268 493
268 515
268 558
268 812
268 813
268 854
268 862
268 908
268 914
268 918
269 432
269 487
269 574
269 662
269 816
269 832
269 882
269 920
269 954
269 956
269 963
269 970
270 606
270 698
270 749
270 774
270 797
270 825
270 887
270 948
270 953
270 975
270 996
271 480
271 513
271 524
271 595
271 685
271 702
271 719
271 915
271 919
271 922
271 926
271 939
272 344
272 473
272 534
272 549
272 723
272 750
272 762
272 836
272 850
272 878
272 904
272 905
273 341
273 699
273 743
273 794
273 825
273 843
273 887
273 900
273 951
273 972
273 996
273 1000
274 848
274 856
274 911
274 925
274 932
274 938
274 985
274 986
274 988
274 989
274 992
274 993
275 557
275 696
275 824
275 907
275 917
275 927
275 941
275 960
275 967
275 969
275 977
275 980
276 470
276 511
276 690
276 696
276 824
276 828
276 927
276 936
276 967
276 977
276 980
276 984
277 474
277 578
277 637
277 667
277 675
277 700
277 704
277 877
278 294
278 493
278 558
278 607
278 689
278 812
278 813
278 854
278 862
278 908
278 914
278 918
279 462
279 509
279 592
279 612
279 860
280 295
280 332
280 358
280 393
280 508
280 533
280 751
280 814
280 845
281 345
281 472
281 496
281 502
281 583
281 803
281 866
281 884
281 903
281 906
282 292
282 309
282 359
282 394
282 469
282 535
282 626
282 631
282 639
282 790
282 809
283 341
283 525
283 646
283 686
283 756
283 855
283 887
283 944
283 951
283 953
283 983
283 995
284 505
284 529
284 572
284 629
284 645
284 749
284 794
284 887
284 948
284 968
284 972
284 996
285 307
285 522
285 542
285 678
285 778
285 997
286 336
286 413
286 623
286 671
286 727
286 764
286 924
286 949
286 961
286 978
287 463
287 525
287 588
287 602
287 624
287 726
287 735
287 756
287 794
287 889
287 895
287 953
288 467
288 650
288 673
288 674
288 957
289 364
289 544
289 548
289 623
289 647
289 671
289 764
289 773
289 924
289 949
289 961
289 966
290 301
290 661
290 663
290 668
290 755
290 760
290 789
290 838
290 942
290 943
290 999
291 300
291 513
291 595
291 656
291 685
291 702
291 714
291 719
291 915
291 919
291 922
291 926
291 939
292 359
292 394
292 469
292 535
292 626
292 631
292 639
292 790
292 809
293 299
293 349
293 520
293 532
293 564
293 630
293 716
293 827
293 859
293 896
293 928
293 947
294 493
294 558
294 689
294 812
294 813
294 854
294 862
294 908
294 914
294 918
295 332
295 358
295 393
295 508
295 533
295 751
295 814
295 845
296 301
296 401
296 621
296 661
296 747
296 771
296 802
296 865
296 892
296 942
296 943
296 994
296 999
297 323
297 406
297 515
297 558
297 607
297 689
297 812
297 813
297 854
297 862
297 908
297 914
297 918
298 430
298 480
298 482
298 524
298 656
298 714
298 719
298 915
298 919
298 922
298 926
298 939
299 320
299 520
299 528
299 630
299 688
299 716
299 827
299 859
299 896
299 928
299 947
300 340
300 595
300 656
300 685
300 702
300 714
300 915
300 919
300 922
300 926
300 939
301 376
301 577
301 692
301 710
301 760
301 796
301 838
301 847
301 999
302 682
302 693
302 781
302 861
302 929
302 937
302 958
302 964
302 971
302 974
302 998
303 471
303 596
303 602
303 617
303 743
303 766
303 874
303 887
303 948
303 972
303 995
303 996
303 1000
304 335
304 339
304 348
304 484
304 585
304 591
304 709
304 744
304 758
305 441
305 658
305 746
305 780
305 781
305 831
305 833
305 930
305 958
305 964
305 965
305 974
305 976
306 422
306 625
306 754
306 781
306 822
306 831
306 883
306 909
306 930
306 958
306 971
306 974
307 522
307 542
307 678
307 778
307 997
308 582
308 609
308 628
308 660
308 692
308 802
308 838
308 885
308 943
308 982
308 994
308 999
309 359
309 394
309 469
309 535
309 626
309 631
309 639
309 790
309 809
310 355
310 561
310 696
310 824
310 901
310 902
310 927
310 936
310 941
310 967
310 980
310 981
310 984
311 384
311 605
311 727
311 764
311 842
311 913
311 916
311 949
311 961
311 966
311 978
312 409
312 562
312 649
312 757
312 761
312 818
312 894
312 935
312 962
313 559
313 664
313 781
313 867
313 883
313 930
313 937
313 965
313 971
313 974
314 599
314 611
314 676
314 705
314 711
314 776
314 800
314 844
314 872
314 898
314 931
314 940
314 979
315 326
315 400
315 444
315 653
315 655
315 694
315 725
315 731
315 810
315 837
315 899
315 950
316 378
316 609
316 663
316 796
316 807
316 885
316 910
316 982
316 994
317 431
317 437
317 561
317 568
317 901
317 902
317 936
317 941
317 960
317 967
317 969
317 977
317 981
318 425
318 426
318 536
318 662
318 785
318 816
318 832
318 876
318 880
318 912
318 920
318 954
318 963
319 344
319 405
319 414
319 534
319 717
319 762
319 798
319 836
319 850
319 878
319 904
319 905
320 440
320 520
320 528
320 571
320 688
320 739
320 765
320 835
320 859
320 896
320 928
320 947
321 346
321 429
321 600
321 695
321 795
321 987
322 590
322 696
322 745
322 901
322 902
322 907
322 927
322 941
322 960
322 967
322 980
322 981
322 984
323 406
323 558
323 607
323 689
323 812
323 813
323 854
323 862
323 908
323 914
323 918
324 335
324 339
324 449
324 494
324 585
324 591
324 709
324 744
324 758
325 426
325 454
325 635
325 670
325 817
325 882
325 891
325 912
325 920
325 954
325 956
325 963
325 970
326 543
326 563
326 652
326 653
326 655
326 725
326 731
326 810
326 837
326 899
326 950
327 715
327 785
327 816
327 832
327 876
327 880
327 882
327 891
327 920
327 954
327 956
327 963
327 970
328 442
328 597
328 601
328 676
328 718
328 722
328 792
328 821
328 826
328 844
328 872
328 940
328 979
329 530
329 586
329 736
329 767
329 834
329 851
329 870
329 871
329 945
329 959
330 464
330 479
330 492
330 510
330 569
330 581
330 614
330 770
331 455
331 463
331 471
331 584
331 665
331 766
331 843
331 895
331 951
331 968
331 995
331 996
332 358
332 393
332 508
332 533
332 751
332 814
332 845
333 567
333 624
333 686
333 698
333 735
333 741
333 749
333 775
333 873
333 948
333 951
333 975
334 619
334 738
334 748
334 759
334 805
334 820
334 852
334 853
334 868
334 875
334 886
334 946
335 339
335 348
335 449
335 484
335 494
335 585
335 591
335 709
335 744
335 758
336 615
336 671
336 764
336 773
336 842
336 913
336 916
336 924
336 949
336 966
336 978
337 383
337 413
337 544
337 605
337 615
337 842
337 913
337 949
337 961
337 966
337 978
338 460
338 603
338 973
339 348
339 449
339 585
339 591
339 709
339 744
339 758
340 461
340 482
340 513
340 595
340 702
340 714
340 915
340 919
340 922
340 926
340 939
341 397
341 463
341 485
341 584
341 741
341 825
341 895
341 948
341 972
341 996
342 372
342 488
342 538
342 669
342 737
342 990
343 396
343 644
343 723
343 750
343 762
343 798
343 836
343 850
343 878
343 904
343 905
344 473
344 644
344 723
344 750
344 798
344 836
344 850
344 878
344 904
344 905
345 502
345 541
345 604
345 677
345 679
345 730
345 793
345 803
345 893
345 897
345 906
346 429
346 600
346 695
346 795
346 987
347 417
347 604
347 681
347 683
347 782
347 803
347 811
347 879
347 884
347 893
347 897
347 903
347 906
348 449
348 585
348 591
348 709
348 744
348 758
349 520
349 528
349 532
349 630
349 739
349 827
349 835
349 859
349 896
349 928
349 947
350 686
350 697
350 698
350 794
350 843
350 874
350 948
350 968
350 972
350 983
350 995
351 395
351 713
351 738
351 748
351 759
351 805
351 820
351 852
351 853
351 868
351 875
351 886
351 946
352 754
352 780
352 822
352 861
352 867
352 909
352 929
352 930
352 964
352 971
352 976
353 856
353 857
353 881
353 911
353 925
353 932
353 938
353 985
353 986
353 988
353 989
353 992
353 993
354 856
354 881
354 890
354 911
354 925
354 932
354 938
354 985
354 986
354 988
354 989
354 992
354 993
355 568
355 901
355 902
355 907
355 917
355 927
355 936
355 967
355 977
355 981
355 984
356 361
356 499
356 601
356 711
356 776
356 821
356 826
356 844
356 846
356 872
356 898
356 931
356 940
356 979
357 472
357 483
357 604
357 683
357 730
357 782
357 803
357 811
357 866
357 879
357 884
357 897
357 903
358 393
358 508
358 533
358 751
358 814
358 845
359 394
359 469
359 535
359 626
359 631
359 639
359 790
359 809
361 504
361 608
361 703
361 705
361 826
361 844
361 863
361 872
361 898
361 940
361 979
362 386
362 444
362 543
362 652
362 653
362 655
362 694
362 725
362 731
362 810
362 837
362 899
362 950
363 545
363 576
363 634
363 670
363 817
363 832
363 891
363 912
363 920
363 954
363 956
363 963
363 970
364 384
364 523
364 687
364 764
364 773
364 801
364 842
364 916
364 924
364 949
364 966
364 978
365 560
365 618
365 643
365 660
365 728
365 734
365 787
365 796
365 829
365 838
365 869
365 885
365 892
365 942
366 422
366 537
366 539
366 570
366 579
366 781
366 867
366 964
366 965
366 976
367 435
367 475
367 713
367 738
367 748
367 759
367 805
367 820
367 852
367 853
367 868
367 875
367 886
367 946
370 447
370 627
370 651
370 696
370 901
370 902
370 917
370 927
370 936
370 960
370 967
370 969
370 980
370 984
371 830
371 848
371 857
371 881
371 890
371 911
371 925
371 938
371 985
371 986
371 988
371 989
371 992
371 993
372 488
372 538
372 669
372 737
372 990
373 568
373 589
373 824
373 917
373 936
373 941
373 960
373 967
373 969
373 977
373 980
373 981
373 984
374 404
374 412
374 501
374 586
374 610
374 620
374 767
374 834
374 851
374 870
374 871
374 945
374 959
375 465
375 541
375 604
375 677
375 730
375 782
375 786
375 793
375 803
375 884
375 893
375 897
375 903
375 906
376 490
376 643
376 771
376 787
376 802
376 869
376 885
376 910
376 943
376 994
376 999
378 401
378 410
378 618
378 643
378 755
378 789
378 807
378 865
378 892
378 982
378 994
379 483
379 541
379 565
379 604
379 782
379 786
379 793
379 803
379 811
379 815
379 866
379 893
379 897
379 903
380 599
380 601
380 676
380 684
380 722
380 776
380 800
380 821
380 826
380 844
380 872
380 898
380 931
380 979
382 413
382 523
382 544
382 623
382 647
382 671
382 806
382 913
382 916
382 949
382 961
382 966
382 978
383 384
383 491
383 647
383 727
383 916
383 924
383 949
383 961
383 966
383 978
384 413
384 647
384 801
384 806
384 913
384 916
384 949
384 961
384 978
385 455
385 596
385 624
385 629
385 645
385 706
385 726
385 735
385 843
385 948
385 953
385 996
386 444
386 563
386 652
386 653
386 655
386 694
386 725
386 731
386 810
386 837
386 899
386 950
387 391
387 478
387 643
387 668
387 692
387 819
387 829
387 869
387 892
387 910
387 994
387 999
388 420
388 663
388 747
388 760
388 771
388 802
388 829
388 847
388 865
388 885
388 982
388 999
389 463
389 666
389 697
389 756
389 843
389 849
389 895
389 972
389 983
389 995
389 996
389 1000
390 454
390 526
390 574
390 715
390 785
390 876
390 882
390 891
390 912
390 954
390 956
390 963
390 970
391 527
391 555
391 643
391 721
391 755
391 760
391 783
391 787
391 869
391 943
392 415
392 418
392 517
392 540
392 573
392 587
392 753
392 841
392 864
392 955
392 991
393 508
393 533
393 751
393 814
393 845
394 469
394 535
394 626
394 631
394 639
394 790
394 809
395 701
395 713
395 738
395 748
395 759
395 805
395 820
395 852
395 853
395 868
395 875
395 886
395 946
396 405
396 549
396 717
396 750
396 762
396 798
396 836
396 850
396 878
396 904
396 905
397 606
397 645
397 794
397 825
397 873
397 887
397 900
397 948
397 951
397 983
397 996
397 1000
398 419
398 589
398 627
398 696
398 907
398 917
398 927
398 936
398 960
398 969
398 980
398 981
398 984
399 472
399 495
399 583
399 613
399 677
399 683
399 732
399 786
399 793
399 811
399 815
399 879
399 884
399 903
400 543
400 563
400 652
400 653
400 655
400 694
400 731
400 810
400 837
400 899
400 950
401 410
401 478
401 527
401 555
401 621
401 668
401 710
401 796
401 892
401 994
402 848
402 857
402 881
402 890
402 911
402 925
402 932
402 938
402 985
402 986
402 988
402 989
402 992
402 993
403 426
403 574
403 634
403 680
403 832
403 876
403 880
403 882
403 912
403 920
403 954
403 956
403 963
403 970
404 546
404 610
404 620
404 622
404 736
404 767
404 834
404 851
404 870
404 871
404 945
404 959
405 414
405 549
405 717
405 723
405 750
405 798
405 836
405 850
405 878
405 904
405 905
406 434
406 515
406 558
406 607
406 689
406 812
406 813
406 854
406 862
406 908
406 914
406 918
408 536
408 574
408 634
408 670
408 672
408 680
408 832
408 882
408 912
408 954
408 956
408 963
408 970
409 562
409 649
409 757
409 761
409 818
409 894
409 935
409 962
410 420
410 638
410 660
410 710
410 721
410 783
410 789
410 869
410 885
410 943
411 518
411 701
411 713
411 738
411 759
411 805
411 820
411 852
411 853
411 868
411 875
411 886
411 946
412 501
412 530
412 547
412 610
412 620
412 691
412 736
412 834
412 870
412 871
412 945
412 959
413 548
413 615
413 623
413 773
413 801
413 913
413 916
413 949
413 966
413 978
414 534
414 644
414 717
414 723
414 750
414 798
414 836
414 850
414 878
414 904
414 905
415 418
415 517
415 540
415 573
415 587
415 753
415 841
415 864
415 955
415 991
416 456
416 605
416 623
416 727
416 764
416 801
416 806
416 924
416 949
416 961
416 978
417 465
417 613
417 730
417 732
417 793
417 803
417 811
417 815
417 866
417 879
417 893
417 897
417 903
417 906
418 517
418 540
418 573
418 587
418 753
418 841
418 864
418 955
418 991
419 437
419 511
419 512
419 557
419 742
419 907
419 927
419 936
419 967
419 969
419 977
419 980
419 981
419 984
420 527
420 577
420 763
420 787
420 807
420 910
420 942
420 943
420 982
420 994
420 999
421 442
421 597
421 601
421 684
421 772
421 776
421 792
421 821
421 846
421 872
421 898
421 931
421 940
421 979
422 514
422 531
422 559
422 570
422 636
422 746
422 779
422 883
422 929
422 930
422 964
422 965
423 481
423 506
423 551
423 575
423 659
423 804
423 839
423 923
424 446
424 933
425 466
425 536
425 574
425 662
425 715
425 816
425 832
425 891
425 912
425 920
425 954
425 956
425 963
426 635
426 648
426 662
426 672
426 816
426 880
426 882
426 912
426 954
426 956
426 963
426 970
427 583
427 613
427 677
427 679
427 683
427 732
427 782
427 815
427 879
427 884
427 893
427 897
427 903
427 906
428 477
428 554
428 584
428 596
428 606
428 726
428 775
428 889
428 895
428 944
428 948
428 951
428 983
428 996
429 600
429 695
429 795
429 987
430 461
430 482
430 513
430 524
430 656
430 685
430 702
430 714
430 915
430 919
430 922
430 926
430 939
431 561
431 690
431 696
431 708
431 902
431 927
431 936
431 967
431 969
431 977
431 980
431 981
431 984
432 466
432 536
432 634
432 670
432 672
432 816
432 832
432 876
432 880
432 891
432 920
432 956
432 963
432 970
433 525
433 726
433 749
433 887
433 889
433 895
433 900
433 948
433 951
433 953
433 968
433 983
433 995
433 1000
434 493
434 515
434 607
434 689
434 812
434 813
434 854
434 862
434 908
434 914
434 918
435 498
435 619
435 701
435 738
435 748
435 759
435 805
435 820
435 852
435 853
435 868
435 875
435 886
435 946
436 577
436 618
436 668
436 728
436 760
436 796
436 847
436 910
436 942
436 943
436 982
436 994
437 511
437 566
437 917
437 927
437 936
437 941
437 960
437 967
437 969
437 977
437 980
437 981
438 584
438 602
438 624
438 629
438 646
438 665
438 686
438 825
438 874
438 887
438 889
438 951
438 953
438 968
438 1000
439 638
439 668
439 728
439 802
439 847
439 865
439 885
439 892
439 910
439 942
439 982
439 999
440 571
440 630
440 640
440 688
440 716
440 739
440 765
440 827
440 835
440 859
440 896
440 928
440 947
441 559
441 658
441 712
441 746
441 822
441 831
441 867
441 883
441 929
441 937
441 958
441 971
442 601
442 772
442 776
442 792
442 800
442 821
442 826
442 844
442 863
442 898
442 931
442 940
442 979
443 448
443 476
443 547
443 610
443 622
443 691
443 767
443 834
443 851
443 870
443 871
443 945
443 959
444 543
444 563
444 652
444 653
444 655
444 731
444 810
444 837
444 899
444 950
445 447
445 742
445 745
445 824
445 828
445 902
445 907
445 917
445 927
445 960
445 967
445 969
445 981
445 984
446 933
447 651
447 690
447 708
447 742
447 745
447 828
447 902
447 927
447 941
447 977
447 980
447 981
448 530
448 586
448 610
448 622
448 691
448 736
448 767
448 834
448 851
448 870
448 871
448 945
448 959
449 484
449 494
449 585
449 591
449 709
449 744
449 758
450 589
450 742
450 824
450 828
450 902
450 927
450 936
450 941
450 960
450 969
450 977
450 980
450 981
450 984
452 921
453 567
453 572
453 617
453 706
453 726
453 741
453 849
453 873
453 889
453 948
453 972
453 975
453 995
453 996
454 497
454 536
454 634
454 670
454 680
454 817
454 880
454 891
454 920
454 954
454 956
454 970
455 606
455 646
455 657
455 665
455 686
455 756
455 874
455 889
455 944
455 951
455 972
455 995
456 544
456 615
456 647
456 773
456 801
456 806
456 913
456 916
456 924
456 949
456 961
456 966
456 978
458 466
458 526
458 576
458 648
458 715
458 817
458 832
458 882
458 912
458 920
458 954
458 956
458 963
458 970
459 537
459 682
459 779
459 831
459 861
459 867
459 883
459 930
459 937
459 958
459 964
459 971
459 976
459 998
460 603
460 973
461 480
461 524
461 656
461 685
461 714
461 719
461 915
461 919
461 922
461 926
461 939
462 509
462 592
462 612
462 860
463 584
463 617
463 706
463 726
463 889
463 951
463 968
463 975
463 996
463 1000
464 479
464 492
464 510
464 569
464 581
464 614
464 770
465 483
465 495
465 541
465 565
465 583
465 679
465 782
465 786
465 793
465 866
465 879
465 884
465 903
466 487
466 497
466 526
466 576
466 715
466 785
466 816
466 882
466 920
466 954
466 963
466 970
467 650
467 673
467 674
467 957
469 535
469 626
469 631
469 639
469 790
469 809
470 690
470 696
470 745
470 824
470 901
470 902
470 917
470 941
470 967
470 977
470 980
470 981
471 477
471 588
471 686
471 735
471 741
471 775
471 874
471 887
471 900
471 944
471 948
471 972
471 983
472 502
472 541
472 681
472 730
472 732
472 786
472 793
472 866
472 893
472 897
472 903
472 906
473 717
473 723
473 750
473 762
473 798
473 836
473 850
473 878
473 904
473 905
474 578
474 637
474 667
474 675
474 700
474 704
474 877
475 518
475 619
475 701
475 713
475 738
475 748
475 759
475 805
475 820
475 852
475 853
475 868
475 875
475 886
475 946
476 546
476 547
476 586
476 620
476 622
476 691
476 736
476 767
476 870
476 871
476 945
476 959
477 529
477 572
477 665
477 735
477 743
477 797
477 849
477 889
477 895
477 944
477 948
477 953
477 975
477 1000
478 577
478 663
478 668
478 721
478 728
478 783
478 819
478 829
478 847
478 910
478 982
478 994
479 492
479 510
479 569
479 581
479 614
479 770
480 513
480 524
480 656
480 685
480 702
480 714
480 915
480 919
480 922
480 926
480 939
481 506
481 551
481 575
481 659
481 804
481 839
481 923
482 513
482 595
482 685
482 714
482 719
482 915
482 919
482 922
482 926
482 939
483 677
483 679
483 681
483 730
483 732
483 793
483 803
483 811
483 866
483 879
483 893
483 903
484 494
484 585
484 591
484 709
484 744
484 758
485 529
485 588
485 606
485 624
485 665
485 666
485 706
485 726
485 775
485 887
485 895
485 953
485 983
485 996
486 830
486 848
486 856
486 857
486 881
486 890
486 911
486 925
486 932
486 938
486 985
486 986
486 988
486 989
486 992
486 993
487 634
487 672
487 785
487 817
487 876
487 880
487 882
487 891
487 912
487 920
487 954
487 956
487 970
488 538
488 669
488 737
488 990
489 588
489 629
489 686
489 706
489 741
489 749
489 756
489 774
489 775
489 873
489 895
489 948
489 951
489 995
489 1000
490 555
490 638
490 668
490 720
490 721
490 728
490 747
490 763
490 789
490 802
490 819
490 885
490 942
490 943
491 523
491 548
491 605
491 615
491 687
491 773
491 806
491 842
491 916
491 924
491 949
491 961
491 966
491 978
492 510
492 569
492 581
492 614
492 767
492 770
493 607
493 689
493 812
493 813
493 854
493 862
493 908
493 914
493 918
494 585
494 591
494 709
494 744
494 758
495 541
495 583
495 613
495 679
495 730
495 732
495 803
495 811
495 815
495 879
495 884
495 893
495 903
495 906
496 604
496 613
496 677
496 681
496 683
496 782
496 803
496 811
496 815
496 879
496 884
496 893
496 897
496 903
496 906
497 635
497 670
497 680
497 816
497 876
497 880
497 882
497 891
497 912
497 920
497 954
497 956
497 963
497 970
498 619
498 701
498 713
498 738
498 748
498 759
498 805
498 820
498 852
498 853
498 868
498 875
498 886
498 946
499 597
499 611
499 676
499 711
499 718
499 769
499 772
499 776
499 800
499 821
499 846
499 863
499 931
499 940
499 979
501 547
501 620
501 622
501 691
501 736
501 767
501 834
501 851
501 870
501 871
501 945
501 959
502 679
502 730
502 732
502 782
502 786
502 803
502 815
502 866
502 879
502 884
502 893
502 903
502 906
503 559
503 625
503 636
503 664
503 707
503 752
503 861
503 883
503 909
503 930
503 964
503 971
503 974
503 976
503 998
504 597
504 676
504 684
504 705
504 776
504 844
504 846
504 863
504 872
504 898
504 931
504 940
504 979
505 567
505 596
505 665
505 706
505 735
505 756
505 797
505 855
505 873
505 874
505 900
505 1000
506 551
506 575
506 659
506 804
506 839
506 923
508 533
508 751
508 814
508 845
509 592
509 612
509 860
510 569
510 581
510 614
510 770
511 745
511 824
511 901
511 907
511 927
511 960
511 969
511 977
511 980
511 981
511 984
512 590
512 616
512 745
512 828
512 907
512 917
512 927
512 936
512 941
512 960
512 967
512 969
512 977
512 980
512 984
513 656
513 702
513 719
513 915
513 919
513 922
513 926
513 939
514 519
514 539
514 642
514 664
514 780
514 831
514 929
514 930
514 937
514 964
514 971
514 974
514 998
515 558
515 607
515 689
515 812
515 813
515 854
515 862
515 908
515 914
515 918
517 540
517 573
517 587
517 753
517 841
517 864
517 955
517 991
518 619
518 701
518 713
518 738
518 748
518 759
518 805
518 820
518 852
518 853
518 868
518 875
518 886
518 946
519 712
519 724
519 746
519 752
519 754
519 833
519 909
519 929
519 930
519 971
519 974
519 976
519 998
520 528
520 532
520 640
520 739
520 765
520 827
520 835
520 859
520 896
520 928
520 947
521 525
521 594
521 596
521 624
521 629
521 686
521 825
521 874
521 944
521 948
521 951
521 968
521 972
521 983
521 995
521 996
522 542
522 678
522 778
522 997
523 544
523 623
523 727
523 806
523 842
523 913
523 924
523 949
523 961
523 966
523 978
524 595
524 656
524 685
524 719
524 915
524 919
524 922
524 926
524 939
525 588
525 594
525 646
525 735
525 741
525 873
525 900
525 944
525 948
525 975
525 996
525 1000
526 545
526 662
526 680
526 715
526 785
526 817
526 876
526 882
526 912
526 920
526 954
526 956
526 963
526 970
527 582
527 660
527 755
527 807
527 829
527 885
527 892
527 942
527 943
527 982
527 994
528 532
528 564
528 571
528 640
528 688
528 739
528 765
528 835
528 859
528 896
528 928
528 947
529 554
529 596
529 617
529 743
529 749
529 797
529 895
529 968
529 972
529 983
530 546
530 547
530 620
530 622
530 691
530 767
530 851
530 870
530 871
530 945
530 959
531 537
531 570
531 580
531 625
531 636
531 693
531 724
531 752
531 831
531 861
531 883
531 909
531 929
531 930
531 974
532 564
532 571
532 630
532 716
532 739
532 765
532 827
532 835
532 859
532 896
532 928
532 947
533 751
533 814
533 845
534 644
534 717
534 723
534 762
534 798
534 836
534 850
534 878
534 904
534 905
535 626
535 631
535 639
535 790
535 809
536 670
536 672
536 817
536 832
536 876
536 882
536 891
536 920
536 954
536 956
536 963
536 970
537 625
537 636
537 642
537 752
537 861
537 929
537 930
537 958
537 964
537 965
537 974
537 998
538 669
538 737
538 990
539 658
539 707
539 752
539 779
539 833
539 909
539 929
539 930
539 958
539 964
539 965
539 971
539 998
540 573
540 587
540 753
540 841
540 864
540 955
540 991
541 683
541 730
541 732
541 782
541 786
541 793
541 866
541 884
541 893
541 897
541 903
542 678
542 778
542 997
543 563
543 694
543 725
543 731
543 810
543 837
543 899
543 950
544 548
544 605
544 647
544 764
544 806
544 842
544 913
544 916
544 924
544 949
544 961
544 966
545 635
545 680
545 715
545 817
545 832
545 876
545 880
545 882
545 891
545 912
545 920
545 954
545 956
545 963
545 970
546 547
546 620
546 622
546 736
546 767
546 834
546 851
546 870
546 871
546 945
546 959
547 610
547 691
547 767
547 834
547 851
547 870
547 871
547 945
547 959
548 671
548 727
548 806
548 842
548 916
548 924
548 949
548 961
548 966
548 978
549 644
549 717
549 750
549 762
549 798
549 836
549 850
549 878
549 904
549 905
550 633
550 784
551 575
551 659
551 804
551 839
551 923
552 799
552 830
552 848
552 856
552 857
552 881
552 890
552 911
552 925
552 932
552 938
552 985
552 986
552 988
552 989
552 992
552 993
553 799
553 830
553 848
553 856
553 857
553 881
553 890
553 911
553 925
553 932
553 938
553 985
553 986
553 988
553 989
553 992
553 993
554 572
554 596
554 624
554 666
554 756
554 774
554 797
554 889
554 895
554 944
554 951
554 975
554 1000
555 621
555 628
555 660
555 728
555 734
555 783
555 796
555 829
555 865
555 869
555 999
557 561
557 568
557 745
557 824
557 901
557 907
557 917
557 936
557 941
557 960
557 967
557 969
557 977
557 980
557 981
557 984
558 607
558 689
558 812
558 813
558 854
558 862
558 908
558 914
558 918
559 580
559 682
559 752
559 779
559 781
559 909
559 937
559 958
559 964
559 971
559 974
559 976
559 998
560 663
560 668
560 720
560 747
560 763
560 783
560 789
560 796
560 819
560 829
560 838
560 847
560 892
560 982
560 999
561 589
561 696
561 708
561 824
561 828
561 902
561 917
561 927
561 960
561 967
561 969
561 977
561 981
562 649
562 757
562 761
562 818
562 894
562 935
562 962
563 652
563 655
563 694
563 725
563 731
563 810
563 837
563 899
563 950
564 571
564 630
564 640
564 688
564 716
564 739
564 765
564 827
564 835
564 859
564 896
564 928
564 947
565 604
565 613
565 677
565 679
565 681
565 730
565 782
565 786
565 811
565 866
565 879
565 884
565 893
565 903
565 906
566 651
566 690
566 696
566 828
566 901
566 902
566 907
566 917
566 941
566 960
566 967
566 969
566 977
566 980
566 981
566 984
567 572
567 735
567 749
567 775
567 797
567 825
567 843
567 873
567 944
567 951
567 953
567 972
567 996
568 590
568 627
568 690
568 696
568 745
568 907
568 936
568 941
568 967
568 969
568 977
568 980
568 981
568 984
569 581
569 614
569 770
570 707
570 724
570 822
570 867
570 883
570 929
570 930
570 937
570 965
570 971
570 974
570 976
570 998
571 630
571 640
571 688
571 716
571 739
571 765
571 827
571 835
571 859
571 896
571 928
571 947
572 697
572 698
572 766
572 797
572 849
572 855
572 873
572 889
572 948
572 968
572 975
573 587
573 753
573 841
573 864
573 955
573 991
574 816
574 817
574 832
574 876
574 880
574 891
574 912
574 920
574 954
574 956
574 963
574 970
575 659
575 804
575 839
575 923
576 634
576 635
576 662
576 670
576 785
576 817
576 876
576 882
576 891
576 912
576 920
576 954
576 956
576 963
576 970
577 582
577 628
577 643
577 692
577 771
577 783
577 819
577 829
577 869
577 943
577 982
578 637
578 667
578 675
578 700
578 704
578 877
579 580
579 636
579 642
579 682
579 754
579 780
579 822
579 831
579 883
579 964
579 965
579 971
579 974
579 976
580 658
580 664
580 724
580 752
580 780
580 831
580 883
580 909
580 929
580 937
580 958
580 976
581 614
581 770
582 692
582 734
582 755
582 763
582 819
582 829
582 869
582 885
582 942
582 982
583 679
583 681
583 730
583 803
583 815
583 866
583 879
583 897
583 903
583 906
584 645
584 697
584 849
584 855
584 889
584 895
584 900
584 951
584 975
584 983
584 996
585 591
585 709
585 744
585 758
586 610
586 622
586 691
586 736
586 767
586 834
586 851
586 870
586 871
586 945
586 959
587 753
587 841
587 864
587 955
587 991
588 594
588 666
588 825
588 855
588 874
588 887
588 895
588 944
588 948
588 968
588 975
588 1000
589 627
589 690
589 696
589 745
589 901
589 907
589 941
589 960
589 967
589 969
589 977
589 980
589 981
589 984
590 651
590 708
590 745
590 828
590 902
590 907
590 917
590 936
590 941
590 967
590 969
590 977
590 980
590 981
591 709
591 744
591 758
592 612
592 860
593 777
593 788
593 799
593 830
593 848
593 856
593 857
593 881
593 890
593 911
593 925
593 932
593 938
593 985
593 986
593 988
593 989
593 992
593 993
594 602
594 606
594 617
594 645
594 646
594 657
594 726
594 743
594 749
594 775
594 874
594 995
594 1000
595 656
595 685
595 702
595 714
595 719
595 915
595 919
595 922
595 926
595 939
596 629
596 698
596 743
596 843
596 889
596 951
596 968
596 972
596 975
596 1000
597 718
597 769
597 776
597 792
597 800
597 826
597 844
597 863
597 872
597 931
597 940
597 979
599 608
599 676
599 684
599 711
599 769
599 772
599 800
599 821
599 844
599 846
599 863
599 872
599 931
599 940
599 979
600 695
600 795
600 987
601 608
601 611
601 676
601 711
601 769
601 800
601 821
601 844
601 846
601 898
601 931
601 940
601 979
602 645
602 741
602 749
602 756
602 797
602 849
602 874
602 895
602 944
602 948
602 951
602 983
603 973
604 613
604 679
604 681
604 732
604 782
604 793
604 803
604 811
604 884
604 893
604 903
604 906
605 615
605 623
605 764
605 801
605 806
605 913
605 916
605 924
605 949
605 961
605 966
605 978
606 629
606 657
606 706
606 735
606 743
606 825
606 874
606 887
606 948
606 972
606 975
607 689
607 812
607 813
607 854
607 862
607 908
607 914
607 918
608 611
608 703
608 705
608 718
608 722
608 769
608 772
608 776
608 792
608 800
608 846
608 898
608 931
608 979
609 661
609 720
609 721
609 728
609 787
609 796
609 802
609 819
609 838
609 869
609 885
609 910
609 943
609 982
609 999
610 620
610 622
610 736
610 834
610 851
610 870
610 871
610 945
610 959
611 703
611 705
611 769
611 772
611 776
611 792
611 800
611 821
611 826
611 846
611 863
611 898
611 931
611 940
611 979
612 860
613 677
613 683
613 732
613 786
613 793
613 803
613 811
613 815
613 879
613 893
613 897
613 906
614 770
615 671
615 801
615 806
615 913
615 916
615 924
615 949
615 966
615 978
616 627
616 690
616 824
616 828
616 901
616 902
616 907
616 917
616 927
616 941
616 960
616 967
616 969
616 977
616 980
616 981
616 984
617 645
617 666
617 697
617 774
617 775
617 797
617 887
617 889
617 975
617 983
617 996
617 1000
618 638
618 663
618 692
618 721
618 787
618 789
618 796
618 838
618 847
618 865
618 892
618 943
618 982
618 994
619 701
619 713
619 738
619 748
619 759
619 805
619 820
619 852
619 853
619 868
619 875
619 886
619 946
620 622
620 767
620 834
620 851
620 870
620 871
620 945
620 959
621 638
621 721
621 734
621 747
621 755
621 760
621 763
621 771
621 819
621 829
621 869
621 885
621 910
621 994
622 736
622 834
622 870
622 871
622 945
622 959
623 647
623 727
623 764
623 773
623 842
623 913
623 916
623 924
623 949
623 961
623 978
624 699
624 726
624 766
624 774
624 794
624 797
624 825
624 874
624 887
624 900
624 953
624 983
624 996
625 636
625 746
625 752
625 781
625 831
625 861
625 883
625 909
625 929
625 930
625 937
625 958
625 974
625 976
625 998
626 631
626 639
626 790
626 809
627 742
627 824
627 828
627 902
627 907
627 917
627 927
627 941
627 960
627 977
627 980
627 981
627 984
628 661
628 663
628 710
628 734
628 763
628 783
628 796
628 869
628 892
628 910
628 942
628 943
628 982
628 994
629 749
629 797
629 855
629 874
629 887
629 944
629 948
629 951
629 953
629 975
630 640
630 739
630 765
630 827
630 835
630 859
630 896
630 928
630 947
631 639
631 790
631 809
632 733
632 777
632 788
632 799
632 830
632 848
632 856
632 857
632 881
632 890
632 911
632 925
632 932
632 938
632 985
632 986
632 988
632 989
632 992
632 993
633 784
634 648
634 816
634 817
634 832
634 880
634 882
634 891
634 912
634 920
634 954
634 956
634 963
634 970
635 648
635 662
635 672
635 680
635 715
635 816
635 817
635 876
635 882
635 891
635 912
635 920
635 956
635 963
635 970
636 780
636 781
636 831
636 833
636 861
636 909
636 929
636 930
636 958
636 965
636 971
636 998
637 667
637 675
637 700
637 704
637 877
638 643
638 661
638 771
638 787
638 789
638 829
638 865
638 869
638 885
638 982
638 994
638 999
639 790
639 809
640 688
640 716
640 739
640 765
640 827
640 835
640 896
640 928
640 947
642 693
642 712
642 754
642 779
642 781
642 833
642 867
642 883
642 909
642 929
642 958
642 964
642 971
642 974
642 976
642 998
643 660
643 661
643 771
643 783
643 789
643 807
643 847
643 865
643 885
643 982
644 717
644 723
644 762
644 798
644 836
644 850
644 878
644 904
644 905
645 646
645 698
645 699
645 735
645 743
645 774
645 775
645 794
645 948
645 972
645 975
645 995
645 1000
646 698
646 706
646 775
646 944
646 951
646 953
646 968
646 972
646 975
646 983
646 995
646 996
646 1000
647 687
647 727
647 764
647 773
647 801
647 842
647 913
647 949
647 961
647 966
647 978
648 672
648 680
648 715
648 785
648 816
648 817
648 832
648 876
648 880
648 891
648 912
648 920
648 954
648 956
648 963
648 970
649 757
649 761
649 818
649 894
649 935
649 962
650 673
650 674
650 957
651 696
651 708
651 742
651 824
651 828
651 901
651 917
651 927
651 936
651 941
651 960
651 967
651 969
651 977
651 984
652 653
652 655
652 694
652 725
652 731
652 810
652 837
652 899
652 950
653 655
653 725
653 731
653 810
653 837
653 899
653 950
655 694
655 725
655 731
655 810
655 837
655 899
655 950
656 685
656 702
656 915
656 919
656 922
656 926
656 939
657 698
657 726
657 741
657 756
657 774
657 794
657 825
657 849
657 873
657 889
657 895
657 900
657 944
657 948
657 983
657 1000
658 682
658 693
658 780
658 781
658 822
658 831
658 867
658 929
658 937
658 958
658 965
658 974
658 976
658 998
659 804
659 839
659 923
660 720
660 721
660 789
660 802
660 807
660 838
660 847
660 865
660 892
660 943
660 982
660 999
661 692
661 710
661 755
661 771
661 783
661 802
661 807
661 838
661 892
661 943
661 982
661 994
662 715
662 785
662 816
662 817
662 832
662 876
662 891
662 912
662 920
662 954
662 956
662 963
662 970
663 755
663 760
663 783
663 789
663 865
663 885
663 892
663 910
663 982
663 999
664 712
664 752
664 754
664 779
664 781
664 861
664 867
664 883
664 929
664 930
664 965
664 971
664 976
664 998
665 697
665 775
665 849
665 873
665 889
665 900
665 944
665 953
665 972
665 975
665 983
665 995
665 1000
666 686
666 699
666 749
666 756
666 849
666 895
666 944
666 948
666 953
666 995
666 996
667 675
667 700
667 704
667 877
668 755
668 802
668 819
668 847
668 865
668 869
668 942
668 982
668 994
668 999
669 737
669 990
670 715
670 785
670 816
670 832
670 876
670 880
670 882
670 891
670 920
670 956
670 963
670 970
671 727
671 773
671 801
671 806
671 842
671 913
671 916
671 924
671 949
671 961
671 966
671 978
672 715
672 785
672 816
672 817
672 832
672 876
672 880
672 891
672 912
672 920
672 954
672 956
672 970
673 674
673 957
674 957
675 700
675 704
675 877
676 684
676 705
676 718
676 722
676 769
676 772
676 792
676 826
676 844
676 863
676 898
676 931
676 979
677 730
677 782
677 793
677 803
677 815
677 866
677 879
677 893
677 897
677 903
677 906
678 778
678 997
679 683
679 730
679 732
679 803
679 811
679 866
679 879
679 884
679 893
679 897
679 906
680 715
680 816
680 876
680 880
680 882
680 891
680 912
680 954
680 956
680 963
680 970
681 683
681 732
681 786
681 793
681 803
681 811
681 815
681 866
681 879
681 884
681 897
681 906
682 724
682 752
682 822
682 833
682 861
682 909
682 930
682 964
682 965
682 971
682 976
682 998
683 732
683 782
683 786
683 793
683 811
683 815
683 866
683 879
683 893
683 897
683 903
683 906
684 703
684 711
684 722
684 769
684 776
684 792
684 800
684 821
684 844
684 846
684 863
684 872
684 898
684 931
684 940
684 979
685 702
685 714
685 719
685 915
685 919
685 922
685 926
685 939
686 697
686 699
686 749
686 849
686 874
686 900
686 944
686 951
686 953
686 972
686 975
686 1000
687 727
687 764
687 773
687 806
687 842
687 913
687 916
687 924
687 949
687 961
687 966
687 978
688 716
688 765
688 827
688 835
688 859
688 896
688 928
688 947
689 812
689 813
689 854
689 862
689 908
689 914
689 918
690 742
690 745
690 824
690 901
690 902
690 907
690 927
690 936
690 960
690 969
690 977
690 980
690 981
690 984
691 736
691 767
691 834
691 851
691 870
691 871
691 945
691 959
692 710
692 720
692 734
692 763
692 865
692 869
692 885
692 942
692 943
692 982
692 994
692 999
693 754
693 831
693 861
693 867
693 883
693 909
693 937
693 958
693 964
693 965
693 974
693 976
693 998
694 725
694 731
694 810
694 837
694 899
694 950
695 795
695 987
696 742
696 828
696 901
696 907
696 960
696 967
696 981
697 726
697 774
697 775
697 794
697 849
697 855
697 874
697 887
697 953
697 968
697 983
697 995
697 1000
698 706
698 735
698 741
698 756
698 855
698 874
698 895
698 944
698 968
698 983
698 995
699 706
699 743
699 774
699 843
699 855
699 873
699 889
699 900
699 944
699 953
699 968
699 972
699 983
699 996
700 704
700 877
701 713
701 738
701 748
701 759
701 805
701 820
701 852
701 853
701 868
701 875
701 886
701 946
702 714
702 719
702 915
702 919
702 922
702 926
702 939
703 718
703 722
703 769
703 776
703 800
703 821
703 826
703 844
703 846
703 863
703 872
703 898
703 931
703 940
703 979
704 877
705 718
705 722
705 769
705 772
705 776
705 792
705 800
705 826
705 844
705 863
705 872
705 898
705 931
705 940
705 979
706 756
706 797
706 889
706 948
706 951
706 972
706 983
706 995
706 996
707 712
707 724
707 754
707 822
707 833
707 867
707 883
707 909
707 929
707 937
707 958
707 971
707 974
707 998
708 745
708 901
708 902
708 907
708 927
708 936
708 941
708 960
708 967
708 969
708 977
708 980
708 981
708 984
709 744
709 758
710 720
710 721
710 755
710 771
710 789
710 838
710 847
710 865
710 942
710 943
710 994
710 999
711 722
711 769
711 772
711 776
711 800
711 821
711 826
711 844
711 846
711 863
711 872
711 898
711 931
711 940
711 979
712 781
712 822
712 861
712 867
712 883
712 909
712 929
712 930
712 937
712 958
712 964
712 965
712 971
712 974
712 976
713 738
713 748
713 759
713 805
713 820
713 852
713 853
713 868
713 875
713 886
713 946
714 719
714 915
714 919
714 922
714 926
714 939
715 817
715 832
715 876
715 880
715 912
715 954
715 956
715 963
715 970
716 739
716 765
716 827
716 835
716 859
716 896
716 928
716 947
717 723
717 750
717 762
717 798
717 836
717 850
717 878
717 904
717 905
718 722
718 772
718 776
718 792
718 821
718 826
718 844
718 846
718 863
718 872
718 931
718 940
718 979
719 915
719 919
719 922
719 926
719 939
720 760
720 763
720 771
720 787
720 789
720 807
720 829
720 838
720 847
720 865
720 869
720 910
720 942
720 994
720 999
721 755
721 760
721 829
721 838
721 847
721 865
721 869
721 910
721 994
721 999
722 772
722 776
722 792
722 844
722 846
722 863
722 872
722 898
722 931
722 940
722 979
723 750
723 762
723 798
723 836
723 850
723 878
723 904
723 905
724 781
724 822
724 831
724 833
724 883
724 909
724 929
724 930
724 937
724 958
724 964
724 965
724 974
725 731
725 810
725 837
725 899
725 950
726 766
726 849
726 855
726 895
726 972
726 975
726 983
726 995
726 996
726 1000
727 773
727 806
727 913
727 916
727 924
727 949
727 961
727 966
727 978
728 734
728 760
728 789
728 796
728 829
728 838
728 892
728 910
728 942
728 943
728 982
728 999
730 732
730 782
730 793
730 815
730 866
730 893
730 897
730 903
730 906
731 810
731 837
731 899
731 950
732 782
732 786
732 811
732 866
732 879
732 884
732 893
732 897
732 906
733 740
733 777
733 788
733 799
733 830
733 848
733 856
733 857
733 881
733 890
733 911
733 925
733 932
733 938
733 985
733 986
733 988
733 989
733 992
733 993
734 755
734 789
734 796
734 829
734 838
734 847
734 865
734 885
734 892
734 942
734 943
734 994
735 743
735 766
735 794
735 825
735 843
735 849
735 855
735 900
735 968
735 996
735 1000
736 767
736 834
736 851
736 870
736 871
736 945
736 959
737 990
738 748
738 759
738 805
738 820
738 852
738 853
738 868
738 875
738 886
738 946
739 765
739 827
739 835
739 859
739 896
739 928
739 947
740 777
740 788
740 799
740 830
740 848
740 856
740 857
740 881
740 890
740 911
740 925
740 932
740 938
740 985
740 986
740 988
740 989
740 992
740 993
741 743
741 766
741 794
741 797
741 825
741 849
741 889
741 944
741 951
741 953
741 968
741 975
741 995
741 1000
742 824
742 828
742 901
742 902
742 907
742 917
742 927
742 936
742 960
742 969
742 977
742 980
742 981
743 766
743 774
743 849
743 855
743 887
743 900
743 944
743 951
743 953
743 983
743 996
744 758
745 901
745 902
745 907
745 941
745 960
745 969
745 977
745 980
745 981
745 984
746 754
746 779
746 780
746 781
746 883
746 929
746 930
746 937
746 958
746 964
746 965
746 971
746 974
746 976
746 998
747 755
747 760
747 763
747 783
747 807
747 819
747 892
747 910
747 943
747 982
747 999
748 759
748 805
748 820
748 852
748 853
748 868
748 875
748 886
748 946
749 775
749 843
749 849
749 873
749 887
749 889
749 900
749 972
749 996
749 1000
750 762
750 798
750 836
750 850
750 878
750 904
750 905
751 814
751 845
752 754
752 779
752 780
752 861
752 909
752 929
752 937
752 964
752 965
752 971
752 976
753 841
753 864
753 955
753 991
754 779
754 780
754 781
754 833
754 867
754 937
754 964
754 965
754 971
754 998
755 807
755 847
755 910
755 943
755 982
756 774
756 797
756 874
756 889
756 951
756 953
756 983
756 995
756 996
756 1000
757 761
757 818
757 894
757 935
757 962
759 805
759 820
759 852
759 853
759 868
759 875
759 886
759 946
760 783
760 787
760 796
760 802
760 869
760 942
760 982
760 994
761 818
761 894
761 935
761 962
762 798
762 836
762 850
762 878
762 904
762 905
763 771
763 783
763 796
763 807
763 829
763 838
763 865
763 869
763 910
763 942
763 999
764 773
764 801
764 842
764 913
764 916
764 924
764 949
764 961
764 966
764 978
765 827
765 835
765 859
765 896
765 928
765 947
766 794
766 825
766 849
766 855
766 873
766 889
766 895
766 944
766 951
766 953
766 968
766 972
766 975
766 983
766 1000
767 834
767 851
767 870
767 871
767 945
767 959
769 772
769 792
769 800
769 821
769 846
769 863
769 872
769 898
769 931
769 940
769 979
771 796
771 802
771 819
771 829
771 942
771 943
771 982
771 994
771 999
772 792
772 821
772 826
772 844
772 846
772 872
772 898
772 931
772 940
772 979
773 801
773 806
773 842
773 913
773 924
773 961
773 966
773 978
774 794
774 843
774 849
774 874
774 895
774 900
774 944
774 948
774 951
774 953
774 972
774 983
774 996
775 794
775 849
775 874
775 900
775 953
775 968
775 975
775 983
775 996
775 1000
776 826
776 844
776 846
776 863
776 872
776 898
776 931
776 940
776 979
777 788
777 799
777 830
777 848
777 856
777 857
777 881
777 890
777 911
777 925
777 932
777 938
777 985
777 986
777 988
777 989
777 992
777 993
778 997
779 780
779 822
779 831
779 861
779 867
779 883
779 909
779 929
779 937
779 958
779 964
779 965
779 974
779 998
780 781
780 822
780 861
780 909
780 929
780 937
780 964
780 965
780 974
780 976
780 998
781 833
781 929
781 937
781 964
781 971
781 976
781 998
782 793
782 803
782 811
782 815
782 866
782 884
782 893
782 903
782 906
783 787
783 796
783 829
783 847
783 892
783 910
783 942
783 982
785 817
785 832
785 876
785 880
785 882
785 891
785 912
785 920
785 954
785 956
785 963
785 970
786 803
786 811
786 815
786 866
786 879
786 884
786 893
786 897
786 903
786 906
787 789
787 802
787 829
787 838
787 869
787 885
787 910
787 942
787 994
788 799
788 830
788 848
788 856
788 857
788 881
788 890
788 911
788 925
788 932
788 938
788 985
788 986
788 988
788 989
788 992
788 993
789 819
789 829
789 885
789 892
789 910
789 942
789 982
789 999
790 809
792 800
792 821
792 826
792 844
792 846
792 872
792 898
792 931
792 940
792 979
793 811
793 815
793 866
793 879
793 884
793 897
793 903
794 825
794 843
794 855
794 944
794 968
794 972
794 975
794 996
795 987
796 802
796 807
796 892
796 982
796 999
797 843
797 855
797 874
797 887
797 895
797 900
797 968
797 972
797 983
797 995
798 836
798 850
798 878
798 904
798 905
799 830
799 848
799 856
799 857
799 881
799 890
799 911
799 925
799 932
799 938
799 985
799 986
799 988
799 989
799 992
799 993
800 826
800 844
800 846
800 863
800 872
800 898
800 940
800 979
801 806
801 842
801 913
801 916
801 924
801 949
801 961
801 978
802 819
802 865
802 869
802 910
802 942
802 994
802 999
803 811
803 815
803 866
803 879
803 884
803 893
803 906
804 839
804 923
805 820
805 852
805 853
805 868
805 875
805 886
805 946
806 842
806 913
806 916
806 924
806 949
806 966
806 978
807 819
807 829
807 838
807 865
807 869
807 892
807 910
807 942
807 943
807 982
807 994
810 837
810 899
810 950
811 815
811 866
811 884
811 893
811 897
811 903
811 906
812 813
812 854
812 862
812 908
812 914
812 918
813 854
813 862
813 908
813 914
813 918
814 845
815 866
815 879
815 884
815 897
815 903
815 906
816 832
816 876
816 880
816 882
816 891
816 912
816 920
816 954
816 956
816 963
816 970
817 832
817 876
817 880
817 891
817 912
817 920
817 954
817 956
817 963
817 970
818 894
818 935
818 962
819 838
819 869
819 885
819 910
819 982
820 852
820 853
820 868
820 875
820 886
820 946
821 826
821 844
821 846
821 863
821 872
821 898
821 931
821 940
821 979
822 831
822 861
822 909
822 937
822 958
822 964
822 965
822 971
822 974
822 976
822 998
824 828
824 901
824 902
824 907
824 927
824 941
824 960
824 967
824 969
824 980
824 981
824 984
825 843
825 849
825 874
825 887
825 900
825 951
825 953
825 972
825 975
825 983
825 995
825 996
826 846
826 863
826 898
826 931
826 940
826 979
827 835
827 859
827 896
827 928
827 947
828 901
828 902
828 907
828 917
828 927
828 936
828 941
828 969
828 977
828 980
828 981
828 984
829 910
829 943
829 994
829 999
830 848
830 856
830 857
830 881
830 890
830 911
830 925
830 932
830 938
830 985
830 986
830 988
830 989
830 992
830 993
831 833
831 867
831 883
831 929
831 930
831 958
831 964
831 976
832 880
832 882
832 891
832 912
832 954
832 956
832 963
832 970
833 861
833 867
833 883
833 909
833 929
833 958
833 965
833 974
833 976
833 998
834 851
834 870
834 871
834 945
834 959
835 859
835 896
835 928
835 947
836 850
836 878
836 904
836 905
837 899
837 950
838 865
838 892
838 910
838 982
838 994
839 923
841 864
841 955
841 991
842 913
842 916
842 924
842 949
842 961
842 966
842 978
843 873
843 948
843 953
843 968
843 972
843 975
843 983
843 995
843 996
843 1000
844 846
844 872
844 898
844 931
844 979
846 863
846 872
846 931
846 940
846 979
847 865
847 943
847 982
847 999
848 856
848 857
848 881
848 890
848 911
848 925
848 932
848 938
848 985
848 986
848 988
848 989
848 992
848 993
849 873
849 900
849 944
849 948
849 951
849 953
849 968
849 1000
850 878
850 904
850 905
851 870
851 871
851 945
851 959
852 853
852 868
852 875
852 886
852 946
853 868
853 875
853 886
853 946
854 862
854 908
854 914
854 918
855 873
855 874
855 887
855 900
855 951
855 953
855 968
855 983
855 995
855 996
855 1000
856 857
856 881
856 890
856 911
856 925
856 932
856 938
856 985
856 986
856 988
856 989
856 992
856 993
857 881
857 890
857 911
857 925
857 932
857 938
857 985
857 986
857 988
857 989
857 992
857 993
859 896
859 928
859 947
861 867
861 883
861 909
861 930
861 937
861 958
861 964
861 971
861 976
861 998
862 908
862 914
862 918
863 872
863 898
863 931
863 940
863 979
864 955
864 991
865 869
865 942
865 943
865 982
865 999
866 879
866 884
866 893
866 897
866 903
866 906
867 883
867 909
867 929
867 930
867 958
867 965
867 974
867 976
868 875
868 886
868 946
869 885
869 892
869 910
869 942
869 999
870 871
870 945
870 959
871 945
871 959
872 898
872 931
872 940
872 979
873 895
873 900
873 948
873 953
873 975
873 983
873 995
874 900
874 944
874 948
874 951
874 953
874 975
874 983
874 995
874 1000
875 886
875 946
876 880
876 882
876 891
876 912
876 954
876 956
876 963
876 970
878 904
878 905
879 884
879 893
879 897
879 903
879 906
880 882
880 891
880 912
880 920
880 954
880 956
880 963
880 970
881 890
881 911
881 925
881 932
881 938
881 985
881 986
881 988
881 989
881 992
881 993
882 891
882 912
882 920
882 956
882 963
882 970
883 937
883 958
883 964
883 971
883 976
884 893
884 897
884 903
884 906
885 942
885 943
885 994
886 946
887 889
887 948
887 951
887 953
887 968
887 975
887 996
889 895
889 944
889 968
889 972
889 1000
890 911
890 925
890 932
890 938
890 985
890 986
890 988
890 989
890 992
890 993
891 912
891 920
891 954
891 956
891 963
891 970
892 942
892 943
892 994
892 999
893 897
893 903
893 906
894 935
894 962
895 900
895 944
895 948
895 953
895 972
895 995
895 996
896 928
896 947
897 903
897 906
898 931
898 940
898 979
899 950
900 953
900 972
900 983
900 995
900 996
900 1000
901 902
901 917
901 927
901 936
901 941
901 960
901 967
901 969
901 977
901 980
901 984
902 917
902 927
902 936
902 941
902 967
902 977
902 980
902 981
902 984
904 905
907 917
907 927
907 936
907 941
907 960
907 967
907 969
907 977
907 980
907 981
907 984
908 914
908 918
909 930
909 964
909 965
909 971
909 976
909 998
910 942
911 925
911 932
911 938
911 985
911 986
911 988
911 989
911 992
911 993
912 920
912 954
912 956
912 963
912 970
913 916
913 924
913 949
913 961
913 966
913 978
914 918
915 919
915 922
915 926
915 939
916 924
916 949
916 961
916 966
916 978
917 927
917 936
917 941
917 960
917 967
917 969
917 980
917 981
917 984
919 922
919 926
919 939
920 956
920 963
920 970
922 926
922 939
924 949
924 961
924 966
924 978
925 932
925 938
925 985
925 986
925 988
925 989
925 992
925 993
926 939
927 936
927 941
927 960
927 967
927 977
927 980
928 947
929 964
929 971
929 974
929 976
929 998
930 937
930 964
930 971
930 976
930 998
931 979
932 938
932 985
932 986
932 988
932 989
932 992
932 993
935 962
936 941
936 960
936 967
936 969
936 977
936 980
936 981
936 984
937 958
937 965
937 971
937 974
937 976
937 998
938 958
938 985
938 986
938 988
938 989
938 992
938 993
940 979
941 960
941 967
941 969
941 980
941 984
942 943
942 994
942 999
943 982
943 994
943 999
944 948
944 968
944 983
944 995
945 959
948 972
948 995
948 996
948 1000
949 961
949 966
951 968
951 972
951 975
951 995
951 1000
953 968
953 972
953 975
953 983
953 995
954 956
954 963
954 970
955 991
956 963
956 970
958 964
958 965
958 971
958 998
960 967
960 977
960 980
960 981
960 984
961 966
961 978
963 970
964 965
964 971
964 974
964 976
964 998
965 971
965 974
965 998
966 978
967 969
967 977
967 980
967 981
967 984
968 983
968 995
968 1000
969 977
969 980
969 981
969 984
971 998
972 975
972 995
972 996
972 1000
974 976
974 998
975 983
975 995
975 1000
976 998
977 980
977 981
977 984
980 981
980 984
981 984
982 994
983 995
983 1000
985 986
985 988
985 989
985 992
985 993
986 988
986 989
986 992
986 993
988 989
988 992
988 993
989 992
989 993
992 993
995 996
996 1000
