1 90
1 93
1 219
1 348
1 394
1 417
1 567
1 778
1 918
1 938
2 783
2 789
2 804
2 810
2 845
2 846
2 848
2 949
2 957
2 973
3 129
3 618
3 622
3 751
3 767
3 845
3 848
3 949
3 957
3 973
4 688
4 771
4 796
4 802
4 809
4 814
4 885
4 921
4 942
4 943
5 21
5 48
5 49
5 97
5 105
5 117
5 120
5 155
5 257
5 708
6 727
6 747
6 796
6 814
6 861
6 869
6 875
6 921
6 942
6 943
7 624
7 744
7 798
7 815
7 820
7 823
7 852
7 867
7 877
7 890
8 112
8 309
8 417
8 452
8 544
8 567
8 586
8 778
8 918
8 938
9 38
9 123
9 175
9 300
9 336
9 338
9 378
9 385
9 418
9 441
10 27
10 103
10 159
10 216
10 250
10 267
10 313
10 529
10 695
10 724
11 445
11 745
11 818
11 824
11 901
11 917
11 927
11 977
11 981
11 997
12 399
12 513
12 657
12 717
12 779
12 836
12 840
12 873
12 894
12 904
13 47
13 354
13 362
13 543
13 668
13 703
13 722
13 739
13 785
13 837
14 168
14 233
14 308
14 330
14 410
14 422
14 517
14 553
14 565
14 569
15 246
15 687
15 760
15 801
15 806
15 825
15 892
15 913
15 923
15 966
16 797
16 900
16 922
16 924
16 928
16 932
16 939
16 948
16 959
16 968
17 144
17 371
17 381
17 382
17 575
17 591
17 608
17 612
17 647
17 905
18 227
18 653
18 775
18 849
18 868
18 874
18 889
18 895
18 944
18 951
20 41
20 44
20 69
20 81
20 110
20 126
20 150
20 184
20 361
20 640
21 48
21 49
21 97
21 105
21 117
21 120
21 155
21 257
21 708
22 681
22 817
22 876
22 880
22 899
22 929
22 954
22 956
22 963
22 970
23 121
23 179
23 190
23 206
23 275
23 282
23 322
23 359
23 412
23 656
24 764
24 871
24 937
24 945
24 958
24 964
24 965
24 971
24 974
24 976
25 557
25 729
25 731
25 759
25 829
25 862
25 909
25 934
25 935
25 936
26 123
26 170
26 181
26 205
26 300
26 336
26 338
26 340
26 385
26 418
27 58
27 159
27 216
27 250
27 313
27 315
27 529
27 695
27 724
28 667
28 881
28 922
28 924
28 928
28 932
28 939
28 948
28 959
28 968
29 350
29 665
29 749
29 766
29 775
29 790
29 887
29 895
29 914
29 944
30 326
30 451
30 537
30 563
30 668
30 703
30 722
30 739
30 785
30 837
31 709
31 772
31 841
31 870
31 930
31 946
31 953
31 955
31 961
31 975
32 522
32 901
32 927
32 960
32 967
32 969
32 977
32 980
32 981
32 997
33 428
33 439
33 457
33 528
33 542
33 550
33 560
33 587
33 614
33 933
34 166
34 229
34 253
34 261
34 500
34 575
34 608
34 612
34 647
34 905
35 985
35 987
35 990
35 992
35 993
35 994
35 996
35 998
35 999
35 1000
36 168
36 312
36 330
36 422
36 441
36 502
36 517
36 553
36 565
36 569
37 832
37 863
37 880
37 882
37 899
37 929
37 954
37 956
37 963
37 970
38 123
38 170
38 175
38 205
38 300
38 340
38 378
38 385
38 418
39 296
39 566
39 690
39 891
39 927
39 947
39 977
39 979
39 980
39 997
40 618
40 736
40 767
40 803
40 804
40 845
40 848
40 949
40 957
40 973
41 69
41 81
41 89
41 110
41 126
41 150
41 184
41 361
41 640
42 654
42 779
42 836
42 840
42 850
42 857
42 873
42 878
42 894
42 904
43 226
43 233
43 308
43 422
43 441
43 502
43 517
43 553
43 565
43 569
44 69
44 81
44 89
44 110
44 126
44 150
44 184
44 361
44 640
45 533
45 571
45 589
45 710
45 716
45 770
45 819
45 826
45 847
45 859
46 985
46 986
46 987
46 991
46 992
46 995
46 996
46 998
46 999
46 1000
47 404
47 414
47 473
47 668
47 693
47 703
47 739
47 785
47 837
48 49
48 97
48 105
48 117
48 120
48 155
48 257
48 708
49 97
49 105
49 117
49 120
49 155
49 257
49 708
50 652
50 822
50 871
50 937
50 958
50 964
50 965
50 971
50 974
50 976
51 552
51 684
51 718
51 800
51 898
51 911
51 919
51 925
51 931
51 940
52 164
52 588
52 649
52 654
52 737
52 750
52 873
52 878
52 894
52 904
53 272
53 337
53 438
53 523
53 547
53 555
53 585
53 685
53 761
53 972
54 808
54 871
54 937
54 945
54 958
54 964
54 965
54 971
54 974
54 976
55 121
55 179
55 190
55 206
55 275
55 282
55 322
55 359
55 412
55 656
56 799
56 853
56 881
56 886
56 900
56 924
56 932
56 948
56 959
56 968
57 667
57 704
57 728
57 853
57 881
57 886
57 928
57 939
57 959
57 968
58 103
58 159
58 220
58 250
58 313
58 315
58 529
58 695
58 724
59 667
59 853
59 881
59 922
59 928
59 932
59 939
59 948
59 959
59 968
60 474
60 540
60 630
60 716
60 770
60 819
60 826
60 835
60 847
60 859
61 301
61 482
61 516
61 521
61 584
61 619
61 636
61 655
61 673
61 675
62 701
62 817
62 882
62 899
62 912
62 929
62 954
62 956
62 963
62 970
63 100
63 103
63 159
63 220
63 250
63 267
63 315
63 529
63 695
63 724
64 177
64 260
64 277
64 292
64 379
64 444
64 491
64 498
64 603
65 295
65 303
65 395
65 423
65 462
65 466
65 478
65 531
65 592
65 594
66 816
66 824
66 927
66 947
66 969
66 977
66 980
66 982
66 984
66 997
67 91
67 302
67 433
67 455
67 494
67 637
67 730
67 743
67 784
67 791
68 573
68 702
68 714
68 746
68 881
68 922
68 924
68 939
68 959
68 968
69 89
69 110
69 126
69 150
69 184
69 361
69 640
70 445
70 447
70 901
70 947
70 960
70 969
70 977
70 979
70 981
70 982
71 272
71 333
71 438
71 523
71 547
71 555
71 585
71 685
71 761
71 972
72 312
72 330
72 410
72 422
72 441
72 502
72 517
72 553
72 565
72 569
73 986
73 990
73 991
73 993
73 994
73 995
73 996
73 998
73 999
73 1000
74 114
74 125
74 191
74 194
74 213
74 236
74 274
74 393
74 518
74 570
75 255
75 362
75 368
75 537
75 693
75 703
75 722
75 739
75 785
75 837
76 247
76 748
76 787
76 813
76 930
76 946
76 953
76 955
76 961
76 975
77 79
77 712
77 760
77 768
77 801
77 892
77 913
77 916
77 923
77 966
78 443
78 622
78 669
78 789
78 804
78 810
78 851
78 949
78 957
78 973
79 605
79 712
79 762
79 806
79 892
79 913
79 916
79 923
79 966
80 831
80 833
80 883
80 945
80 958
80 964
80 965
80 971
80 974
80 976
81 89
81 110
81 126
81 150
81 184
81 361
81 640
82 787
82 794
82 841
82 870
82 930
82 946
82 953
82 955
82 961
82 975
83 578
83 731
83 753
83 856
83 888
83 909
83 926
83 934
83 935
83 936
84 99
84 134
84 146
84 165
84 193
84 202
84 265
84 331
84 486
84 740
85 623
85 671
85 762
85 801
85 806
85 825
85 913
85 916
85 923
85 966
86 369
86 390
86 564
86 710
86 757
86 770
86 826
86 835
86 847
86 859
87 881
87 886
87 900
87 922
87 924
87 932
87 939
87 948
87 959
87 968
88 548
88 605
88 671
88 801
88 806
88 825
88 892
88 916
88 923
88 966
89 110
89 126
89 150
89 184
89 361
89 640
90 96
90 112
90 219
90 417
90 544
90 586
90 778
90 918
90 938
91 124
91 416
91 455
91 494
91 598
91 650
91 730
91 784
91 791
92 658
92 774
92 831
92 945
92 958
92 964
92 965
92 971
92 974
92 976
93 96
93 207
93 339
93 544
93 567
93 586
93 778
93 918
93 938
94 429
94 715
94 769
94 772
94 907
94 930
94 946
94 955
94 961
94 975
95 618
95 725
95 736
95 767
95 845
95 848
95 851
95 949
95 957
95 973
96 273
96 348
96 394
96 452
96 511
96 778
96 918
96 938
97 105
97 117
97 120
97 155
97 257
97 708
98 443
98 618
98 620
98 642
98 789
98 803
98 851
98 949
98 957
98 973
99 134
99 146
99 165
99 193
99 202
99 265
99 331
99 486
99 740
100 220
100 267
100 276
100 313
100 315
100 529
100 695
100 724
101 736
101 783
101 804
101 810
101 848
101 851
101 949
101 957
101 973
102 986
102 990
102 991
102 993
102 994
102 995
102 996
102 998
102 999
102 1000
103 216
103 220
103 276
103 315
103 529
103 695
103 724
104 447
104 816
104 901
104 947
104 967
104 977
104 980
104 981
104 982
104 997
105 117
105 120
105 155
105 257
105 708
106 133
106 617
106 735
106 749
106 775
106 790
106 874
106 889
106 944
106 951
107 335
107 377
107 431
107 433
107 598
107 637
107 644
107 650
107 659
107 730
107 743
108 280
108 333
108 438
108 523
108 547
108 555
108 585
108 685
108 761
108 972
109 626
109 713
109 793
109 798
109 815
109 820
109 823
109 852
109 867
109 877
109 890
110 126
110 150
110 184
110 361
110 640
111 638
111 807
111 814
111 861
111 869
111 875
111 885
111 910
111 921
111 942
111 943
112 339
112 348
112 394
112 511
112 567
112 586
112 778
112 918
112 938
113 808
113 812
113 883
113 937
113 945
113 958
113 964
113 965
113 971
113 974
113 976
114 125
114 187
114 191
114 194
114 213
114 236
114 274
114 393
114 518
114 570
115 119
115 256
115 416
115 460
115 494
115 598
115 650
115 659
115 700
115 784
115 791
116 661
116 679
116 755
116 807
116 809
116 861
116 875
116 885
116 921
116 942
116 943
117 120
117 155
117 257
117 708
118 326
118 368
118 404
118 407
118 537
118 563
118 668
118 693
118 703
118 739
118 837
119 416
119 433
119 637
119 650
119 659
119 700
119 730
119 743
119 784
119 791
120 155
120 257
120 708
121 179
121 190
121 206
121 275
121 282
121 322
121 359
121 412
121 656
122 808
122 822
122 883
122 937
122 945
122 958
122 964
122 965
122 971
122 974
122 976
123 131
123 170
123 336
123 338
123 340
123 378
123 385
123 418
124 230
124 377
124 463
124 598
124 644
124 650
124 730
124 743
124 784
124 791
125 187
125 191
125 194
125 213
125 236
125 274
125 393
125 518
125 570
126 150
126 184
126 361
126 640
127 579
127 632
127 832
127 876
127 882
127 912
127 920
127 954
127 956
127 963
127 970
128 524
128 799
128 881
128 900
128 922
128 928
128 932
128 939
128 948
128 959
128 968
129 476
129 642
129 783
129 803
129 810
129 846
129 851
129 949
129 957
129 973
130 858
130 864
130 865
130 866
130 879
130 884
130 893
130 896
130 897
130 903
130 906
131 175
131 181
131 205
131 300
131 336
131 338
131 340
131 378
131 385
131 418
132 200
132 548
132 605
132 738
132 801
132 806
132 892
132 913
132 916
132 923
132 966
133 239
133 665
133 735
133 741
133 782
133 790
133 849
133 889
133 895
133 944
134 146
134 165
134 193
134 202
134 265
134 331
134 486
134 740
135 400
135 428
135 439
135 457
135 528
135 542
135 550
135 560
135 587
135 614
135 933
136 818
136 927
136 941
136 947
136 967
136 969
136 979
136 980
136 982
136 984
136 997
137 254
137 533
137 710
137 716
137 757
137 770
137 819
137 826
137 835
137 847
137 859
138 311
138 548
138 623
138 712
138 738
138 801
138 825
138 913
138 916
138 923
138 966
139 558
139 699
139 749
139 849
139 868
139 874
139 889
139 895
139 914
139 944
139 951
140 148
140 738
140 760
140 762
140 806
140 825
140 892
140 913
140 916
140 923
140 966
141 449
141 599
141 827
141 844
141 872
141 898
141 911
141 919
141 925
141 931
141 940
142 676
142 769
142 786
142 805
142 813
142 930
142 946
142 953
142 955
142 961
142 975
143 687
143 712
143 738
143 762
143 768
143 806
143 892
143 913
143 916
143 923
143 966
144 161
144 261
144 319
144 381
144 500
144 575
144 591
144 612
144 647
144 905
146 165
146 193
146 202
146 265
146 331
146 486
146 740
147 774
147 822
147 883
147 937
147 945
147 958
147 964
147 965
147 971
147 974
147 976
148 601
148 687
148 760
148 801
148 806
148 892
148 913
148 916
148 923
148 966
149 406
149 464
149 503
149 597
149 607
149 854
149 862
149 888
149 915
149 926
149 935
150 184
150 361
150 640
151 524
151 714
151 773
151 881
151 922
151 924
151 928
151 932
151 948
151 959
151 968
152 676
152 748
152 786
152 813
152 841
152 907
152 930
152 953
152 955
152 961
152 975
153 171
153 299
153 564
153 630
153 716
153 757
153 770
153 826
153 835
153 847
153 859
154 720
154 752
154 793
154 798
154 815
154 820
154 823
154 852
154 867
154 877
154 890
155 257
155 708
156 641
156 776
156 792
156 800
156 827
156 839
156 860
156 911
156 919
156 931
156 940
157 643
157 661
157 688
157 747
157 861
157 869
157 875
157 910
157 921
157 942
157 943
158 405
158 549
158 631
158 649
158 677
158 706
158 737
158 836
158 840
158 894
158 904
159 216
159 267
159 276
159 313
159 529
159 695
159 724
160 326
160 368
160 404
160 414
160 473
160 668
160 693
160 703
160 739
160 785
160 837
161 253
161 319
161 371
161 382
161 500
161 575
161 591
161 608
161 647
161 905
162 349
162 540
162 571
162 710
162 716
162 757
162 819
162 826
162 835
162 847
162 859
163 753
163 759
163 781
163 854
163 856
163 862
163 888
163 908
163 926
163 934
163 936
164 513
164 534
164 649
164 737
164 840
164 857
164 873
164 878
164 894
164 904
165 193
165 202
165 265
165 331
165 486
165 740
166 319
166 371
166 381
166 500
166 575
166 591
166 608
166 612
166 647
166 905
167 536
167 635
167 817
167 832
167 876
167 920
167 929
167 954
167 956
167 963
167 970
168 308
168 312
168 410
168 422
168 502
168 517
168 553
168 565
168 569
169 224
169 272
169 337
169 438
169 523
169 547
169 555
169 585
169 685
169 761
169 972
170 181
170 205
170 336
170 338
170 340
170 378
170 385
170 418
171 293
171 349
171 571
171 710
171 770
171 819
171 826
171 835
171 847
171 859
172 985
172 987
172 990
172 992
172 993
172 994
172 995
172 996
172 998
172 999
172 1000
173 582
173 747
173 755
173 771
173 838
173 861
173 875
173 885
173 910
173 942
173 943
174 858
174 864
174 865
174 866
174 879
174 884
174 893
174 896
174 897
174 903
174 906
175 181
175 205
175 300
175 336
175 338
175 340
175 378
175 418
176 304
176 321
176 366
176 395
176 423
176 462
176 466
176 478
176 531
176 592
176 594
177 260
177 277
177 292
177 379
177 444
177 491
177 498
177 603
178 513
178 549
178 654
178 677
178 689
178 717
178 836
178 873
178 878
178 894
178 904
179 190
179 206
179 275
179 282
179 322
179 359
179 412
179 656
180 211
180 334
180 406
180 430
180 434
180 759
180 781
180 854
180 856
180 888
180 902
181 300
181 336
181 338
181 340
181 378
181 385
181 418
182 607
182 625
182 678
182 759
182 854
182 902
182 909
182 915
182 934
182 935
182 936
183 625
183 664
183 729
183 829
183 888
183 902
183 908
183 909
183 926
183 934
183 935
184 361
184 640
185 651
185 690
185 917
185 947
185 967
185 969
185 977
185 979
185 982
185 984
185 997
186 671
186 712
186 738
186 760
186 762
186 825
186 892
186 913
186 916
186 923
186 966
187 191
187 194
187 213
187 236
187 274
187 393
187 518
187 570
188 583
188 891
188 901
188 917
188 967
188 969
188 977
188 979
188 980
188 981
188 984
190 206
190 275
190 282
190 322
190 359
190 412
190 656
191 194
191 213
191 236
191 274
191 393
191 518
191 570
192 413
192 712
192 738
192 768
192 801
192 806
192 825
192 913
192 916
192 923
192 966
193 202
193 265
193 331
193 486
193 740
194 213
194 236
194 274
194 393
194 518
194 570
195 824
195 941
195 960
195 967
195 969
195 979
195 980
195 981
195 982
195 984
195 997
196 590
196 824
196 891
196 941
196 947
196 960
196 977
196 979
196 981
196 984
196 997
197 669
197 725
197 751
197 803
197 804
197 810
197 848
197 851
197 949
197 957
197 973
198 492
198 704
198 853
198 886
198 900
198 922
198 924
198 928
198 939
198 948
198 968
199 229
199 248
199 261
199 371
199 381
199 575
199 591
199 608
199 612
199 647
199 905
200 601
200 768
200 801
200 806
200 825
200 892
200 913
200 916
200 923
200 966
202 265
202 331
202 486
202 740
204 774
204 812
204 871
204 937
204 945
204 958
204 964
204 965
204 971
204 974
204 976
205 300
205 336
205 340
205 378
205 385
205 418
206 275
206 282
206 322
206 359
206 412
206 656
207 309
207 339
207 417
207 452
207 511
207 567
207 586
207 778
207 918
207 938
208 527
208 638
208 755
208 763
208 802
208 869
208 875
208 910
208 921
208 942
208 943
209 773
209 799
209 881
209 922
209 924
209 928
209 932
209 939
209 948
209 959
209 968
211 323
211 515
211 678
211 854
211 856
211 908
211 915
211 926
211 934
211 936
212 715
212 769
212 794
212 870
212 907
212 930
212 946
212 953
212 955
212 961
212 975
213 236
213 274
213 393
213 518
213 570
214 645
214 653
214 665
214 741
214 766
214 790
214 849
214 874
214 887
214 889
214 914
214 951
215 287
215 606
215 645
215 698
215 749
215 775
215 782
215 887
215 889
215 914
215 944
215 951
216 220
216 250
216 276
216 313
216 315
216 529
216 695
216 724
217 218
217 256
217 335
217 377
217 431
217 598
217 644
217 700
217 730
217 743
217 784
217 791
218 230
218 335
218 455
218 598
218 644
218 650
218 659
218 700
218 730
218 743
218 784
219 348
219 394
219 417
219 511
219 544
219 567
219 586
219 778
219 918
219 938
220 250
220 267
220 276
220 315
220 529
220 695
220 724
221 688
221 727
221 747
221 809
221 814
221 838
221 861
221 875
221 910
221 921
221 942
221 943
222 294
222 678
222 829
222 854
222 856
222 862
222 888
222 902
222 909
222 934
222 935
222 936
223 834
223 858
223 864
223 865
223 866
223 879
223 884
223 893
223 896
223 897
223 903
223 906
224 272
224 333
224 337
224 438
224 523
224 547
224 555
224 585
224 685
224 761
224 972
225 624
225 744
225 752
225 793
225 798
225 815
225 820
225 823
225 852
225 867
225 877
225 890
226 233
226 308
226 312
226 330
226 410
226 441
226 502
226 517
226 553
226 565
226 569
227 471
227 477
227 596
227 698
227 741
227 782
227 843
227 868
227 889
227 914
227 951
228 692
228 713
228 752
228 793
228 798
228 815
228 820
228 823
228 852
228 867
228 877
228 890
229 248
229 319
229 381
229 500
229 575
229 591
229 608
229 612
229 647
229 905
230 302
230 460
230 494
230 637
230 659
230 700
230 730
230 743
230 784
230 791
231 335
231 416
231 433
231 455
231 460
231 494
231 637
231 659
231 700
231 730
231 784
231 791
232 234
232 351
232 391
232 480
232 490
232 516
232 521
232 621
232 636
232 655
232 673
232 675
233 312
233 330
233 422
233 441
233 502
233 517
233 553
233 565
233 569
234 281
234 301
234 480
234 499
234 521
234 584
234 619
234 621
234 655
234 673
234 675
235 307
235 482
235 490
235 499
235 521
235 584
235 619
235 621
235 636
235 655
235 673
235 675
236 274
236 393
236 518
236 570
237 481
237 509
237 696
237 715
237 748
237 787
237 841
237 946
237 953
237 955
237 961
237 975
238 732
238 748
238 769
238 794
238 870
238 907
238 930
238 946
238 953
238 955
238 961
238 975
239 617
239 665
239 749
239 766
239 782
239 849
239 874
239 889
239 914
239 944
239 951
240 694
240 808
240 831
240 871
240 937
240 945
240 958
240 964
240 965
240 971
240 974
240 976
241 475
241 718
241 765
241 776
241 800
241 821
241 872
241 898
241 911
241 925
241 931
241 940
242 812
242 822
242 871
242 883
242 937
242 945
242 958
242 964
242 965
242 971
242 974
242 976
243 628
243 755
243 796
243 802
243 807
243 809
243 861
243 869
243 910
243 921
243 942
243 943
244 326
244 368
244 407
244 414
244 446
244 543
244 693
244 703
244 722
244 739
244 785
244 837
245 604
245 642
245 691
245 751
245 767
245 803
245 810
245 846
245 851
245 949
245 957
245 973
246 484
246 760
246 762
246 768
246 801
246 806
246 892
246 913
246 916
246 923
246 966
247 316
247 481
247 748
247 805
247 813
247 930
247 946
247 953
247 955
247 961
247 975
248 253
248 319
248 382
248 500
248 575
248 591
248 608
248 612
248 647
248 905
249 489
249 648
249 672
249 701
249 876
249 882
249 912
249 929
249 954
249 956
249 963
249 970
250 267
250 276
250 313
250 529
250 695
250 724
251 386
251 451
251 473
251 537
251 563
251 668
251 693
251 703
251 722
251 739
251 785
251 837
252 293
252 474
252 630
252 710
252 716
252 757
252 770
252 819
252 826
252 835
252 847
252 859
253 371
253 381
253 382
253 575
253 591
253 608
253 612
253 647
253 905
254 540
254 571
254 630
254 710
254 757
254 770
254 819
254 826
254 835
254 847
254 859
255 362
255 404
255 407
255 414
255 446
255 537
255 543
255 563
255 722
255 785
255 837
256 377
256 431
256 455
256 460
256 598
256 637
256 644
256 743
256 784
256 791
257 708
258 577
258 661
258 755
258 802
258 838
258 861
258 869
258 875
258 885
258 921
258 942
258 943
259 285
259 400
259 428
259 439
259 457
259 528
259 542
259 550
259 560
259 587
259 614
259 933
260 277
260 292
260 379
260 444
260 491
260 498
260 603
261 371
261 381
261 382
261 500
261 591
261 608
261 612
261 647
261 905
262 797
262 853
262 881
262 886
262 900
262 922
262 924
262 928
262 932
262 948
262 959
262 968
263 985
263 986
263 987
263 991
263 992
263 993
263 994
263 995
263 996
263 998
263 999
263 1000
264 285
264 400
264 428
264 439
264 457
264 528
264 542
264 550
264 560
264 587
264 614
264 933
265 331
265 486
265 740
266 556
266 677
266 689
266 750
266 779
266 836
266 840
266 850
266 873
266 878
266 894
266 904
267 276
267 313
267 315
267 529
267 695
267 724
268 557
268 753
268 862
268 888
268 902
268 908
268 909
268 915
268 926
268 934
268 935
268 936
269 497
269 579
269 670
269 701
269 863
269 876
269 882
269 920
269 954
269 956
269 963
269 970
270 558
270 698
270 699
270 741
270 775
270 782
270 843
270 868
270 874
270 887
270 914
270 944
271 702
271 728
271 799
271 853
271 881
271 886
271 900
271 928
271 932
271 948
271 959
271 968
272 280
272 523
272 547
272 555
272 585
272 685
272 761
272 972
273 309
273 339
273 394
273 452
273 511
273 544
273 567
273 586
273 778
273 918
273 938
274 393
274 518
274 570
275 282
275 322
275 359
275 412
275 656
276 313
276 315
276 529
276 695
276 724
277 292
277 379
277 444
277 491
277 498
277 603
279 834
279 858
279 864
279 865
279 866
279 879
279 884
279 893
279 896
279 897
279 903
279 906
280 333
280 337
280 438
280 523
280 547
280 555
280 585
280 685
280 761
280 972
281 396
281 480
281 482
281 490
281 521
281 584
281 619
281 621
281 636
281 655
281 673
282 322
282 359
282 412
282 656
284 310
284 477
284 606
284 617
284 629
284 653
284 699
284 868
284 874
284 895
284 914
284 944
284 951
285 400
285 428
285 439
285 457
285 528
285 542
285 550
285 560
285 587
285 614
285 933
286 602
286 667
286 728
286 773
286 797
286 799
286 922
286 924
286 928
286 939
286 948
286 959
286 968
287 352
287 600
287 606
287 629
287 741
287 766
287 775
287 874
287 887
287 889
287 944
287 951
288 754
288 764
288 812
288 822
288 833
288 871
288 945
288 958
288 964
288 965
288 971
288 974
288 976
289 985
289 986
289 987
289 990
289 991
289 992
289 993
289 994
289 995
289 996
289 998
289 999
289 1000
290 816
290 891
290 917
290 941
290 960
290 967
290 969
290 977
290 979
290 980
290 982
290 984
290 997
291 709
291 715
291 732
291 769
291 772
291 786
291 870
291 907
291 946
291 953
291 955
291 961
291 975
292 379
292 444
292 491
292 498
292 603
293 474
293 533
293 564
293 571
293 589
293 710
293 819
293 826
293 835
293 847
293 859
294 493
294 731
294 753
294 759
294 829
294 854
294 902
294 908
294 909
294 926
294 935
294 936
295 303
295 304
295 321
295 345
295 366
295 423
295 462
295 466
295 478
295 531
295 592
295 594
296 363
296 479
296 590
296 824
296 927
296 947
296 960
296 967
296 969
296 979
296 980
296 982
297 615
297 720
297 744
297 752
297 793
297 798
297 815
297 820
297 823
297 852
297 867
297 877
297 890
298 702
298 704
298 728
298 799
298 881
298 900
298 922
298 924
298 928
298 932
298 939
298 948
298 959
299 390
299 474
299 540
299 630
299 716
299 757
299 770
299 819
299 826
299 835
299 847
299 859
300 336
300 338
300 340
300 378
300 385
300 418
301 391
301 480
301 499
301 516
301 521
301 584
301 621
301 636
301 655
301 673
301 675
302 433
302 463
302 494
302 598
302 644
302 650
302 659
302 730
302 743
302 784
302 791
303 345
303 366
303 395
303 423
303 462
303 466
303 478
303 531
303 592
303 594
304 321
304 345
304 366
304 395
304 423
304 462
304 466
304 478
304 531
304 592
304 594
305 682
305 754
305 812
305 871
305 883
305 937
305 945
305 958
305 964
305 965
305 971
305 974
305 976
306 764
306 774
306 808
306 812
306 831
306 937
306 945
306 958
306 964
306 965
306 971
306 974
306 976
307 347
307 391
307 482
307 490
307 499
307 521
307 619
307 621
307 636
307 655
307 673
307 675
308 312
308 410
308 422
308 441
308 502
308 517
308 553
308 565
308 569
309 339
309 394
309 417
309 511
309 544
309 567
309 586
309 778
309 918
309 938
310 389
310 505
310 558
310 645
310 653
310 686
310 849
310 874
310 895
310 914
310 944
310 951
311 605
311 623
311 687
311 760
311 768
311 801
311 825
311 892
311 913
311 916
311 923
311 966
312 330
312 410
312 441
312 502
312 553
312 565
312 569
313 315
313 529
313 695
313 724
314 599
314 633
314 641
314 788
314 800
314 839
314 844
314 872
314 911
314 919
314 925
314 931
314 940
315 529
315 695
315 724
316 732
316 748
316 787
316 794
316 805
316 870
316 907
316 930
316 946
316 953
316 961
316 975
317 690
317 726
317 927
317 941
317 947
317 960
317 969
317 977
317 979
317 980
317 981
317 982
317 984
318 497
318 680
318 701
318 832
318 863
318 880
318 899
318 912
318 920
318 929
318 954
318 956
318 970
319 382
319 500
319 575
319 591
319 608
319 612
319 647
319 905
320 369
320 474
320 540
320 571
320 589
320 716
320 757
320 770
320 819
320 826
320 835
320 847
320 859
321 345
321 366
321 395
321 423
321 462
321 466
321 478
321 531
321 592
321 594
322 359
322 412
322 656
323 430
323 493
323 578
323 664
323 856
323 862
323 902
323 908
323 915
323 926
323 935
323 936
325 522
325 726
325 824
325 901
325 917
325 927
325 941
325 960
325 967
325 969
325 979
325 981
325 984
326 354
326 404
326 446
326 563
326 703
326 722
326 739
326 785
326 837
327 648
327 701
327 863
327 876
327 880
327 899
327 912
327 920
327 929
327 954
327 956
327 963
327 970
328 684
328 776
328 792
328 821
328 839
328 844
328 860
328 872
328 898
328 911
328 925
328 931
328 940
329 660
329 696
329 715
329 769
329 786
329 813
329 907
329 930
329 946
329 953
329 955
329 961
329 975
330 410
330 422
330 502
330 517
330 553
330 565
330 569
331 486
331 740
332 556
332 581
332 631
332 654
332 706
332 717
332 836
332 840
332 850
332 857
332 873
332 878
332 894
333 337
333 438
333 523
333 547
333 555
333 585
333 685
333 761
333 972
334 415
334 607
334 664
334 731
334 829
334 888
334 902
334 909
334 915
334 926
334 934
334 936
335 377
335 463
335 644
335 650
335 659
335 730
335 743
335 784
335 791
336 338
336 378
336 385
336 418
337 438
337 523
337 547
337 555
337 585
337 685
337 761
337 972
338 340
338 378
338 385
338 418
339 452
339 511
339 544
339 567
339 586
339 778
339 918
339 938
340 378
340 385
340 418
341 399
341 581
341 649
341 654
341 706
341 737
341 840
341 850
341 857
341 873
341 878
341 894
341 904
342 506
342 660
342 696
342 709
342 772
342 805
342 907
342 930
342 946
342 953
342 955
342 961
342 975
343 588
343 654
343 657
343 717
343 779
343 836
343 840
343 850
343 857
343 873
343 878
343 894
343 904
344 534
344 588
344 677
344 689
344 750
344 836
344 840
344 850
344 857
344 873
344 878
344 894
344 904
345 366
345 395
345 423
345 462
345 466
345 478
345 531
345 592
345 594
346 811
346 834
346 858
346 864
346 865
346 866
346 879
346 884
346 893
346 896
346 897
346 903
346 906
347 351
347 396
347 482
347 490
347 516
347 521
347 584
347 619
347 621
347 636
347 673
347 675
348 394
348 452
348 511
348 544
348 567
348 586
348 778
348 918
348 938
349 474
349 540
349 571
349 630
349 710
349 757
349 819
349 826
349 835
349 847
349 859
350 629
350 646
350 653
350 686
350 766
350 775
350 843
350 868
350 895
350 914
350 944
350 951
351 396
351 480
351 490
351 499
351 516
351 619
351 621
351 636
351 655
351 673
351 675
352 558
352 665
352 686
352 741
352 775
352 843
352 874
352 887
352 895
352 914
352 944
352 951
353 985
353 986
353 987
353 990
353 991
353 992
353 993
353 994
353 995
353 996
353 998
353 999
353 1000
354 386
354 446
354 473
354 537
354 563
354 693
354 703
354 722
354 739
354 785
354 837
356 360
356 507
356 597
356 678
356 854
356 856
356 862
356 888
356 902
356 908
356 915
356 926
356 934
356 935
357 432
357 468
357 526
357 576
357 634
357 635
357 680
357 880
357 912
357 920
357 929
357 954
357 963
357 970
358 692
358 713
358 720
358 744
358 752
358 793
358 798
358 815
358 820
358 823
358 852
358 867
358 877
358 890
359 412
359 656
360 434
360 515
360 607
360 729
360 854
360 862
360 888
360 908
360 909
360 926
360 934
360 935
360 936
361 640
362 368
362 386
362 451
362 473
362 563
362 693
362 703
362 722
362 739
362 785
362 837
363 450
363 818
363 891
363 917
363 947
363 960
363 967
363 977
363 980
363 981
363 982
363 984
363 997
364 484
364 548
364 601
364 623
364 738
364 762
364 801
364 806
364 825
364 892
364 913
364 916
364 923
364 966
365 985
365 986
365 987
365 988
365 990
365 991
365 992
365 993
365 994
365 995
365 996
365 998
365 999
365 1000
366 395
366 423
366 462
366 466
366 478
366 531
366 592
366 594
367 626
367 692
367 713
367 720
367 744
367 793
367 798
367 815
367 820
367 823
367 852
367 867
367 877
367 890
368 446
368 537
368 543
368 563
368 668
368 693
368 722
368 785
368 837
369 390
369 589
369 630
369 710
369 716
369 757
369 770
369 819
369 826
369 835
369 847
369 859
370 721
370 811
370 834
370 858
370 864
370 865
370 866
370 879
370 884
370 893
370 896
370 897
370 903
370 906
371 381
371 382
371 500
371 591
371 608
371 612
371 647
371 905
372 985
372 986
372 987
372 988
372 990
372 991
372 992
372 993
372 994
372 995
372 996
372 998
372 999
372 1000
374 424
374 590
374 745
374 818
374 901
374 917
374 927
374 967
374 979
374 980
374 981
374 982
374 984
374 997
375 613
375 811
375 834
375 858
375 864
375 865
375 866
375 879
375 884
375 893
375 896
375 897
375 903
375 906
376 663
376 679
376 771
376 802
376 809
376 838
376 861
376 869
376 875
376 885
376 910
376 921
376 942
376 943
377 433
377 455
377 598
377 644
377 659
377 700
377 730
377 743
377 791
378 385
378 418
379 444
379 491
379 498
379 603
380 449
380 535
380 718
380 800
380 821
380 827
380 839
380 872
380 898
380 911
380 919
380 925
380 931
380 940
381 575
381 591
381 608
381 612
381 647
381 905
382 500
382 575
382 591
382 608
382 612
382 647
382 905
383 599
383 674
383 707
383 711
383 776
383 788
383 800
383 839
383 844
383 898
383 919
383 925
383 931
383 940
384 623
384 671
384 687
384 712
384 760
384 762
384 768
384 801
384 825
384 892
384 913
384 916
384 923
384 966
385 418
386 407
386 451
386 473
386 543
386 563
386 668
386 693
386 703
386 739
386 785
386 837
387 985
387 986
387 987
387 988
387 990
387 991
387 992
387 993
387 994
387 995
387 996
387 998
387 999
387 1000
388 727
388 747
388 755
388 763
388 796
388 802
388 838
388 869
388 885
388 910
388 921
388 942
388 943
389 505
389 525
389 554
389 606
389 653
389 698
389 741
389 790
389 874
389 889
389 914
389 944
389 951
390 533
390 564
390 630
390 716
390 757
390 770
390 819
390 826
390 835
390 847
390 859
391 480
391 490
391 499
391 516
391 521
391 584
391 619
391 636
391 655
391 673
391 675
392 554
392 596
392 600
392 606
392 699
392 790
392 843
392 849
392 868
392 887
392 889
392 914
392 944
392 951
393 518
393 570
394 417
394 452
394 544
394 567
394 778
394 918
394 938
395 423
395 462
395 466
395 478
395 531
395 592
395 594
396 480
396 490
396 499
396 516
396 521
396 619
396 621
396 636
396 655
396 673
396 675
397 440
397 620
397 691
397 725
397 736
397 783
397 789
397 845
397 846
397 848
397 851
397 949
397 957
397 973
398 495
398 748
398 772
398 787
398 805
398 813
398 870
398 907
398 930
398 946
398 953
398 955
398 961
398 975
399 405
399 631
399 677
399 689
399 717
399 737
399 840
399 850
399 857
399 873
399 878
399 904
400 428
400 439
400 457
400 528
400 542
400 550
400 560
400 587
400 614
400 933
401 403
401 492
401 667
401 704
401 714
401 773
401 853
401 881
401 900
401 928
401 939
401 948
401 959
401 968
402 985
402 986
402 987
402 988
402 990
402 991
402 992
402 993
402 994
402 995
402 996
402 998
402 999
402 1000
403 524
403 773
403 799
403 853
403 881
403 900
403 924
403 928
403 932
403 939
403 948
403 959
403 968
404 407
404 451
404 537
404 668
404 693
404 722
404 739
404 785
404 837
405 549
405 581
405 706
405 717
405 779
405 840
405 850
405 857
405 873
405 878
405 894
405 904
406 430
406 597
406 678
406 781
406 888
406 902
406 908
406 909
406 915
406 926
406 934
406 935
407 473
407 537
407 543
407 563
407 668
407 693
407 722
407 739
407 837
408 561
408 566
408 651
408 690
408 742
408 917
408 927
408 941
408 947
408 967
408 977
408 980
408 981
408 984
409 561
409 816
409 818
409 891
409 917
409 927
409 941
409 960
409 977
409 979
409 980
409 981
409 982
409 984
410 422
410 441
410 502
410 517
410 553
410 565
410 569
411 434
411 578
411 625
411 729
411 781
411 829
411 862
411 902
411 908
411 915
411 926
411 934
411 935
411 936
412 656
413 601
413 671
413 687
413 738
413 762
413 768
413 806
413 825
413 892
413 913
413 916
413 923
413 966
414 446
414 451
414 473
414 543
414 563
414 668
414 722
414 739
414 785
414 837
415 464
415 559
415 578
415 731
415 781
415 854
415 856
415 862
415 908
415 909
415 915
415 934
415 935
416 431
416 433
416 455
416 463
416 637
416 644
416 659
416 700
416 730
416 784
416 791
417 452
417 511
417 544
417 567
417 586
417 778
417 918
417 938
419 683
419 721
419 811
419 834
419 858
419 864
419 865
419 866
419 879
419 884
419 893
419 896
419 897
419 903
419 906
420 985
420 986
420 987
420 988
420 989
420 990
420 991
420 992
420 993
420 994
420 995
420 996
420 998
420 999
420 1000
421 985
421 986
421 987
421 988
421 989
421 990
421 991
421 992
421 993
421 994
421 995
421 996
421 998
421 999
421 1000
422 441
422 502
422 517
422 553
422 565
422 569
423 462
423 466
423 478
423 531
423 592
423 594
424 568
424 590
424 742
424 901
424 927
424 941
424 960
424 967
424 969
424 977
424 980
424 982
424 984
424 997
425 816
425 891
425 901
425 917
425 927
425 947
425 960
425 967
425 977
425 979
425 980
425 981
425 982
425 984
425 997
426 985
426 986
426 987
426 988
426 989
426 990
426 991
426 992
426 993
426 994
426 995
426 996
426 998
426 999
426 1000
427 683
427 721
427 811
427 834
427 858
427 864
427 865
427 866
427 879
427 884
427 893
427 896
427 897
427 903
427 906
428 439
428 457
428 528
428 542
428 550
428 560
428 587
428 614
428 933
429 562
429 660
429 676
429 732
429 769
429 787
429 805
429 813
429 841
429 907
429 946
429 953
429 955
429 975
430 464
430 493
430 503
430 729
430 753
430 888
430 902
430 908
430 909
430 934
430 935
430 936
431 433
431 460
431 494
431 637
431 644
431 650
431 659
431 700
431 730
431 743
431 784
432 454
432 468
432 635
432 876
432 880
432 882
432 899
432 912
432 920
432 929
432 954
432 956
432 963
432 970
433 598
433 637
433 659
433 700
433 730
433 784
433 791
434 507
434 515
434 578
434 664
434 781
434 829
434 854
434 915
434 926
434 934
434 935
434 936
435 626
435 692
435 713
435 720
435 744
435 752
435 793
435 798
435 815
435 820
435 823
435 852
435 867
435 877
435 890
436 639
436 694
436 808
436 812
436 822
436 833
436 871
436 937
436 945
436 958
436 964
436 965
436 971
436 974
436 976
438 523
438 547
438 555
438 585
438 685
438 761
438 972
439 457
439 528
439 542
439 550
439 560
439 587
439 614
439 933
440 448
440 620
440 622
440 751
440 789
440 803
440 804
440 845
440 846
440 848
440 851
440 949
440 957
440 973
441 502
441 517
441 553
441 565
441 569
442 583
442 891
442 917
442 927
442 941
442 960
442 967
442 969
442 977
442 979
442 980
442 981
442 982
442 984
442 997
443 595
443 642
443 691
443 736
443 789
443 804
443 810
443 845
443 848
443 851
443 949
443 957
443 973
444 491
444 498
444 603
445 901
445 927
445 941
445 947
445 967
445 969
445 977
445 979
445 980
445 981
445 982
445 984
445 997
446 451
446 473
446 543
446 668
446 693
446 703
446 739
446 785
446 837
447 816
447 891
447 901
447 917
447 927
447 947
447 967
447 977
447 980
447 981
447 982
447 984
447 997
448 618
448 669
448 725
448 751
448 783
448 789
448 804
448 845
448 846
448 848
448 851
448 949
448 957
448 973
449 633
449 705
449 765
449 800
449 827
449 839
449 860
449 872
449 911
449 919
449 925
449 931
449 940
450 818
450 891
450 901
450 941
450 947
450 960
450 967
450 969
450 977
450 979
450 981
450 982
450 984
450 997
451 537
451 543
451 693
451 703
451 722
451 739
451 785
451 837
452 511
452 544
452 550
452 586
452 778
452 918
452 938
453 985
453 986
453 987
453 988
453 989
453 990
453 991
453 992
453 993
453 994
453 995
453 996
453 998
453 999
453 1000
454 634
454 670
454 672
454 681
454 817
454 832
454 876
454 899
454 912
454 929
454 954
454 956
454 963
454 970
455 460
455 463
455 494
455 650
455 700
455 743
455 784
455 791
457 528
457 542
457 550
457 560
457 587
457 614
457 933
458 635
458 680
458 719
458 817
458 832
458 863
458 876
458 880
458 899
458 912
458 920
458 929
458 954
458 956
458 970
459 524
459 702
459 704
459 797
459 799
459 853
459 886
459 900
459 922
459 928
459 932
459 939
459 948
459 959
459 968
460 463
460 494
460 637
460 644
460 650
460 659
460 700
460 784
460 791
461 704
461 728
461 746
461 773
461 797
461 853
461 886
461 900
461 924
461 928
461 932
461 939
461 948
461 959
461 968
462 466
462 478
462 531
462 592
462 594
463 598
463 637
463 644
463 650
463 700
463 730
463 743
463 784
463 791
464 625
464 664
464 731
464 759
464 829
464 854
464 902
464 909
464 915
464 934
464 935
464 936
465 683
465 721
465 811
465 834
465 858
465 864
465 865
465 866
465 879
465 884
465 893
465 896
465 897
465 903
465 906
466 478
466 531
466 592
466 594
467 611
467 676
467 696
467 709
467 748
467 805
467 841
467 870
467 907
467 930
467 946
467 953
467 955
467 961
467 975
468 574
468 719
468 817
468 832
468 863
468 882
468 912
468 920
468 929
468 954
468 956
468 963
468 970
469 683
469 721
469 811
469 834
469 858
469 864
469 865
469 866
469 879
469 884
469 893
469 896
469 897
469 903
469 906
471 596
471 617
471 646
471 686
471 698
471 741
471 766
471 843
471 868
471 874
471 887
471 895
471 914
471 944
471 951
472 613
472 683
472 721
472 811
472 834
472 858
472 864
472 865
472 866
472 879
472 884
472 893
472 896
472 897
472 903
472 906
473 537
473 543
473 563
473 693
473 722
473 785
473 837
474 564
474 589
474 710
474 757
474 770
474 819
474 826
474 835
474 847
474 859
475 538
475 552
475 633
475 641
475 765
475 788
475 800
475 839
475 860
475 898
475 911
475 919
475 925
475 931
475 940
476 620
476 642
476 691
476 725
476 751
476 783
476 789
476 803
476 804
476 845
476 846
476 848
476 949
476 957
476 973
477 525
477 558
477 617
477 629
477 653
477 699
477 741
477 843
477 849
477 874
477 887
477 914
477 944
477 951
478 531
478 592
478 594
479 816
479 901
479 917
479 927
479 941
479 960
479 967
479 969
479 977
479 979
479 980
479 981
479 982
479 984
479 997
480 482
480 499
480 516
480 521
480 584
480 619
480 621
480 673
480 675
481 506
481 715
481 732
481 772
481 794
481 805
481 813
481 841
481 870
481 907
481 946
481 955
481 961
481 975
482 490
482 516
482 521
482 584
482 619
482 621
482 636
482 655
482 673
482 675
483 613
483 683
483 721
483 811
483 834
483 858
483 864
483 865
483 866
483 879
483 884
483 893
483 896
483 897
483 903
483 906
484 548
484 601
484 671
484 687
484 712
484 762
484 768
484 801
484 825
484 892
484 913
484 916
484 923
484 966
485 615
485 624
485 692
485 713
485 720
485 744
485 752
485 793
485 798
485 815
485 820
485 823
485 852
485 867
485 877
485 890
486 740
487 651
487 742
487 816
487 818
487 927
487 941
487 947
487 967
487 969
487 977
487 979
487 980
487 981
487 982
487 984
487 997
489 579
489 672
489 817
489 832
489 876
489 880
489 882
489 899
489 912
489 920
489 929
489 954
489 956
489 963
489 970
490 516
490 521
490 584
490 636
490 655
490 673
490 675
491 498
491 603
492 602
492 704
492 728
492 746
492 773
492 853
492 886
492 900
492 924
492 928
492 939
492 948
492 959
492 968
493 664
493 678
493 729
493 829
493 856
493 862
493 888
493 902
493 908
493 915
493 926
493 934
493 935
494 598
494 637
494 644
494 659
494 700
494 743
494 791
495 506
495 509
495 562
495 732
495 786
495 805
495 841
495 870
495 907
495 930
495 946
495 953
495 955
495 961
495 975
496 536
496 632
496 634
496 719
496 817
496 832
496 863
496 876
496 880
496 882
496 912
496 920
496 954
496 956
496 963
496 970
497 634
497 681
497 701
497 719
497 817
497 880
497 882
497 899
497 912
497 929
497 954
497 956
497 963
497 970
498 603
499 516
499 521
499 584
499 619
499 621
499 636
499 655
499 675
500 575
500 591
500 608
500 612
500 647
500 905
501 590
501 726
501 824
501 891
501 901
501 941
501 947
501 960
501 967
501 969
501 977
501 979
501 980
501 982
501 984
501 997
502 517
502 553
502 565
502 569
503 515
503 597
503 664
503 729
503 854
503 856
503 888
503 902
503 909
503 915
503 926
503 934
503 935
503 936
504 983
504 985
504 986
504 987
504 988
504 989
504 990
504 991
504 992
504 993
504 994
504 995
504 996
504 998
504 999
504 1000
505 645
505 646
505 735
505 766
505 790
505 843
505 849
505 874
505 887
505 889
505 895
505 914
505 944
505 951
506 509
506 562
506 709
506 794
506 805
506 813
506 841
506 907
506 946
506 953
506 955
506 961
506 975
507 664
507 678
507 753
507 781
507 829
507 854
507 856
507 862
507 902
507 908
507 915
507 934
507 935
507 936
508 663
508 727
508 771
508 796
508 802
508 807
508 814
508 838
508 861
508 869
508 875
508 885
508 910
508 921
508 942
508 943
509 748
509 786
509 787
509 794
509 813
509 870
509 907
509 930
509 946
509 953
509 955
509 961
509 975
510 639
510 754
510 764
510 808
510 822
510 831
510 833
510 883
510 937
510 945
510 958
510 964
510 965
510 971
510 974
510 976
511 544
511 567
511 586
511 778
511 918
511 938
513 581
513 631
513 657
513 677
513 706
513 779
513 836
513 850
513 857
513 873
513 878
513 894
513 904
514 658
514 694
514 764
514 774
514 812
514 831
514 833
514 883
514 937
514 945
514 958
514 964
514 965
514 971
514 974
514 976
515 557
515 578
515 607
515 625
515 678
515 753
515 781
515 829
515 862
515 902
515 908
515 935
516 621
516 636
516 655
516 673
516 675
517 553
517 565
517 569
518 570
519 652
519 658
519 812
519 822
519 831
519 833
519 871
519 883
519 937
519 945
519 958
519 964
519 965
519 971
519 974
519 976
520 633
520 684
520 705
520 707
520 718
520 788
520 821
520 827
520 844
520 860
520 872
520 898
520 911
520 919
520 925
520 931
520 940
521 584
521 619
521 655
522 568
522 745
522 816
522 901
522 927
522 941
522 947
522 960
522 969
522 977
522 979
522 980
522 982
522 984
522 997
523 547
523 555
523 585
523 685
523 761
523 972
524 702
524 746
524 773
524 853
524 881
524 886
524 900
524 922
524 924
524 932
524 948
524 959
524 968
525 572
525 596
525 600
525 645
525 665
525 686
525 699
525 735
525 741
525 749
525 775
525 843
525 868
525 874
525 889
526 536
526 574
526 579
526 648
526 680
526 681
526 701
526 876
526 880
526 882
526 920
526 929
526 954
526 956
526 963
526 970
527 582
527 638
527 661
527 755
527 763
527 771
527 796
527 802
527 807
527 809
527 861
527 875
527 885
527 910
527 942
527 943
528 542
528 550
528 560
528 587
528 614
528 933
529 695
529 724
530 573
530 602
530 714
530 746
530 799
530 853
530 881
530 886
530 900
530 922
530 924
530 928
530 932
530 939
530 948
530 959
530 968
531 592
531 594
532 641
532 684
532 707
532 711
532 788
532 792
532 821
532 827
532 839
532 844
532 860
532 872
532 898
532 919
532 925
532 931
532 940
533 540
533 564
533 589
533 630
533 716
533 757
533 770
533 819
533 826
533 835
533 847
533 859
534 556
534 631
534 649
534 657
534 706
534 717
534 737
534 779
534 840
534 850
534 857
534 873
534 878
534 894
534 904
535 552
535 674
535 705
535 711
535 776
535 788
535 821
535 827
535 839
535 844
535 872
535 911
535 919
535 925
535 931
535 940
536 579
536 681
536 832
536 863
536 876
536 880
536 882
536 899
536 912
536 920
536 929
536 954
536 956
536 963
537 668
537 693
537 703
537 722
537 785
537 837
538 552
538 707
538 765
538 788
538 792
538 827
538 839
538 844
538 860
538 872
538 898
538 911
538 919
538 925
538 931
538 940
539 639
539 682
539 774
539 808
539 812
539 822
539 833
539 871
539 883
539 937
539 945
539 958
539 964
539 965
539 971
539 974
539 976
540 564
540 571
540 589
540 757
540 770
540 819
540 826
540 835
540 847
540 859
541 613
541 683
541 721
541 811
541 834
541 858
541 864
541 865
541 866
541 879
541 884
541 893
541 896
541 897
541 903
541 906
542 550
542 560
542 587
542 614
542 933
543 668
543 693
543 703
543 722
543 739
543 785
543 837
544 567
544 586
544 778
544 918
544 938
546 615
546 624
546 626
546 692
546 713
546 720
546 744
546 752
546 793
546 798
546 815
546 820
546 823
546 852
546 867
546 877
546 890
547 555
547 585
547 685
547 761
547 972
548 623
548 712
548 738
548 760
548 801
548 806
548 825
548 892
548 913
548 916
548 923
548 966
549 581
549 588
549 677
549 689
549 717
549 737
549 750
549 779
549 840
549 850
549 857
549 873
549 878
549 904
550 560
550 587
550 614
550 933
551 580
551 639
551 682
551 764
551 812
551 831
551 833
551 871
551 883
551 937
551 945
551 958
551 964
551 965
551 971
551 974
551 976
552 674
552 707
552 765
552 821
552 844
552 860
552 872
552 898
552 911
552 919
552 925
552 931
552 940
553 565
553 569
554 596
554 600
554 686
554 735
554 741
554 775
554 782
554 843
554 868
554 887
554 889
554 895
554 914
554 944
554 951
555 585
555 685
555 761
555 972
556 631
556 649
556 654
556 657
556 689
556 706
556 750
556 779
556 836
556 850
556 857
556 873
556 878
556 894
556 904
557 597
557 625
557 678
557 753
557 759
557 781
557 854
557 888
557 908
557 909
557 915
557 926
557 934
557 935
557 936
558 572
558 629
558 646
558 665
558 699
558 735
558 775
558 782
558 849
558 868
558 895
558 944
558 951
559 578
559 625
559 678
559 729
559 781
559 829
559 854
559 856
559 862
559 888
559 908
559 909
559 915
559 926
559 934
559 935
559 936
560 587
560 614
560 933
561 566
561 726
561 742
561 745
561 818
561 927
561 941
561 960
561 967
561 969
561 979
561 980
561 981
561 982
561 984
561 997
562 611
562 696
562 709
562 732
562 786
562 787
562 794
562 841
562 870
562 930
562 946
562 953
562 955
562 961
562 975
563 668
563 693
563 703
563 739
563 785
563 837
564 589
564 630
564 710
564 716
564 757
564 770
564 819
564 826
564 835
564 847
564 859
565 569
566 651
566 690
566 742
566 824
566 891
566 941
566 947
566 960
566 967
566 977
566 979
566 980
566 981
566 982
566 997
567 586
567 778
567 918
567 938
568 742
568 745
568 816
568 818
568 891
568 901
568 947
568 967
568 969
568 977
568 979
568 980
568 981
568 982
568 984
568 997
571 589
571 630
571 710
571 716
571 757
571 819
571 826
571 835
571 847
571 859
572 596
572 606
572 629
572 665
572 735
572 749
572 782
572 843
572 849
572 868
572 874
572 887
572 889
572 895
572 944
572 951
573 666
573 702
573 704
573 746
573 773
573 797
573 886
573 900
573 922
573 924
573 928
573 932
573 939
573 948
573 959
573 968
574 576
574 632
574 634
574 648
574 670
574 817
574 863
574 880
574 899
574 912
574 920
574 929
574 954
574 956
574 963
574 970
575 591
575 608
575 612
575 647
575 905
576 635
576 648
576 680
576 681
576 701
576 832
576 863
576 876
576 882
576 899
576 912
576 920
576 954
576 956
576 963
576 970
577 582
577 661
577 688
577 747
577 755
577 763
577 796
577 802
577 807
577 838
577 861
577 869
577 875
577 910
577 921
577 942
577 943
578 607
578 753
578 759
578 781
578 829
578 856
578 862
578 902
578 909
578 915
578 935
579 635
579 719
579 817
579 832
579 863
579 876
579 880
579 920
579 929
579 954
579 956
579 963
579 970
580 658
580 754
580 808
580 812
580 822
580 831
580 833
580 871
580 883
580 937
580 945
580 958
580 964
580 965
580 971
580 974
580 976
581 631
581 654
581 657
581 717
581 737
581 750
581 779
581 836
581 850
581 873
581 878
581 894
581 904
582 628
582 661
582 663
582 727
582 747
582 755
582 763
582 796
582 869
582 875
582 885
582 910
582 921
582 942
582 943
583 651
583 742
583 816
583 824
583 891
583 901
583 927
583 941
583 960
583 969
583 979
583 980
583 981
583 982
583 984
583 997
584 619
584 621
584 636
584 655
584 673
584 675
585 685
585 761
585 972
586 778
586 918
586 938
587 614
587 933
588 631
588 649
588 654
588 657
588 689
588 750
588 836
588 840
588 850
588 857
588 873
588 878
588 894
588 904
589 710
589 716
589 757
589 770
589 819
589 826
589 835
589 847
589 859
590 651
590 726
590 824
590 917
590 941
590 947
590 960
590 967
590 977
590 979
590 980
590 981
590 984
590 997
591 608
591 612
591 647
591 905
592 594
593 952
593 962
593 978
593 983
593 985
593 986
593 987
593 988
593 989
593 990
593 991
593 992
593 993
593 994
593 995
593 996
593 998
593 999
593 1000
595 604
595 622
595 642
595 669
595 725
595 736
595 751
595 783
595 789
595 803
595 810
595 845
595 846
595 848
595 851
595 949
595 957
595 973
596 600
596 629
596 741
596 749
596 766
596 782
596 790
596 843
596 868
596 887
596 889
596 895
596 951
597 664
597 731
597 753
597 829
597 854
597 856
597 862
597 888
597 902
597 908
597 909
597 926
597 934
597 936
598 637
598 650
598 659
598 730
598 743
598 784
598 791
599 684
599 705
599 707
599 718
599 765
599 776
599 792
599 827
599 839
599 844
599 860
599 872
599 911
599 919
599 931
599 940
600 606
600 645
600 698
600 735
600 741
600 749
600 766
600 775
600 843
600 868
600 887
600 914
600 944
600 951
601 623
601 671
601 687
601 712
601 738
601 762
601 768
601 806
601 825
601 892
601 913
601 916
601 923
601 966
602 704
602 714
602 746
602 773
602 797
602 799
602 881
602 886
602 900
602 922
602 924
602 928
602 932
602 939
602 948
602 968
604 610
604 618
604 642
604 691
604 725
604 736
604 767
604 783
604 789
604 810
604 845
604 846
604 848
604 851
604 949
604 957
604 973
605 623
605 671
605 687
605 712
605 738
605 760
605 768
605 801
605 806
605 825
605 892
605 913
605 916
605 923
605 966
606 617
606 645
606 646
606 686
606 698
606 775
606 782
606 790
606 843
606 914
606 944
606 951
607 625
607 678
607 722
607 729
607 759
607 781
607 888
607 902
607 908
607 915
607 926
607 935
607 936
608 612
608 647
608 905
609 952
609 962
609 978
609 983
609 985
609 986
609 987
609 988
609 989
609 990
609 991
609 992
609 993
609 994
609 995
609 996
609 998
609 999
609 1000
610 622
610 642
610 669
610 691
610 725
610 767
610 783
610 789
610 803
610 804
610 810
610 845
610 846
610 848
610 851
610 949
610 957
610 973
611 676
611 732
611 772
611 786
611 787
611 794
611 805
611 813
611 841
611 870
611 907
611 930
611 946
611 953
611 955
611 961
611 975
612 647
612 905
613 683
613 721
613 811
613 834
613 858
613 864
613 865
613 866
613 879
613 884
613 893
613 896
613 897
613 903
613 906
614 933
615 624
615 626
615 692
615 713
615 720
615 744
615 752
615 793
615 798
615 815
615 820
615 823
615 852
615 867
615 877
615 890
617 629
617 698
617 735
617 741
617 766
617 775
617 782
617 790
617 849
617 868
617 887
617 895
617 951
618 669
618 767
618 783
618 789
618 804
618 810
618 845
618 846
618 848
618 851
618 949
618 957
618 973
619 621
619 636
619 655
619 673
619 675
620 669
620 691
620 725
620 736
620 751
620 767
620 783
620 789
620 803
620 845
620 846
620 848
620 949
620 957
620 973
621 636
621 655
621 673
621 675
622 669
622 691
622 736
622 751
622 767
622 783
622 803
622 804
622 810
622 845
622 848
622 851
622 949
622 957
622 973
623 671
623 687
623 712
623 738
623 760
623 762
623 768
623 892
623 913
623 916
623 923
623 966
624 626
624 692
624 713
624 720
624 744
624 752
624 793
624 798
624 815
624 820
624 823
624 852
624 867
624 877
624 890
625 729
625 753
625 759
625 781
625 854
625 862
625 902
625 908
625 909
625 926
625 934
625 936
626 692
626 713
626 720
626 744
626 752
626 793
626 798
626 815
626 820
626 823
626 852
626 867
626 877
626 890
628 638
628 661
628 663
628 688
628 727
628 755
628 763
628 796
628 802
628 807
628 814
628 838
628 861
628 869
628 875
628 921
628 942
628 943
629 645
629 653
629 665
629 699
629 735
629 843
629 868
629 887
629 889
629 895
629 914
629 951
630 710
630 716
630 757
630 770
630 819
630 826
630 835
630 847
630 859
631 654
631 706
631 717
631 737
631 779
631 840
631 850
631 857
631 873
631 878
631 894
631 904
632 672
632 681
632 701
632 719
632 817
632 832
632 876
632 880
632 882
632 899
632 912
632 920
632 929
632 954
632 956
632 963
632 970
633 641
633 674
633 707
633 711
633 765
633 792
633 800
633 827
633 844
633 872
633 898
633 911
633 919
633 925
633 931
633 940
634 635
634 680
634 719
634 817
634 832
634 863
634 876
634 880
634 882
634 899
634 920
634 929
634 956
634 963
634 970
635 680
635 719
635 863
635 876
635 880
635 882
635 899
635 912
635 929
635 954
635 956
635 963
635 970
636 655
636 673
636 675
637 650
637 659
637 700
637 730
637 743
637 784
637 791
638 688
638 727
638 747
638 755
638 763
638 771
638 807
638 809
638 814
638 838
638 875
638 885
638 910
638 921
638 942
638 943
639 658
639 682
639 754
639 774
639 822
639 833
639 871
639 883
639 937
639 945
639 958
639 964
639 965
639 971
639 974
639 976
641 684
641 711
641 776
641 788
641 792
641 821
641 827
641 844
641 872
641 898
641 911
641 919
641 925
641 931
641 940
642 669
642 751
642 783
642 789
642 803
642 810
642 845
642 846
642 851
642 949
642 957
642 973
643 663
643 679
643 688
643 727
643 763
643 771
643 796
643 802
643 807
643 809
643 838
643 861
643 869
643 875
643 885
643 910
643 921
643 942
643 943
644 650
644 659
644 700
644 730
644 743
644 784
644 791
645 699
645 735
645 749
645 782
645 790
645 843
645 849
645 868
645 874
645 887
645 914
645 944
646 653
646 665
646 686
646 698
646 699
646 782
646 790
646 843
646 849
646 868
646 874
646 887
646 889
646 944
646 951
647 905
648 670
648 680
648 701
648 817
648 863
648 880
648 882
648 899
648 912
648 920
648 929
648 954
648 956
648 963
648 970
649 657
649 677
649 706
649 737
649 750
649 779
649 836
649 840
649 850
649 857
649 873
649 878
649 894
649 904
650 659
650 700
650 730
650 743
650 784
650 791
651 742
651 818
651 891
651 901
651 917
651 927
651 947
651 960
651 967
651 969
651 979
651 980
651 982
651 984
651 997
652 694
652 754
652 764
652 774
652 808
652 812
652 822
652 831
652 833
652 871
652 883
652 937
652 945
652 958
652 964
652 965
652 971
652 974
652 976
653 686
653 735
653 741
653 749
653 849
653 874
653 887
653 889
653 895
653 914
653 944
653 951
654 657
654 689
654 706
654 737
654 750
654 836
654 857
654 873
654 878
654 894
654 904
655 673
655 675
657 689
657 737
657 750
657 779
657 836
657 840
657 850
657 857
657 873
657 878
657 894
657 904
658 694
658 774
658 808
658 812
658 822
658 833
658 871
658 883
658 937
658 945
658 958
658 964
658 965
658 971
658 974
658 976
659 700
659 743
659 784
660 676
660 696
660 709
660 715
660 732
660 748
660 772
660 787
660 794
660 805
660 841
660 870
660 907
660 930
660 953
660 955
660 961
660 975
661 663
661 679
661 755
661 763
661 771
661 796
661 809
661 814
661 861
661 869
661 910
661 921
661 942
661 943
662 855
662 950
662 952
662 962
662 978
662 983
662 985
662 986
662 987
662 988
662 989
662 990
662 991
662 992
662 993
662 994
662 995
662 996
662 998
662 999
662 1000
663 688
663 747
663 771
663 796
663 807
663 809
663 814
663 838
663 869
663 875
663 885
663 910
663 921
663 942
663 943
664 729
664 781
664 829
664 856
664 862
664 888
664 908
664 909
664 915
664 926
664 935
664 936
665 686
665 766
665 775
665 782
665 790
665 843
665 868
665 874
665 887
665 895
665 944
666 667
666 702
666 714
666 728
666 746
666 773
666 797
666 799
666 853
666 881
666 886
666 900
666 922
666 924
666 928
666 932
666 939
666 948
666 959
666 968
667 714
667 728
667 746
667 797
667 853
667 881
667 900
667 922
667 924
667 928
667 932
667 939
667 948
667 959
667 968
668 693
668 703
668 722
668 739
668 785
668 837
669 691
669 725
669 736
669 751
669 789
669 845
669 846
669 848
669 851
669 949
669 957
669 973
670 680
670 681
670 701
670 719
670 817
670 832
670 863
670 876
670 880
670 882
670 899
670 912
670 920
670 954
670 956
670 963
670 970
671 687
671 738
671 760
671 762
671 768
671 801
671 825
671 892
671 913
671 916
671 923
671 966
672 680
672 681
672 701
672 817
672 832
672 863
672 876
672 880
672 882
672 899
672 912
672 920
672 929
672 954
672 956
672 963
672 970
673 675
674 684
674 711
674 718
674 765
674 776
674 792
674 800
674 839
674 844
674 860
674 872
674 898
674 911
674 919
674 925
674 931
674 940
676 732
676 769
676 772
676 786
676 794
676 813
676 841
676 870
676 907
676 930
676 946
676 953
676 955
676 961
676 975
677 689
677 706
677 717
677 737
677 750
677 779
677 836
677 840
677 850
677 857
677 873
677 894
677 904
678 781
678 854
678 856
678 888
678 902
678 909
678 915
678 926
678 934
678 936
679 688
679 763
679 771
679 796
679 802
679 807
679 809
679 814
679 838
679 861
679 869
679 875
679 885
679 910
679 921
679 942
679 943
680 719
680 863
680 880
680 882
680 899
680 920
680 929
680 954
680 956
680 963
680 970
681 719
681 817
681 863
681 876
681 882
681 899
681 912
681 920
681 929
681 956
681 963
681 970
682 694
682 754
682 764
682 774
682 808
682 822
682 831
682 833
682 871
682 883
682 937
682 945
682 958
682 964
682 965
682 971
682 974
682 976
683 721
683 811
683 834
683 858
683 864
683 865
683 866
683 879
683 884
683 893
683 896
683 897
683 903
683 906
684 718
684 776
684 788
684 792
684 800
684 821
684 827
684 839
684 860
684 872
684 898
684 911
684 919
684 925
684 940
685 761
685 972
686 698
686 699
686 735
686 782
686 790
686 843
686 849
686 874
686 887
686 889
686 895
686 944
687 712
687 760
687 762
687 768
687 801
687 825
687 892
687 913
687 916
687 923
687 966
688 747
688 763
688 802
688 809
688 814
688 838
688 861
688 875
688 885
688 910
688 921
688 942
688 943
689 706
689 717
689 737
689 750
689 779
689 836
689 840
689 850
689 857
689 878
689 894
689 904
690 726
690 745
690 816
690 818
690 824
690 891
690 917
690 941
690 947
690 960
690 967
690 969
690 977
690 980
690 981
690 984
690 997
691 725
691 751
691 767
691 783
691 803
691 804
691 810
691 846
691 848
691 851
691 949
691 957
691 973
692 713
692 720
692 744
692 752
692 793
692 798
692 815
692 820
692 823
692 852
692 867
692 877
692 890
693 703
693 739
693 837
694 754
694 764
694 774
694 822
694 831
694 833
694 871
694 883
694 937
694 945
694 958
694 964
694 965
694 971
694 974
694 976
695 724
696 709
696 715
696 769
696 786
696 787
696 794
696 805
696 813
696 870
696 907
696 930
696 946
696 953
696 955
696 961
696 975
697 842
697 855
697 950
697 952
697 962
697 978
697 983
697 985
697 986
697 987
697 988
697 989
697 990
697 991
697 992
697 993
697 994
697 995
697 996
697 998
697 999
697 1000
698 699
698 735
698 749
698 766
698 775
698 790
698 849
698 868
698 887
698 889
698 895
698 914
699 735
699 766
699 775
699 782
699 849
699 868
699 874
699 887
699 895
699 951
700 730
700 743
700 784
700 791
701 880
701 882
701 899
701 912
701 920
701 929
701 954
701 956
701 963
701 970
702 714
702 728
702 746
702 797
702 799
702 886
702 900
702 922
702 924
702 928
702 932
702 939
702 948
702 959
702 968
703 722
703 785
703 837
704 746
704 773
704 799
704 853
704 881
704 886
704 922
704 928
704 932
704 939
704 948
704 959
704 968
705 707
705 711
705 718
705 765
705 776
705 788
705 821
705 827
705 839
705 844
705 860
705 872
705 898
705 911
705 919
705 925
705 931
705 940
706 717
706 737
706 750
706 779
706 836
706 840
706 850
706 857
706 894
706 904
707 765
707 776
707 800
707 821
707 827
707 844
707 860
707 872
707 898
707 911
707 919
707 925
707 931
707 940
709 748
709 786
709 787
709 805
709 813
709 841
709 870
709 907
709 930
709 946
709 953
709 955
709 961
709 975
710 716
710 757
710 819
710 826
710 835
710 847
710 859
711 765
711 776
711 788
711 792
711 800
711 821
711 827
711 839
711 860
711 872
711 898
711 911
711 919
711 925
711 931
711 940
712 738
712 760
712 762
712 806
712 825
712 892
712 913
712 916
712 923
712 966
713 720
713 744
713 752
713 793
713 798
713 815
713 820
713 823
713 852
713 867
713 877
713 890
714 728
714 773
714 797
714 799
714 853
714 886
714 900
714 922
714 924
714 928
714 932
714 939
714 948
714 959
714 968
715 732
715 748
715 769
715 772
715 786
715 787
715 805
715 813
715 907
715 930
715 946
715 953
715 955
715 961
715 975
716 757
716 770
716 819
716 826
716 835
716 847
716 859
717 750
717 779
717 836
717 840
717 850
717 857
717 873
717 878
717 894
717 904
718 765
718 776
718 788
718 792
718 800
718 839
718 844
718 860
718 872
718 898
718 911
718 919
718 925
718 931
718 940
719 832
719 863
719 876
719 880
719 882
719 912
719 920
719 929
719 954
719 956
719 963
719 970
720 744
720 752
720 793
720 798
720 815
720 820
720 823
720 852
720 867
720 877
720 890
721 811
721 834
721 858
721 864
721 865
721 866
721 879
721 884
721 893
721 896
721 897
721 903
721 906
722 739
722 785
722 837
723 830
723 842
723 855
723 950
723 952
723 962
723 978
723 983
723 985
723 986
723 987
723 988
723 989
723 990
723 991
723 992
723 993
723 994
723 995
723 996
723 998
723 999
723 1000
725 736
725 751
725 767
725 789
725 803
725 810
725 845
725 846
725 848
725 949
725 957
725 973
726 742
726 745
726 816
726 901
726 917
726 927
726 941
726 947
726 967
726 969
726 977
726 979
726 980
726 981
726 982
726 984
726 997
727 747
727 771
727 796
727 807
727 809
727 814
727 838
727 861
727 869
727 875
727 885
727 910
727 921
727 942
727 943
728 746
728 773
728 797
728 799
728 886
728 922
728 924
728 928
728 932
728 939
728 948
728 959
728 968
729 731
729 759
729 829
729 854
729 888
729 908
729 909
729 915
729 926
729 934
729 935
729 936
730 743
730 791
731 759
731 781
731 829
731 854
731 856
731 862
731 888
731 902
731 908
731 909
731 915
731 926
731 934
731 935
731 936
732 769
732 787
732 794
732 813
732 841
732 870
732 907
732 930
732 946
732 953
732 955
732 961
732 975
733 828
733 830
733 842
733 855
733 950
733 952
733 962
733 978
733 983
733 985
733 986
733 987
733 988
733 989
733 990
733 991
733 992
733 993
733 994
733 995
733 996
733 998
733 999
733 1000
735 749
735 766
735 790
735 849
735 887
735 889
735 895
735 914
735 951
736 767
736 783
736 789
736 803
736 804
736 810
736 845
736 846
736 848
736 851
736 949
736 957
736 973
737 750
737 779
737 836
737 850
737 857
737 873
737 878
737 894
737 904
738 760
738 762
738 768
738 806
738 825
738 892
738 913
738 916
738 923
738 966
739 785
739 837
741 749
741 868
741 874
741 887
741 889
741 895
741 914
741 944
741 951
742 816
742 818
742 891
742 901
742 917
742 927
742 941
742 947
742 960
742 967
742 969
742 979
742 981
742 982
742 997
743 784
743 791
744 752
744 793
744 798
744 815
744 820
744 823
744 852
744 867
744 877
744 890
745 816
745 818
745 824
745 891
745 917
745 927
745 941
745 947
745 960
745 967
745 969
745 977
745 979
745 980
745 981
745 982
745 997
746 773
746 797
746 853
746 881
746 886
746 900
746 922
746 924
746 932
746 939
746 959
746 968
747 755
747 771
747 802
747 807
747 814
747 838
747 861
747 869
747 885
747 910
747 921
747 942
747 943
748 769
748 772
748 786
748 794
748 841
748 870
748 907
748 930
748 946
748 953
748 961
748 975
749 790
749 843
749 868
749 874
749 887
749 889
749 895
749 914
749 944
749 951
750 779
750 836
750 840
750 850
750 857
750 873
750 878
750 894
750 904
751 767
751 783
751 789
751 803
751 804
751 810
751 846
751 851
751 949
751 957
751 973
752 793
752 798
752 815
752 820
752 823
752 852
752 867
752 877
752 890
753 759
753 781
753 854
753 856
753 862
753 888
753 902
753 908
753 909
753 915
753 926
753 934
753 935
753 936
754 764
754 774
754 808
754 812
754 822
754 831
754 833
754 871
754 883
754 937
754 945
754 958
754 964
754 965
754 971
754 974
754 976
755 771
755 796
755 802
755 809
755 814
755 838
755 869
755 885
755 910
755 921
755 942
755 943
756 828
756 830
756 842
756 855
756 950
756 952
756 962
756 978
756 983
756 985
756 986
756 987
756 988
756 989
756 990
756 991
756 992
756 993
756 994
756 995
756 996
756 998
756 999
756 1000
757 770
757 819
757 835
757 847
757 859
759 829
759 854
759 856
759 862
759 888
759 902
759 909
759 915
759 926
759 934
759 935
759 936
760 762
760 768
760 801
760 806
760 825
760 892
760 913
760 916
760 923
760 966
761 972
762 768
762 806
762 825
762 892
762 913
762 916
762 923
762 966
763 771
763 796
763 802
763 807
763 809
763 838
763 861
763 869
763 875
763 885
763 910
763 921
763 942
763 943
764 774
764 808
764 812
764 822
764 831
764 871
764 883
764 937
764 945
764 958
764 964
764 965
764 971
764 974
764 976
765 776
765 788
765 792
765 800
765 821
765 827
765 839
765 860
765 898
765 919
765 925
765 931
765 940
766 775
766 782
766 790
766 843
766 849
766 868
766 874
766 889
766 895
766 944
766 951
767 783
767 789
767 803
767 804
767 810
767 845
767 846
767 848
767 851
767 949
767 957
767 973
768 801
768 806
768 825
768 892
768 913
768 916
768 923
768 966
769 772
769 787
769 805
769 813
769 841
769 870
769 907
769 930
769 946
769 953
769 955
769 961
769 975
770 819
770 826
770 835
770 847
770 859
771 796
771 807
771 814
771 838
771 869
771 875
771 885
771 910
771 921
771 942
771 943
772 786
772 787
772 805
772 813
772 841
772 870
772 907
772 930
772 946
772 953
772 955
772 961
772 975
773 797
773 853
773 886
773 900
773 924
773 928
773 932
773 939
773 948
773 959
773 968
774 808
774 831
774 833
774 871
774 883
774 937
774 945
774 958
774 964
774 965
774 971
774 974
774 976
775 843
775 849
775 868
775 887
775 889
775 895
775 914
775 944
776 792
776 821
776 827
776 839
776 860
776 872
776 898
776 911
776 919
776 925
776 931
776 940
777 780
777 795
777 828
777 830
777 842
777 855
777 950
777 952
777 962
777 978
777 983
777 985
777 986
777 987
777 988
777 989
777 990
777 991
777 992
777 993
777 994
777 995
777 996
777 998
777 999
777 1000
778 918
778 938
779 836
779 840
779 850
779 857
779 873
779 878
779 904
780 795
780 828
780 830
780 842
780 855
780 950
780 952
780 962
780 978
780 983
780 985
780 986
780 987
780 988
780 989
780 990
780 991
780 992
780 993
780 994
780 995
780 996
780 998
780 999
780 1000
781 856
781 862
781 888
781 902
781 908
781 909
781 915
781 926
781 936
782 790
782 849
782 874
782 887
782 889
782 895
782 914
782 944
782 951
783 803
783 804
783 845
783 846
783 848
783 851
783 949
783 957
783 973
784 791
785 837
786 787
786 794
786 805
786 841
786 870
786 907
786 930
786 946
786 953
786 955
786 961
786 975
787 805
787 813
787 841
787 907
787 930
787 953
787 955
787 961
787 975
788 792
788 800
788 821
788 827
788 839
788 844
788 860
788 898
788 911
788 919
788 925
788 931
788 940
789 803
789 804
789 845
789 846
789 949
789 957
789 973
790 843
790 849
790 868
790 874
790 887
790 889
790 951
792 800
792 821
792 839
792 844
792 860
792 872
792 898
792 911
792 919
792 925
792 931
792 940
793 798
793 815
793 820
793 823
793 852
793 867
793 877
793 890
794 805
794 813
794 841
794 870
794 907
794 930
794 946
794 953
794 955
794 961
794 975
795 828
795 830
795 842
795 855
795 950
795 952
795 962
795 978
795 983
795 985
795 986
795 987
795 988
795 989
795 990
795 991
795 992
795 993
795 994
795 995
795 996
795 998
795 999
795 1000
796 809
796 814
796 838
796 861
796 885
796 910
796 921
796 942
796 943
797 799
797 881
797 886
797 900
797 922
797 924
797 928
797 932
797 939
797 948
797 959
797 968
798 815
798 820
798 823
798 852
798 867
798 877
798 890
799 853
799 881
799 886
799 900
799 922
799 924
799 932
799 939
799 948
799 959
799 968
800 821
800 827
800 844
800 860
800 898
800 911
800 919
800 925
800 931
800 940
801 806
801 825
801 892
801 913
801 916
801 923
801 966
802 807
802 809
802 814
802 838
802 861
802 869
802 875
802 885
802 910
802 942
802 943
803 804
803 810
803 845
803 846
803 848
803 949
803 957
803 973
804 810
804 845
804 846
804 848
804 851
804 949
804 957
804 973
805 841
805 930
805 946
805 953
805 955
805 961
805 975
806 892
806 913
806 916
806 923
806 966
807 809
807 814
807 838
807 861
807 869
807 875
807 885
807 910
807 921
807 942
807 943
808 812
808 831
808 833
808 871
808 883
808 937
808 958
808 964
808 965
808 971
808 974
808 976
809 814
809 838
809 861
809 869
809 885
809 910
809 921
809 942
809 943
810 845
810 846
810 848
810 851
810 949
810 957
810 973
811 834
811 858
811 864
811 865
811 866
811 879
811 884
811 893
811 896
811 897
811 903
811 906
812 831
812 833
812 871
812 937
812 945
812 958
812 964
812 965
812 971
812 974
812 976
813 841
813 870
813 907
813 930
813 946
813 953
813 955
813 975
814 838
814 861
814 869
814 875
814 885
814 910
814 921
814 942
814 943
815 820
815 823
815 852
815 867
815 877
815 890
816 824
816 891
816 917
816 947
816 960
816 969
816 977
816 979
816 980
816 981
816 982
816 984
816 997
817 832
817 863
817 876
817 880
817 899
817 920
817 929
817 954
817 956
817 963
817 970
818 891
818 901
818 917
818 927
818 941
818 947
818 960
818 969
818 977
818 979
818 980
818 981
818 982
818 984
818 997
819 826
819 835
819 847
819 859
820 823
820 852
820 867
820 877
820 890
821 827
821 839
821 844
821 860
821 872
821 898
821 911
821 919
821 925
821 931
821 940
822 831
822 833
822 883
822 937
822 945
822 958
822 964
822 965
822 971
822 974
822 976
823 852
823 867
823 877
823 890
824 891
824 901
824 917
824 927
824 941
824 960
824 967
824 969
824 977
824 979
824 980
824 981
824 982
824 984
824 997
825 892
825 913
825 916
825 923
825 966
826 835
826 847
826 859
827 844
827 860
827 872
827 898
827 911
827 919
827 925
827 931
827 940
828 830
828 842
828 855
828 950
828 952
828 962
828 978
828 983
828 985
828 986
828 987
828 988
828 989
828 990
828 991
828 992
828 993
828 994
828 995
828 996
828 998
828 999
828 1000
829 856
829 862
829 888
829 902
829 908
829 909
829 915
829 926
829 934
829 935
829 936
830 842
830 855
830 950
830 952
830 962
830 978
830 983
830 985
830 986
830 987
830 988
830 989
830 990
830 991
830 992
830 993
830 994
830 995
830 996
830 998
830 999
830 1000
831 833
831 871
831 883
831 937
831 945
831 958
831 964
831 965
831 971
831 974
831 976
832 863
832 876
832 882
832 899
832 912
832 920
832 929
832 954
832 956
832 963
832 970
833 883
833 937
833 945
833 958
833 964
833 965
833 971
833 974
833 976
834 858
834 864
834 865
834 866
834 879
834 884
834 893
834 896
834 897
834 903
834 906
835 847
835 859
836 840
836 850
836 857
836 873
836 878
836 894
836 904
838 861
838 869
838 875
838 885
838 910
838 942
838 943
839 844
839 860
839 872
839 898
839 911
839 919
839 925
839 931
839 940
840 850
840 857
840 873
840 878
840 894
840 904
841 870
841 907
841 930
841 946
841 955
841 961
841 975
842 855
842 950
842 952
842 962
842 978
842 983
842 985
842 986
842 987
842 988
842 989
842 990
842 991
842 992
842 993
842 994
842 995
842 996
842 998
842 999
842 1000
843 849
843 868
843 874
843 887
843 889
843 914
843 951
844 860
844 872
844 898
844 911
844 919
844 925
844 931
844 940
845 846
845 851
845 949
845 957
845 973
846 848
846 851
846 949
846 957
846 973
847 859
848 851
848 949
848 957
848 973
849 874
849 887
849 889
849 895
849 914
849 944
849 951
850 857
850 873
850 878
850 894
850 904
851 949
851 957
851 973
852 867
852 877
852 890
853 881
853 886
853 900
853 922
853 924
853 928
853 932
853 939
853 948
853 959
853 968
854 856
854 902
854 909
854 915
854 926
854 934
854 935
854 936
855 950
855 952
855 962
855 978
855 983
855 985
855 986
855 987
855 988
855 989
855 990
855 991
855 992
855 993
855 994
855 995
855 996
855 998
855 999
855 1000
856 862
856 888
856 902
856 908
856 915
856 926
856 934
856 935
856 936
857 873
857 878
857 894
857 904
858 864
858 865
858 866
858 879
858 884
858 893
858 896
858 897
858 903
858 906
860 872
860 898
860 911
860 919
860 925
860 931
860 940
861 875
861 885
861 910
861 921
861 942
861 943
862 902
862 908
862 909
862 915
862 926
862 934
862 935
862 936
863 876
863 880
863 882
863 899
863 912
863 920
863 929
863 954
863 956
863 963
863 970
864 865
864 866
864 879
864 884
864 893
864 896
864 897
864 903
864 906
865 866
865 879
865 884
865 893
865 896
865 897
865 903
865 906
866 879
866 884
866 893
866 896
866 897
866 903
866 906
867 877
867 890
868 874
868 895
868 914
868 944
868 951
869 875
869 885
869 910
869 921
869 942
869 943
870 907
870 930
870 946
870 953
870 955
870 961
870 975
871 883
871 937
871 945
871 958
871 964
871 965
871 971
871 974
871 976
872 898
872 911
872 919
872 925
872 931
872 940
873 878
873 894
874 914
874 944
874 951
875 885
875 910
875 921
875 942
875 943
876 880
876 899
876 912
876 929
876 954
876 956
876 963
876 970
877 890
878 894
878 904
879 884
879 893
879 896
879 897
879 903
879 906
880 882
880 899
880 912
880 920
880 956
880 963
880 970
881 886
881 922
881 924
881 928
881 932
881 939
881 948
881 959
881 968
882 899
882 912
882 920
882 929
882 954
882 963
882 970
883 937
883 945
883 958
883 964
883 965
883 971
883 974
883 976
884 893
884 896
884 897
884 903
884 906
885 910
885 921
885 942
885 943
886 900
886 922
886 924
886 928
886 932
886 939
886 948
886 959
886 968
887 895
887 944
888 902
888 908
888 909
888 926
888 934
888 935
888 936
889 895
889 914
889 944
889 951
891 917
891 927
891 941
891 947
891 960
891 967
891 969
891 977
891 979
891 981
891 982
891 984
891 997
892 913
892 916
892 923
892 966
893 896
893 897
893 903
893 906
894 904
895 914
895 944
895 951
896 897
896 903
896 906
897 903
897 906
898 911
898 919
898 925
898 931
898 940
899 912
899 920
899 929
899 954
899 956
899 963
899 970
900 922
900 924
900 928
900 932
900 939
900 948
900 959
900 968
901 917
901 927
901 941
901 947
901 960
901 967
901 969
901 977
901 979
901 981
901 982
901 984
901 997
902 908
902 909
902 926
902 936
903 906
907 946
907 953
907 955
907 961
907 975
908 909
908 915
908 926
908 934
908 935
908 936
909 915
909 934
909 935
909 936
910 921
910 942
910 943
911 925
911 931
911 940
912 920
912 929
912 954
912 956
912 963
912 970
913 916
913 923
913 966
914 944
914 951
915 926
915 934
915 935
915 936
916 923
916 966
917 927
917 941
917 947
917 960
917 967
917 969
917 977
917 979
917 981
917 982
917 984
917 997
918 938
919 925
919 931
919 940
920 929
920 954
920 956
920 963
920 970
921 942
921 943
922 924
922 928
922 932
922 939
922 948
922 959
922 968
923 966
924 928
924 932
924 939
924 948
924 959
924 968
925 931
925 940
926 934
926 935
926 936
927 941
927 947
927 960
927 969
927 979
927 980
927 981
927 982
927 997
928 932
928 939
928 948
928 959
928 968
929 954
929 956
929 963
929 970
930 946
930 953
930 955
930 961
930 975
931 940
932 939
932 948
932 959
932 968
934 935
934 936
937 945
937 958
937 964
937 965
937 971
937 974
937 976
939 948
939 959
939 968
941 960
941 967
941 969
941 977
941 979
941 980
941 981
941 982
941 984
941 997
942 943
944 951
945 958
945 964
945 965
945 971
945 974
945 976
946 953
946 955
946 961
946 975
947 960
947 967
947 969
947 977
947 979
947 980
947 981
947 982
947 984
947 997
948 959
948 968
949 957
949 973
950 952
950 962
950 978
950 983
950 985
950 986
950 987
950 988
950 989
950 990
950 991
950 992
950 993
950 994
950 995
950 996
950 998
950 999
950 1000
952 962
952 978
952 983
952 985
952 986
952 987
952 988
952 989
952 990
952 991
952 992
952 993
952 994
952 995
952 996
952 998
952 999
952 1000
953 955
953 961
953 975
954 956
954 963
954 970
955 961
955 975
956 963
956 970
957 973
958 964
958 965
958 971
958 974
958 976
959 968
960 967
960 969
960 977
960 979
960 980
960 981
960 982
960 984
960 997
961 975
962 978
962 983
962 985
962 986
962 987
962 988
962 989
962 990
962 991
962 992
962 993
962 994
962 995
962 996
962 998
962 999
962 1000
963 970
964 965
964 971
964 974
964 976
965 971
965 974
965 976
967 969
967 977
967 980
967 981
967 982
967 984
967 997
969 979
969 980
969 981
969 982
969 984
969 997
971 974
971 976
974 976
977 979
977 980
977 981
977 982
977 984
977 997
978 983
978 985
978 986
978 987
978 988
978 989
978 990
978 991
978 992
978 993
978 994
978 995
978 996
978 998
978 999
978 1000
979 980
979 981
979 984
979 997
980 981
980 982
980 984
980 997
981 982
981 984
981 997
982 984
982 997
983 985
983 986
983 987
983 988
983 989
983 990
983 991
983 992
983 993
983 994
983 995
983 996
983 998
983 999
983 1000
984 997
985 986
985 987
985 988
985 989
985 990
985 991
985 992
985 993
985 994
985 995
985 996
985 998
985 999
985 1000
986 987
986 988
986 989
986 990
986 991
986 992
986 993
986 994
986 995
986 996
986 998
986 999
986 1000
987 988
987 989
987 990
987 991
987 992
987 993
987 994
987 995
987 996
987 998
987 999
987 1000
988 989
988 990
988 991
988 992
988 993
988 994
988 995
988 996
988 998
988 999
988 1000
989 990
989 991
989 992
989 993
989 994
989 995
989 996
989 998
989 999
989 1000
990 991
990 992
990 993
990 994
990 995
990 996
990 998
990 999
990 1000
991 992
991 993
991 994
991 995
991 996
991 998
991 999
991 1000
992 993
992 994
992 995
992 996
992 998
992 999
992 1000
993 994
993 995
993 996
993 998
993 999
993 1000
994 995
994 996
994 998
994 999
994 1000
995 996
995 998
995 999
995 1000
996 998
996 999
996 1000
998 999
998 1000
999 1000
