1 145
1 394
1 511
1 544
1 611
1 734
1 758
1 778
1 886
1 938
2 595
2 622
2 669
2 691
2 803
2 804
2 846
2 848
2 851
2 949
3 98
3 397
3 725
3 736
3 751
3 767
3 789
3 803
3 851
3 949
4 295
4 304
4 345
4 462
4 531
4 592
4 594
4 612
4 713
4 739
5 392
5 471
5 494
5 624
5 782
5 825
5 868
5 887
5 951
5 975
6 577
6 727
6 796
6 861
6 875
6 885
6 910
6 921
6 942
6 943
7 692
7 720
7 805
7 815
7 820
7 823
7 852
7 867
7 877
7 890
8 145
8 339
8 348
8 394
8 508
8 734
8 758
8 778
8 886
8 938
9 26
9 175
9 300
9 336
9 338
9 340
9 385
9 400
9 418
9 827
10 285
10 428
10 439
10 528
10 542
10 550
10 560
10 587
10 614
10 933
11 408
11 568
11 917
11 927
11 960
11 967
11 969
11 977
11 979
11 984
12 581
12 798
12 836
12 840
12 873
12 878
12 904
12 953
12 957
12 972
13 160
13 319
13 473
13 543
13 563
13 668
13 693
13 703
13 722
13 837
14 226
14 308
14 422
14 441
14 464
14 502
14 517
14 553
14 565
14 569
15 605
15 623
15 768
15 801
15 806
15 892
15 913
15 916
15 923
15 966
16 271
16 714
16 900
16 922
16 924
16 932
16 939
16 948
16 959
16 968
17 186
17 219
17 229
17 248
17 261
17 382
17 575
17 591
17 647
17 905
18 449
18 608
18 641
18 718
18 821
18 844
18 860
18 898
18 919
18 940
19 207
19 339
19 452
19 511
19 611
19 734
19 758
19 778
19 886
19 938
20 41
20 44
20 69
20 81
20 110
20 150
20 640
21 97
21 120
21 257
21 459
21 708
22 672
22 785
22 817
22 876
22 912
22 920
22 954
22 956
22 963
22 970
23 121
23 190
23 282
23 322
23 359
23 378
23 404
23 412
23 632
23 656
24 754
24 831
24 883
24 937
24 958
24 964
24 965
24 971
24 974
24 976
25 180
25 854
25 856
25 888
25 915
25 918
25 926
25 934
25 935
25 936
26 123
26 300
26 336
26 338
26 340
26 385
26 400
26 418
26 827
27 58
27 112
27 159
27 267
27 315
27 334
27 407
27 695
27 724
27 894
28 401
28 728
28 797
28 900
28 922
28 932
28 939
28 948
28 959
28 968
29 139
29 438
29 741
29 766
29 774
29 843
29 868
29 889
29 895
29 951
30 160
30 251
30 368
30 543
30 563
30 668
30 693
30 703
30 722
30 837
31 748
31 769
31 813
31 818
31 839
31 841
31 870
31 946
31 955
31 961
32 273
32 567
32 572
32 596
32 686
32 749
32 825
32 843
32 887
32 895
33 285
33 428
33 439
33 528
33 542
33 550
33 560
33 587
33 614
33 933
34 186
34 253
34 254
34 381
34 382
34 500
34 575
34 591
34 647
34 905
35 985
35 986
35 988
35 989
35 990
35 991
35 992
35 993
35 998
35 999
36 168
36 202
36 312
36 330
36 464
36 502
36 517
36 553
36 565
36 569
37 432
37 662
37 672
37 863
37 880
37 912
37 929
37 956
37 963
37 970
38 181
38 300
38 336
38 338
38 340
38 385
38 400
38 418
38 827
39 104
39 317
39 917
39 941
39 969
39 977
39 979
39 980
39 981
39 982
40 610
40 618
40 691
40 789
40 803
40 804
40 846
40 848
40 851
40 949
41 44
41 69
41 81
41 110
41 150
41 640
42 697
42 706
42 717
42 750
42 779
42 798
42 904
42 953
42 957
42 972
43 168
43 308
43 330
43 422
43 441
43 464
43 502
43 553
43 565
43 569
44 69
44 81
44 110
44 150
44 640
45 564
45 710
45 757
45 765
45 819
45 826
45 835
45 859
45 896
45 914
46 985
46 986
46 988
46 989
46 990
46 991
46 992
46 993
46 998
46 999
47 251
47 386
47 414
47 451
47 537
47 543
47 693
47 703
47 722
47 837
49 538
49 776
49 800
49 821
49 860
49 872
49 898
49 919
49 931
49 940
50 639
50 833
50 871
50 937
50 958
50 964
50 965
50 971
50 974
50 976
51 383
51 520
51 532
51 535
51 821
51 911
51 919
51 925
51 931
51 940
52 478
52 642
52 649
52 657
52 762
52 836
52 850
52 953
52 957
52 972
53 280
53 379
53 523
53 547
53 555
53 585
53 586
53 685
53 761
54 705
54 718
54 776
54 844
54 860
54 898
54 911
54 925
54 931
54 940
55 275
55 282
55 322
55 359
55 378
55 404
55 412
55 632
55 656
56 688
56 714
56 853
56 900
56 924
56 928
56 932
56 939
56 959
56 968
57 272
57 797
57 900
57 924
57 928
57 932
57 939
57 948
57 959
57 968
58 112
58 159
58 250
58 267
58 371
58 529
58 695
58 724
58 894
59 773
59 799
59 881
59 900
59 924
59 928
59 932
59 948
59 959
59 968
60 320
60 630
60 716
60 765
60 826
60 835
60 847
60 859
60 896
60 914
62 167
62 670
62 785
62 817
62 863
62 899
62 929
62 954
62 963
62 970
63 103
63 220
63 267
63 313
63 371
63 407
63 529
63 695
63 724
63 894
64 131
64 260
64 292
64 498
64 603
65 295
65 304
65 345
65 462
65 531
65 592
65 594
65 612
65 713
65 739
66 355
66 424
66 742
66 947
66 960
66 969
66 977
66 979
66 980
66 981
67 455
67 460
67 637
67 650
67 659
67 700
67 730
67 784
67 791
67 952
68 461
68 900
68 922
68 924
68 928
68 932
68 939
68 948
68 959
68 968
69 81
69 110
69 150
69 640
70 425
70 824
70 901
70 927
70 967
70 969
70 977
70 979
70 984
70 997
71 280
71 337
71 379
71 523
71 547
71 555
71 585
71 586
71 685
71 761
72 178
72 332
72 677
72 798
72 840
72 878
72 904
72 953
72 957
72 972
73 985
73 986
73 988
73 989
73 990
73 991
73 992
73 993
73 998
73 999
74 99
74 134
74 146
74 165
74 331
74 486
74 679
74 740
75 362
75 368
75 386
75 537
75 563
75 668
75 693
75 703
75 722
75 837
76 696
76 715
76 732
76 813
76 818
76 839
76 870
76 946
76 955
76 961
77 85
77 687
77 760
77 801
77 806
77 892
77 913
77 916
77 923
77 966
78 610
78 669
78 725
78 751
78 789
78 803
78 845
78 846
78 848
78 949
79 623
79 738
79 760
79 801
79 806
79 892
79 913
79 916
79 923
79 966
80 754
80 812
80 883
80 945
80 958
80 964
80 965
80 971
80 974
80 976
81 110
81 150
81 640
82 342
82 715
82 769
82 787
82 813
82 839
82 841
82 946
82 955
82 961
83 753
83 759
83 856
83 888
83 902
83 908
83 909
83 915
83 926
83 935
84 337
84 379
84 523
84 547
84 555
84 585
84 586
84 685
84 761
85 286
85 760
85 801
85 806
85 892
85 913
85 916
85 923
85 966
86 564
86 571
86 757
86 765
86 770
86 826
86 835
86 859
86 896
86 914
87 705
87 776
87 800
87 844
87 860
87 872
87 911
87 925
87 931
87 940
88 124
88 230
88 335
88 377
88 455
88 598
88 659
88 784
88 791
88 952
89 190
89 275
89 282
89 322
89 359
89 378
89 404
89 412
89 632
89 656
90 452
90 508
90 511
90 544
90 611
90 734
90 758
90 778
90 886
90 938
91 105
91 107
91 217
91 463
91 598
91 637
91 650
91 700
91 784
91 952
92 754
92 812
92 937
92 945
92 958
92 964
92 965
92 971
92 974
92 976
93 395
93 571
93 710
93 770
93 819
93 847
93 859
93 896
93 914
94 481
94 748
94 772
94 787
94 818
94 841
94 870
94 946
94 955
94 961
95 440
95 725
95 751
95 767
95 789
95 803
95 845
95 848
95 851
95 949
96 170
96 339
96 348
96 452
96 508
96 734
96 758
96 778
96 886
96 938
97 120
97 257
97 459
97 708
98 443
98 669
98 725
98 767
98 845
98 846
98 848
98 851
98 949
99 134
99 146
99 165
99 331
99 486
99 679
99 740
100 112
100 159
100 250
100 276
100 313
100 407
100 529
100 695
100 724
100 894
101 604
101 622
101 736
101 751
101 789
101 845
101 846
101 848
101 851
101 949
103 116
103 220
103 313
103 315
103 371
103 529
103 695
103 724
103 894
104 824
104 891
104 941
104 977
104 979
104 980
104 981
104 982
104 984
105 416
105 460
105 637
105 650
105 659
105 730
105 743
105 791
105 952
106 193
106 214
106 283
106 352
106 790
106 868
106 889
106 944
106 951
106 975
107 218
107 598
107 637
107 700
107 730
107 743
107 784
107 791
107 952
108 169
108 224
108 337
108 379
108 523
108 547
108 555
108 585
108 586
108 685
108 761
109 692
109 744
109 752
109 805
109 815
109 820
109 823
109 852
109 867
109 877
109 890
110 150
110 640
111 661
111 747
111 763
111 807
111 838
111 861
111 869
111 910
111 921
111 942
111 943
112 116
112 276
112 315
112 407
112 529
112 695
112 724
112 894
113 822
113 831
113 871
113 937
113 945
113 958
113 964
113 965
113 971
113 974
113 976
114 227
114 438
114 525
114 600
114 698
114 699
114 741
114 782
114 944
114 951
114 975
115 377
115 416
115 460
115 463
115 637
115 650
115 700
115 730
115 743
115 784
115 952
116 216
116 220
116 315
116 334
116 371
116 529
116 695
116 724
116 894
117 184
117 477
117 572
117 600
117 741
117 749
117 790
117 849
117 889
117 951
117 975
118 683
118 858
118 864
118 865
118 866
118 879
118 884
118 893
118 897
118 903
118 906
119 124
119 231
119 416
119 455
119 650
119 700
119 730
119 743
119 784
119 791
119 952
120 257
120 459
120 708
121 190
121 275
121 282
121 322
121 359
121 378
121 404
121 412
121 632
121 656
122 871
122 883
122 937
122 945
122 958
122 964
122 965
122 971
122 974
122 976
123 175
123 181
123 300
123 336
123 338
123 340
123 385
123 400
123 418
123 827
124 377
124 460
124 659
124 700
124 730
124 743
124 784
124 791
124 952
125 769
125 772
125 787
125 813
125 818
125 839
125 841
125 870
125 946
125 955
125 961
126 141
126 674
126 792
126 844
126 860
126 872
126 898
126 911
126 925
126 931
126 940
127 454
127 672
127 832
127 882
127 899
127 912
127 929
127 954
127 956
127 963
127 970
128 666
128 881
128 900
128 922
128 924
128 928
128 939
128 948
128 959
128 968
129 530
129 604
129 725
129 751
129 767
129 803
129 804
129 846
129 848
129 851
129 949
130 683
130 786
130 810
130 858
130 864
130 865
130 884
130 893
130 897
130 903
130 906
131 260
131 292
131 498
131 603
132 484
132 605
132 623
132 671
132 712
132 801
132 892
132 913
132 916
132 923
132 966
133 471
133 494
133 698
133 775
133 790
133 843
133 849
133 868
133 887
133 895
133 975
134 146
134 165
134 331
134 486
134 679
134 740
135 259
135 285
135 428
135 439
135 528
135 542
135 550
135 560
135 587
135 614
135 933
136 590
136 901
136 917
136 941
136 947
136 967
136 969
136 980
136 981
136 982
136 984
137 349
137 540
137 757
137 770
137 819
137 826
137 835
137 847
137 859
137 896
137 914
138 200
138 548
138 671
138 687
138 712
138 738
138 892
138 913
138 916
138 923
138 966
139 567
139 653
139 686
139 699
139 735
139 741
139 775
139 843
139 895
139 975
140 311
140 687
140 712
140 738
140 768
140 892
140 913
140 916
140 923
140 966
141 302
141 674
141 705
141 776
141 788
141 800
141 872
141 898
141 925
141 940
142 481
142 506
142 709
142 715
142 772
142 787
142 839
142 870
142 946
142 955
142 961
143 161
143 384
143 712
143 768
143 801
143 806
143 892
143 913
143 916
143 923
143 966
144 226
144 475
144 788
144 792
144 872
144 898
144 911
144 919
144 925
144 931
144 940
145 324
145 339
145 348
145 394
145 734
145 758
145 778
145 886
145 938
146 165
146 331
146 486
146 679
146 740
147 601
147 682
147 883
147 937
147 945
147 958
147 964
147 965
147 971
147 974
147 976
148 311
148 384
148 687
148 738
148 801
148 806
148 892
148 913
148 916
148 923
148 966
149 597
149 664
149 689
149 781
149 902
149 909
149 915
149 918
149 926
149 934
149 936
150 640
151 714
151 853
151 881
151 900
151 924
151 928
151 932
151 939
151 948
151 959
151 968
153 293
153 390
153 571
153 589
153 716
153 765
153 770
153 826
153 847
153 896
153 914
154 626
154 744
154 752
154 805
154 815
154 820
154 823
154 852
154 867
154 877
154 890
156 552
156 599
156 719
156 788
156 821
156 860
156 872
156 911
156 925
156 931
156 940
157 763
157 771
157 802
157 814
157 838
157 869
157 885
157 910
157 921
157 942
157 943
158 697
158 762
158 798
158 829
158 840
158 857
158 878
158 904
158 953
158 957
158 972
159 220
159 250
159 276
159 334
159 529
159 695
159 724
159 894
160 244
160 251
160 451
160 537
160 543
160 693
160 722
160 837
161 605
161 671
161 760
161 801
161 806
161 892
161 913
161 916
161 923
161 966
162 369
162 630
162 710
162 757
162 765
162 819
162 835
162 847
162 859
162 896
162 914
163 607
163 729
163 731
163 753
163 854
163 856
163 909
163 915
163 918
163 926
163 936
164 341
164 706
164 762
164 829
164 836
164 850
164 878
164 904
164 953
164 957
164 972
165 331
165 486
165 679
165 740
166 199
166 219
166 229
166 248
166 253
166 261
166 382
166 575
166 591
166 647
166 905
167 680
167 785
167 817
167 880
167 882
167 912
167 920
167 954
167 956
167 970
168 308
168 422
168 441
168 464
168 502
168 517
168 553
168 565
168 569
169 224
169 280
169 379
169 523
169 547
169 555
169 585
169 586
169 685
169 761
170 309
170 394
170 417
170 452
170 611
170 734
170 758
170 778
170 886
170 938
171 320
171 571
171 710
171 716
171 757
171 819
171 826
171 847
171 859
171 896
171 914
172 978
172 985
172 986
172 988
172 989
172 990
172 991
172 992
172 993
172 998
172 999
173 678
173 753
173 854
173 862
173 888
173 902
173 908
173 909
173 918
173 926
173 934
174 469
174 810
174 811
174 858
174 865
174 866
174 879
174 884
174 897
174 903
174 906
175 181
175 300
175 336
175 338
175 340
175 385
175 400
175 418
175 827
176 295
176 304
176 321
176 345
176 462
176 531
176 592
176 594
176 612
176 713
176 739
177 709
177 715
177 772
177 787
177 813
177 818
177 841
177 870
177 946
177 955
177 961
178 556
178 750
178 840
178 857
178 873
178 904
178 953
178 957
178 972
179 187
179 191
179 194
179 236
179 274
179 393
179 491
179 518
180 597
180 753
180 854
180 888
180 908
180 915
180 918
180 934
180 935
180 936
181 300
181 336
181 338
181 340
181 385
181 400
181 418
181 827
182 434
182 515
182 578
182 664
182 781
182 856
182 902
182 918
182 926
182 934
182 936
183 411
183 759
183 854
183 856
183 862
183 908
183 909
183 918
183 926
183 934
183 935
184 653
184 735
184 825
184 849
184 868
184 887
184 889
184 895
184 951
184 975
185 424
185 726
185 742
185 745
185 917
185 941
185 960
185 967
185 979
185 980
185 984
186 219
186 253
186 261
186 381
186 500
186 575
186 591
186 647
186 905
187 191
187 194
187 236
187 274
187 393
187 491
187 518
188 450
188 927
188 941
188 947
188 960
188 967
188 969
188 977
188 979
188 980
188 984
189 195
189 408
189 450
189 479
189 512
189 745
189 901
189 927
189 982
189 984
189 997
190 275
190 322
190 359
190 378
190 404
190 412
190 632
190 656
191 194
191 236
191 274
191 393
191 491
191 518
192 364
192 623
192 687
192 738
192 760
192 801
192 892
192 913
192 916
192 923
192 966
193 505
193 617
193 624
193 699
193 749
193 766
193 790
193 825
193 889
193 951
194 236
194 274
194 393
194 491
194 518
195 522
195 568
195 891
195 901
195 917
195 941
195 967
195 980
195 981
195 982
196 425
196 445
196 479
196 487
196 651
196 824
196 927
196 947
196 967
196 977
196 997
197 618
197 620
197 622
197 736
197 767
197 803
197 804
197 845
197 846
197 851
197 949
198 461
198 797
198 881
198 900
198 922
198 924
198 932
198 939
198 948
198 959
198 968
199 229
199 253
199 254
199 381
199 382
199 500
199 575
199 591
199 647
199 905
200 623
200 712
200 738
200 760
200 768
200 806
200 913
200 916
200 923
200 966
201 325
201 583
201 627
201 816
201 891
201 917
201 927
201 947
201 979
201 984
201 997
202 226
202 308
202 312
202 330
202 422
202 441
202 517
202 553
202 565
202 569
203 355
203 627
203 644
203 690
203 891
203 941
203 969
203 979
203 980
203 981
203 984
204 833
204 871
204 883
204 937
204 945
204 958
204 964
204 965
204 971
204 974
204 976
205 317
205 355
205 373
205 425
205 816
205 824
205 891
205 941
205 947
205 969
205 997
206 720
206 744
206 752
206 805
206 815
206 820
206 823
206 852
206 867
206 877
206 890
207 348
207 508
207 511
207 544
207 611
207 734
207 758
207 778
207 886
207 938
208 747
208 763
208 796
208 802
208 869
208 875
208 885
208 910
208 921
208 942
208 943
209 666
209 702
209 773
209 799
209 922
209 928
209 932
209 939
209 948
209 959
209 968
210 501
210 522
210 644
210 690
210 941
210 947
210 969
210 977
210 982
210 984
210 997
211 557
211 753
211 759
211 888
211 908
211 909
211 915
211 918
211 926
211 935
211 936
213 286
213 548
213 712
213 760
213 768
213 801
213 806
213 892
213 913
213 916
213 923
213 966
214 477
214 494
214 505
214 617
214 735
214 749
214 868
214 895
214 944
214 951
214 975
215 270
215 389
215 617
215 645
215 653
215 665
215 749
215 774
215 782
215 895
215 951
215 975
216 220
216 276
216 313
216 315
216 334
216 371
216 407
216 529
216 695
216 724
216 894
217 230
217 377
217 637
217 650
217 659
217 700
217 730
217 743
217 784
217 791
217 952
218 335
218 460
218 598
218 637
218 659
218 700
218 730
218 743
218 784
218 791
218 952
219 248
219 253
219 261
219 381
219 500
219 575
219 591
219 647
219 905
220 267
220 315
220 334
220 529
220 695
220 724
220 894
221 675
221 727
221 802
221 807
221 814
221 838
221 861
221 875
221 910
221 921
221 942
221 943
222 323
222 678
222 854
222 856
222 862
222 888
222 902
222 908
222 909
222 915
222 935
222 936
223 786
223 810
223 834
223 858
223 864
223 865
223 866
223 884
223 893
223 897
223 903
223 906
224 280
224 337
224 379
224 523
224 547
224 555
224 585
224 586
224 685
224 761
225 615
225 720
225 744
225 752
225 805
225 815
225 820
225 823
225 852
225 867
225 877
225 890
226 233
226 422
226 441
226 464
226 502
226 517
226 553
226 565
226 569
227 392
227 438
227 554
227 646
227 698
227 775
227 849
227 874
227 887
227 889
227 895
228 692
228 720
228 744
228 752
228 805
228 815
228 820
228 823
228 852
228 867
228 877
228 890
229 248
229 254
229 381
229 382
229 500
229 575
229 591
229 647
229 905
230 463
230 598
230 637
230 650
230 659
230 730
230 743
230 784
230 791
230 952
231 256
231 335
231 455
231 463
231 598
231 637
231 730
231 743
231 784
231 791
231 952
232 307
232 457
232 499
232 516
232 521
232 584
232 619
232 636
232 655
232 673
232 707
232 973
233 308
233 312
233 330
233 422
233 441
233 464
233 502
233 517
233 553
233 565
233 569
234 401
234 492
234 602
234 666
234 728
234 853
234 922
234 924
234 932
234 948
234 959
234 968
235 347
235 351
235 480
235 499
235 521
235 584
235 619
235 636
235 655
235 673
235 707
235 973
236 274
236 393
236 491
236 518
237 481
237 709
237 715
237 748
237 769
237 813
237 839
237 841
237 870
237 946
237 955
237 961
239 433
239 438
239 567
239 617
239 629
239 686
239 749
239 843
239 868
239 874
239 889
239 975
240 808
240 812
240 871
240 883
240 937
240 945
240 958
240 964
240 965
240 971
240 974
240 976
241 328
241 449
241 552
241 792
241 844
241 860
241 872
241 911
241 919
241 925
241 931
241 940
242 288
242 831
242 871
242 883
242 937
242 945
242 958
242 964
242 965
242 971
242 974
242 976
243 663
243 675
243 755
243 807
243 861
243 869
243 875
243 885
243 910
243 921
243 942
243 943
244 362
244 386
244 414
244 473
244 537
244 563
244 668
244 693
244 703
244 722
244 837
245 443
245 476
245 669
245 691
245 736
245 789
245 804
245 845
245 846
245 848
245 851
245 949
246 384
246 671
246 687
246 712
246 768
246 801
246 806
246 892
246 913
246 916
246 923
246 966
247 660
247 696
247 732
247 748
247 772
247 787
247 839
247 841
247 870
247 946
247 955
247 961
248 254
248 381
248 382
248 500
248 575
248 591
248 647
248 905
249 497
249 635
249 662
249 672
249 680
249 880
249 920
249 929
249 954
249 956
249 963
249 970
250 267
250 313
250 315
250 334
250 371
250 407
250 695
250 724
250 894
251 319
251 362
251 451
251 473
251 537
251 668
251 703
251 722
251 837
252 390
252 395
252 474
252 533
252 716
252 757
252 770
252 826
252 847
252 859
252 896
252 914
253 261
253 382
253 500
253 575
253 591
253 647
253 905
254 261
254 381
254 382
254 500
254 575
254 591
254 647
254 905
255 326
255 368
255 414
255 451
255 473
255 537
255 563
255 668
255 693
255 703
255 722
255 837
256 416
256 463
256 637
256 650
256 659
256 700
256 730
256 743
256 784
256 791
256 952
257 459
257 708
258 663
258 771
258 807
258 809
258 838
258 861
258 869
258 875
258 910
258 921
258 942
258 943
259 285
259 428
259 439
259 528
259 542
259 550
259 560
259 587
259 614
259 933
260 292
260 498
260 603
261 381
261 500
261 575
261 591
261 647
261 905
262 773
262 797
262 853
262 881
262 900
262 922
262 924
262 928
262 932
262 948
262 959
262 968
263 962
263 978
263 985
263 986
263 988
263 989
263 990
263 991
263 992
263 993
263 998
263 999
264 638
264 755
264 763
264 771
264 814
264 838
264 861
264 885
264 910
264 921
264 942
264 943
265 667
265 728
265 773
265 881
265 922
265 924
265 928
265 932
265 939
265 948
265 959
265 968
266 534
266 649
266 654
266 779
266 798
266 829
266 850
266 873
266 904
266 953
266 957
266 972
267 276
267 371
267 407
267 529
267 695
267 724
267 894
268 411
268 515
268 664
268 856
268 862
268 902
268 908
268 909
268 918
268 926
268 934
268 936
269 318
269 497
269 648
269 832
269 876
269 882
269 899
269 929
269 954
269 956
269 963
269 970
270 352
270 554
270 653
270 665
270 698
270 825
270 843
270 849
270 868
270 951
270 975
271 797
271 881
271 900
271 922
271 924
271 928
271 932
271 939
271 948
271 959
271 968
272 799
272 881
272 900
272 922
272 924
272 928
272 932
272 939
272 948
272 959
272 968
273 392
273 477
273 645
273 646
273 653
273 774
273 849
273 889
273 895
273 944
273 951
274 393
274 491
274 518
275 282
275 322
275 359
275 378
275 404
275 412
275 632
275 656
276 313
276 371
276 407
276 529
276 695
276 724
276 894
277 483
277 786
277 834
277 858
277 864
277 866
277 879
277 884
277 893
277 897
277 903
277 906
278 488
278 824
278 901
278 917
278 941
278 960
278 969
278 977
278 979
278 980
278 981
278 984
279 541
279 721
279 811
279 834
279 858
279 864
279 865
279 884
279 893
279 897
279 903
279 906
280 337
280 523
280 547
280 555
280 585
280 586
280 685
280 761
281 307
281 351
281 396
281 480
281 482
281 521
281 619
281 636
281 655
281 673
281 707
281 973
282 322
282 359
282 378
282 404
282 412
282 632
282 656
283 352
283 505
283 558
283 606
283 775
283 782
283 825
283 843
283 868
283 874
283 889
283 944
284 572
284 624
284 629
284 774
284 849
284 868
284 874
284 887
284 889
284 895
284 944
284 951
284 975
285 428
285 439
285 528
285 542
285 550
285 560
285 587
285 614
285 933
286 623
286 712
286 760
286 768
286 801
286 806
286 892
286 913
286 916
286 923
286 966
287 389
287 392
287 477
287 505
287 558
287 617
287 698
287 699
287 766
287 774
287 790
287 895
287 975
288 510
288 514
288 539
288 808
288 937
288 945
288 958
288 964
288 965
288 971
288 974
288 976
289 950
289 962
289 978
289 985
289 986
289 988
289 989
289 990
289 991
289 992
289 993
289 998
289 999
290 373
290 450
290 456
290 487
290 501
290 651
290 690
290 742
290 917
290 941
290 977
290 979
290 982
291 696
291 715
291 732
291 772
291 787
291 813
291 818
291 839
291 841
291 870
291 946
291 955
291 961
292 498
292 603
293 320
293 540
293 589
293 710
293 716
293 757
293 826
293 835
293 847
293 859
293 896
293 914
294 559
294 597
294 664
294 678
294 729
294 759
294 862
294 909
294 915
294 926
294 934
294 935
294 936
295 304
295 321
295 345
295 462
295 531
295 592
295 594
295 612
295 713
295 739
296 501
296 583
296 690
296 726
296 816
296 927
296 941
296 967
296 969
296 977
296 981
296 982
296 997
297 626
297 692
297 720
297 744
297 752
297 805
297 815
297 820
297 823
297 852
297 867
297 877
297 890
298 573
298 666
298 773
298 799
298 853
298 881
298 900
298 924
298 928
298 939
298 948
298 959
298 968
299 349
299 571
299 630
299 716
299 757
299 765
299 819
299 826
299 835
299 847
299 859
299 896
299 914
300 336
300 338
300 340
300 385
300 400
300 418
300 827
302 380
302 475
302 633
302 711
302 718
302 719
302 792
302 860
302 898
302 911
302 919
302 925
304 321
304 345
304 462
304 531
304 592
304 594
304 612
304 713
304 739
305 539
305 808
305 822
305 833
305 871
305 883
305 945
305 958
305 964
305 965
305 971
305 974
305 976
306 652
306 694
306 831
306 833
306 871
306 937
306 945
306 958
306 964
306 965
306 971
306 974
306 976
307 347
307 457
307 480
307 521
307 584
307 619
307 636
307 655
307 673
307 707
307 973
308 312
308 422
308 441
308 502
308 517
308 553
308 565
308 569
309 324
309 417
309 452
309 508
309 511
309 544
309 611
309 734
309 758
309 778
309 886
309 938
310 442
310 583
310 742
310 917
310 941
310 960
310 967
310 977
310 979
310 980
310 981
310 982
310 997
311 605
311 712
311 738
311 760
311 801
311 806
311 892
311 913
311 916
311 923
311 966
312 330
312 422
312 441
312 464
312 502
312 517
312 553
312 565
312 569
313 315
313 334
313 371
313 407
313 695
313 724
313 894
314 449
314 520
314 532
314 599
314 633
314 674
314 821
314 844
314 860
314 898
314 911
314 919
314 940
315 407
315 529
315 695
315 724
315 894
317 374
317 590
317 627
317 726
317 824
317 927
317 941
317 967
317 980
317 981
317 982
318 576
318 635
318 648
318 876
318 880
318 912
318 920
318 929
318 954
318 956
318 963
318 970
319 326
319 368
319 446
319 473
319 537
319 543
319 668
319 693
319 703
319 722
319 837
320 395
320 716
320 770
320 819
320 826
320 835
320 847
320 859
320 896
320 914
321 345
321 462
321 531
321 592
321 594
321 612
321 713
321 739
322 359
322 378
322 404
322 412
322 632
322 656
323 430
323 493
323 507
323 557
323 597
323 625
323 689
323 862
323 915
323 918
323 926
323 936
324 348
324 417
324 452
324 508
324 544
324 611
324 734
324 758
324 778
324 886
324 938
325 568
325 745
325 891
325 901
325 941
325 967
325 969
325 977
325 979
325 980
325 982
325 984
326 362
326 368
326 386
326 473
326 543
326 563
326 668
326 693
326 703
326 722
326 837
327 785
327 817
327 832
327 863
327 876
327 880
327 882
327 899
327 920
327 929
327 956
327 963
327 970
328 520
328 641
328 800
328 844
328 860
328 872
328 898
328 911
328 919
328 925
328 931
328 940
329 398
329 506
329 660
329 709
329 732
329 748
329 769
329 813
329 841
329 870
329 946
329 955
329 961
330 422
330 441
330 464
330 502
330 517
330 553
330 565
330 569
331 486
331 679
331 740
332 534
332 549
332 588
332 717
332 762
332 779
332 829
332 878
332 904
332 953
332 957
332 972
333 642
333 649
333 737
333 750
333 798
333 829
333 836
333 857
333 873
333 904
333 953
333 957
333 972
334 371
334 407
334 529
334 695
334 724
334 894
335 460
335 463
335 598
335 659
335 700
335 730
335 743
335 784
335 791
335 952
336 338
336 340
336 385
336 400
336 418
336 827
337 379
337 523
337 547
337 555
337 585
337 586
337 685
337 761
338 340
338 385
338 400
338 418
338 827
339 394
339 417
339 511
339 611
339 734
339 758
339 778
339 886
339 938
340 385
340 400
340 418
340 827
341 549
341 677
341 697
341 779
341 829
341 836
341 873
341 878
341 904
341 953
341 957
341 972
342 509
342 732
342 748
342 787
342 813
342 818
342 839
342 841
342 870
342 946
342 955
342 961
343 478
343 762
343 779
343 798
343 836
343 840
343 857
343 873
343 878
343 904
343 953
343 957
343 972
344 549
344 677
344 717
344 737
344 762
344 798
344 829
344 850
344 857
344 878
344 953
344 957
344 972
345 462
345 531
345 592
345 594
345 612
345 713
345 739
346 613
346 683
346 721
346 786
346 811
346 834
346 858
346 865
346 866
346 879
346 893
346 903
346 906
347 396
347 480
347 482
347 516
347 584
347 619
347 636
347 655
347 673
347 707
347 973
348 511
348 544
348 611
348 734
348 758
348 778
348 886
348 938
349 369
349 533
349 757
349 765
349 770
349 819
349 826
349 835
349 859
349 896
349 914
350 352
350 433
350 477
350 505
350 567
350 570
350 698
350 735
350 790
350 825
350 849
350 874
350 944
351 482
351 499
351 516
351 521
351 584
351 619
351 636
351 655
351 673
351 707
351 973
352 505
352 629
352 645
352 646
352 665
352 849
352 874
352 889
352 951
353 950
353 962
353 978
353 985
353 986
353 988
353 989
353 990
353 991
353 992
353 993
353 998
353 999
354 478
354 556
354 581
354 631
354 654
354 836
354 840
354 850
354 873
354 878
354 904
354 957
354 972
355 627
355 745
355 816
355 917
355 967
355 977
355 980
355 981
355 982
355 997
356 430
356 503
356 607
356 625
356 731
356 781
356 862
356 888
356 902
356 908
356 909
356 926
356 934
356 935
357 372
357 670
357 817
357 863
357 876
357 880
357 899
357 912
357 920
357 929
357 954
357 956
357 963
357 970
358 615
358 626
358 692
358 720
358 744
358 752
358 805
358 815
358 820
358 823
358 852
358 867
358 877
358 890
359 378
359 404
359 412
359 632
359 656
360 556
360 737
360 750
360 762
360 798
360 836
360 840
360 850
360 857
360 873
360 878
360 953
360 957
360 972
361 541
361 613
361 810
361 811
361 858
361 864
361 865
361 866
361 879
361 884
361 893
361 897
361 903
361 906
362 386
362 446
362 451
362 473
362 563
362 668
362 693
362 703
362 722
362 837
363 447
363 488
363 522
363 583
363 745
363 816
363 901
363 927
363 947
363 969
363 977
363 980
363 981
363 997
364 413
364 548
364 623
364 671
364 687
364 738
364 768
364 806
364 892
364 913
364 916
364 923
364 966
365 842
365 950
365 962
365 978
365 985
365 986
365 988
365 989
365 990
365 991
365 992
365 993
365 998
365 999
367 615
367 626
367 692
367 720
367 744
367 752
367 805
367 815
367 820
367 823
367 852
367 867
367 877
367 890
368 414
368 446
368 451
368 563
368 668
368 693
368 703
368 722
368 837
369 395
369 474
369 533
369 540
369 710
369 757
369 819
369 835
369 847
369 859
369 896
369 914
370 472
370 681
370 721
370 810
370 811
370 834
370 864
370 866
370 879
370 884
370 893
370 897
370 903
370 906
371 529
371 695
371 724
371 894
372 950
372 962
372 978
372 985
372 986
372 988
372 989
372 990
372 991
372 992
372 993
372 998
372 999
373 616
373 816
373 891
373 941
373 947
373 960
373 967
373 977
373 979
373 981
373 982
373 984
374 470
374 479
374 561
374 566
374 651
374 690
374 824
374 947
374 960
374 967
374 969
374 982
374 997
375 399
375 681
375 683
375 721
375 834
375 864
375 865
375 866
375 879
375 884
375 893
375 897
375 903
375 906
376 643
376 747
376 796
376 807
376 809
376 814
376 861
376 869
376 875
376 885
376 910
376 921
376 942
376 943
377 416
377 463
377 637
377 650
377 659
377 700
377 743
377 784
377 791
377 952
378 404
378 412
378 632
378 656
379 523
379 547
379 555
379 585
379 586
379 685
379 761
380 383
380 641
380 684
380 718
380 776
380 800
380 821
380 872
380 898
380 911
380 919
380 925
380 931
381 382
381 500
381 575
381 591
381 647
381 905
382 500
382 575
382 591
382 647
382 905
383 633
383 641
383 705
383 776
383 788
383 821
383 860
383 898
383 911
383 919
383 925
383 931
384 671
384 738
384 760
384 768
384 801
384 806
384 892
384 913
384 916
384 923
384 966
385 400
385 418
385 827
386 414
386 446
386 451
386 543
386 563
386 668
386 693
386 722
386 837
387 842
387 950
387 962
387 978
387 985
387 986
387 988
387 989
387 990
387 991
387 992
387 993
387 998
387 999
388 661
388 663
388 771
388 796
388 807
388 809
388 838
388 869
388 875
388 885
388 910
388 921
388 942
388 943
389 438
389 646
389 665
389 741
389 749
389 782
389 825
389 843
389 868
389 895
389 944
389 951
390 540
390 564
390 630
390 710
390 765
390 819
390 826
390 835
390 847
390 859
390 896
390 914
392 554
392 558
392 629
392 698
392 782
392 843
392 887
392 944
392 951
392 975
393 491
393 518
394 417
394 511
394 544
394 611
394 734
394 758
394 778
394 886
394 938
395 533
395 571
395 589
395 630
395 716
395 757
395 770
395 819
395 896
395 914
396 480
396 482
396 499
396 516
396 521
396 584
396 619
396 636
396 655
396 673
396 707
396 973
397 476
397 530
397 604
397 610
397 669
397 691
397 767
397 789
397 845
397 846
397 848
397 851
397 949
398 429
398 696
398 709
398 715
398 787
398 813
398 818
398 839
398 841
398 870
398 946
398 955
398 961
399 786
399 810
399 834
399 858
399 864
399 865
399 866
399 879
399 884
399 893
399 897
399 903
399 906
400 418
400 827
401 403
401 704
401 853
401 900
401 922
401 924
401 928
401 932
401 939
401 948
401 959
401 968
402 842
402 950
402 962
402 978
402 985
402 986
402 988
402 989
402 990
402 991
402 992
402 993
402 998
402 999
403 667
403 728
403 797
403 799
403 853
403 881
403 922
403 928
403 932
403 939
403 948
403 959
403 968
404 412
404 632
404 656
405 513
405 649
405 706
405 717
405 779
405 829
405 836
405 857
405 873
405 878
405 904
405 953
405 957
405 972
406 415
406 678
406 729
406 731
406 759
406 854
406 902
406 908
406 909
406 915
406 918
406 934
406 935
406 936
407 695
407 724
407 894
408 437
408 447
408 690
408 891
408 901
408 947
408 969
408 977
408 980
408 982
408 984
408 997
409 445
409 447
409 456
409 488
409 512
409 644
409 901
409 927
409 941
409 947
409 967
409 969
409 979
409 981
410 842
410 950
410 962
410 978
410 985
410 986
410 988
410 989
410 990
410 991
410 992
410 993
410 998
410 999
411 578
411 678
411 753
411 759
411 854
411 862
411 888
411 902
411 918
411 926
411 934
411 935
412 632
412 656
413 484
413 548
413 605
413 671
413 687
413 760
413 768
413 801
413 892
413 913
413 916
413 923
413 966
414 446
414 473
414 537
414 543
414 563
414 668
414 703
414 722
414 837
415 430
415 578
415 729
415 759
415 856
415 862
415 888
415 908
415 909
415 915
415 934
415 935
415 936
416 455
416 460
416 650
416 659
416 700
416 730
416 743
416 784
416 791
416 952
417 452
417 508
417 511
417 544
417 611
417 734
417 758
417 778
417 886
417 938
418 827
419 472
419 613
419 721
419 786
419 810
419 834
419 858
419 864
419 865
419 866
419 879
419 893
419 897
419 903
419 906
420 830
420 842
420 950
420 962
420 978
420 985
420 986
420 988
420 989
420 990
420 991
420 992
420 993
420 998
420 999
422 464
422 502
422 517
422 553
422 565
422 569
424 545
424 561
424 568
424 583
424 917
424 927
424 960
424 967
424 979
424 981
424 982
424 984
424 997
425 437
425 651
425 690
425 824
425 941
425 947
425 960
425 977
425 980
425 981
425 982
425 997
426 830
426 842
426 950
426 962
426 978
426 985
426 986
426 988
426 989
426 990
426 991
426 992
426 993
426 998
426 999
427 469
427 613
427 683
427 786
427 811
427 858
427 864
427 865
427 866
427 879
427 884
427 893
427 897
427 903
427 906
428 439
428 528
428 542
428 550
428 560
428 587
428 614
428 933
429 660
429 715
429 732
429 769
429 772
429 787
429 813
429 818
429 839
429 841
429 870
429 946
429 955
429 961
430 759
430 854
430 856
430 862
430 888
430 908
430 909
430 915
430 918
430 934
430 935
430 936
431 487
431 566
431 590
431 644
431 726
431 742
431 816
431 901
431 947
431 960
431 967
431 977
431 980
431 981
431 997
432 496
432 635
432 680
432 701
432 817
432 863
432 876
432 882
432 912
432 920
432 954
432 956
432 963
432 970
433 525
433 606
433 645
433 698
433 699
433 741
433 775
433 782
433 825
433 843
433 849
433 944
433 951
434 493
434 503
434 678
434 781
434 854
434 856
434 902
434 908
434 909
434 918
434 926
434 934
434 935
434 936
435 546
435 615
435 626
435 692
435 720
435 744
435 752
435 805
435 815
435 820
435 823
435 852
435 867
435 877
435 890
436 746
436 764
436 812
436 831
436 833
436 871
436 883
436 937
436 945
436 958
436 964
436 965
436 971
436 974
436 976
437 583
437 590
437 644
437 742
437 824
437 901
437 917
437 967
437 969
437 977
437 981
437 984
437 997
438 567
438 600
438 665
438 698
438 699
438 825
438 849
438 874
438 889
438 944
439 528
439 542
439 550
439 560
439 587
439 614
439 933
440 443
440 476
440 604
440 610
440 691
440 725
440 736
440 751
440 803
440 804
440 845
440 848
440 851
440 949
441 464
441 502
441 517
441 553
441 565
441 569
442 590
442 616
442 627
442 651
442 891
442 927
442 947
442 967
442 969
442 979
442 980
442 981
442 982
442 997
443 604
443 620
443 669
443 691
443 736
443 751
443 767
443 803
443 846
443 848
443 851
443 949
445 447
445 488
445 501
445 568
445 627
445 816
445 824
445 941
445 960
445 979
445 981
445 982
445 997
446 451
446 473
446 537
446 543
446 563
446 668
446 693
446 703
446 722
446 837
447 488
447 616
447 627
447 891
447 947
447 960
447 969
447 981
447 982
447 984
447 997
448 595
448 618
448 669
448 691
448 725
448 736
448 751
448 767
448 789
448 803
448 804
448 845
448 846
448 848
448 949
449 520
449 538
449 684
449 705
449 711
449 776
449 788
449 898
449 911
449 925
449 931
449 940
450 561
450 901
450 927
450 941
450 947
450 960
450 967
450 979
450 981
450 982
450 984
450 997
451 473
451 543
451 668
451 693
451 703
451 722
451 837
452 508
452 544
452 611
452 734
452 758
452 778
452 886
452 938
454 489
454 574
454 670
454 817
454 832
454 863
454 880
454 882
454 920
454 929
454 954
454 956
454 963
454 970
455 460
455 598
455 637
455 650
455 700
455 730
455 743
455 784
455 791
455 952
456 522
456 590
456 745
456 927
456 947
456 967
456 969
456 977
456 979
456 980
456 981
456 982
456 984
457 480
457 482
457 499
457 516
457 521
457 584
457 619
457 636
457 655
457 673
457 707
457 973
458 497
458 634
458 662
458 680
458 785
458 832
458 882
458 899
458 912
458 920
458 929
458 954
458 956
458 963
458 970
459 708
460 598
460 650
460 700
460 743
460 784
460 791
460 952
461 602
461 666
461 702
461 704
461 853
461 922
461 924
461 928
461 932
461 939
461 948
461 959
461 968
462 531
462 592
462 594
462 612
462 713
462 739
463 598
463 650
463 659
463 700
463 730
463 784
463 791
463 952
464 502
464 517
464 553
464 565
464 569
465 483
465 495
465 683
465 786
465 811
465 834
465 864
465 865
465 866
465 879
465 884
465 893
465 897
465 903
465 906
468 785
468 817
468 832
468 863
468 876
468 880
468 882
468 899
468 912
468 920
468 929
468 954
468 956
468 963
468 970
469 541
469 721
469 810
469 834
469 858
469 864
469 865
469 879
469 884
469 893
469 897
469 903
469 906
470 512
470 545
470 590
470 627
470 824
470 891
470 927
470 947
470 977
470 979
470 980
470 982
470 984
470 997
471 554
471 570
471 606
471 646
471 665
471 686
471 774
471 782
471 790
471 849
471 874
471 944
471 951
471 975
472 495
472 681
472 786
472 810
472 811
472 834
472 858
472 864
472 866
472 879
472 884
472 893
472 897
472 906
473 537
473 563
473 693
473 703
473 722
473 837
474 564
474 630
474 710
474 716
474 757
474 765
474 770
474 819
474 826
474 835
474 847
474 859
474 896
474 914
475 684
475 705
475 718
475 719
475 776
475 788
475 792
475 800
475 821
475 844
475 898
475 911
475 931
475 940
476 618
476 622
476 669
476 725
476 751
476 789
476 803
476 804
476 845
476 846
476 848
476 851
476 949
477 554
477 572
477 606
477 741
477 790
477 825
477 849
477 887
477 944
477 951
477 975
478 649
478 697
478 706
478 779
478 798
478 829
478 836
478 850
478 873
478 878
478 953
478 957
478 972
479 568
479 583
479 616
479 901
479 917
479 941
479 960
479 967
479 969
479 979
479 980
479 981
479 997
480 482
480 499
480 516
480 584
480 619
480 636
480 655
480 673
480 707
480 973
481 696
481 732
481 748
481 769
481 772
481 813
481 818
481 839
481 841
481 870
481 946
481 955
481 961
482 499
482 516
482 521
482 584
482 619
482 636
482 655
482 673
482 707
482 973
483 495
483 541
483 681
483 683
483 810
483 834
483 864
483 865
483 879
483 884
483 893
483 897
483 903
483 906
484 548
484 605
484 623
484 671
484 712
484 738
484 760
484 768
484 806
484 892
484 913
484 916
484 923
484 966
485 546
485 615
485 626
485 692
485 720
485 744
485 752
485 805
485 815
485 820
485 823
485 852
485 867
485 877
485 890
486 679
486 740
487 545
487 561
487 566
487 583
487 726
487 917
487 947
487 960
487 979
487 980
487 981
487 982
487 984
488 816
488 891
488 927
488 941
488 960
488 967
488 977
488 980
488 982
488 984
488 997
489 497
489 526
489 576
489 579
489 662
489 670
489 882
489 899
489 912
489 920
489 929
489 954
489 956
489 963
489 970
491 518
492 573
492 704
492 714
492 773
492 799
492 853
492 881
492 900
492 922
492 924
492 928
492 939
492 948
492 959
492 968
493 557
493 689
493 753
493 781
493 854
493 856
493 888
493 902
493 915
493 918
493 926
493 934
493 935
493 936
494 558
494 572
494 600
494 606
494 645
494 735
494 766
494 868
494 874
494 889
494 944
494 951
494 975
495 681
495 683
495 811
495 834
495 858
495 865
495 866
495 879
495 884
495 893
495 897
495 903
495 906
496 635
496 648
496 785
496 817
496 863
496 876
496 880
496 882
496 899
496 912
496 929
496 954
496 956
496 963
496 970
497 662
497 785
497 832
497 863
497 876
497 899
497 912
497 929
497 954
497 956
497 963
497 970
498 603
499 516
499 521
499 584
499 619
499 636
499 655
499 673
499 707
499 973
500 575
500 591
500 603
500 647
500 905
501 816
501 891
501 901
501 927
501 941
501 947
501 960
501 979
501 980
501 982
501 984
501 997
502 517
502 553
502 565
502 569
503 625
503 664
503 678
503 689
503 731
503 854
503 888
503 902
503 908
503 909
503 915
503 918
503 926
503 934
504 777
504 830
504 842
504 950
504 962
504 978
504 985
504 986
504 988
504 989
504 990
504 991
504 992
504 993
504 998
504 999
505 525
505 596
505 600
505 624
505 646
505 766
505 774
505 849
505 874
505 944
506 660
506 696
506 715
506 732
506 769
506 772
506 787
506 818
506 839
506 841
506 870
506 946
506 955
506 961
507 578
507 597
507 731
507 781
507 856
507 862
507 902
507 908
507 909
507 915
507 918
507 926
507 934
507 935
507 936
508 511
508 544
508 611
508 734
508 758
508 778
508 886
508 938
509 660
509 696
509 709
509 748
509 769
509 772
509 787
509 813
509 818
509 839
509 841
509 870
509 946
509 955
509 961
510 551
510 580
510 652
510 746
510 822
510 833
510 883
510 937
510 945
510 958
510 964
510 965
510 971
510 974
510 976
511 544
511 734
511 758
511 778
511 886
511 938
512 616
512 690
512 742
512 891
512 901
512 917
512 927
512 947
512 960
512 969
512 981
512 984
512 997
513 549
513 588
513 654
513 657
513 677
513 697
513 798
513 836
513 840
513 850
513 857
513 878
513 953
513 957
513 972
514 754
514 812
514 822
514 831
514 833
514 871
514 883
514 937
514 945
514 958
514 964
514 965
514 971
514 974
514 976
515 559
515 597
515 729
515 759
515 781
515 862
515 908
515 909
515 915
515 918
515 926
515 934
515 935
515 936
516 521
516 584
516 619
516 636
516 655
516 673
516 707
516 973
517 553
517 565
517 569
519 639
519 658
519 694
519 764
519 808
519 822
519 831
519 871
519 937
519 945
519 958
519 964
519 965
519 971
519 974
519 976
520 535
520 599
520 608
520 633
520 641
520 711
520 719
520 844
520 911
520 919
520 925
520 931
520 940
521 584
521 619
521 636
521 655
521 673
521 707
521 973
522 583
522 590
522 651
522 816
522 917
522 927
522 941
522 960
522 977
522 981
522 982
522 984
522 997
523 547
523 555
523 585
523 586
523 685
523 761
524 573
524 667
524 688
524 704
524 773
524 799
524 853
524 881
524 900
524 922
524 924
524 928
524 932
524 939
524 948
524 959
524 968
525 554
525 570
525 606
525 645
525 686
525 782
525 790
525 868
525 874
525 887
525 889
525 944
525 951
525 975
526 536
526 634
526 648
526 701
526 832
526 863
526 876
526 880
526 899
526 912
526 920
526 929
526 954
526 956
526 963
526 970
527 643
527 661
527 663
527 727
527 747
527 755
527 796
527 809
527 814
527 838
527 861
527 875
527 885
527 910
527 921
527 942
527 943
528 542
528 550
528 560
528 587
528 614
528 933
529 695
529 724
529 894
530 595
530 610
530 618
530 725
530 736
530 751
530 767
530 789
530 804
530 845
530 846
530 848
530 851
530 949
531 592
531 594
531 612
531 713
531 739
532 535
532 538
532 552
532 674
532 684
532 705
532 718
532 776
532 800
532 860
532 872
532 898
532 919
532 931
532 940
533 564
533 589
533 710
533 716
533 765
533 770
533 819
533 826
533 835
533 847
533 859
533 896
533 914
534 549
534 588
534 654
534 697
534 706
534 737
534 750
534 762
534 840
534 873
534 878
534 904
534 953
534 957
534 972
535 641
535 705
535 711
535 719
535 776
535 788
535 821
535 860
535 872
535 911
535 919
535 925
535 931
535 940
536 574
536 635
536 662
536 672
536 701
536 863
536 876
536 880
536 882
536 899
536 920
536 929
536 954
536 956
536 963
536 970
537 543
537 563
537 668
537 693
537 703
537 722
537 837
538 608
538 633
538 711
538 718
538 800
538 844
538 860
538 872
538 898
538 911
538 919
538 925
538 931
538 940
539 601
539 658
539 694
539 764
539 808
539 871
539 883
539 937
539 945
539 958
539 964
539 965
539 971
539 974
539 976
540 589
540 630
540 710
540 716
540 757
540 765
540 819
540 826
540 835
540 847
540 859
540 896
540 914
541 681
541 810
541 811
541 858
541 864
541 865
541 866
541 879
541 884
541 893
541 897
541 903
541 906
542 550
542 560
542 587
542 614
542 933
543 563
543 668
543 693
543 703
543 722
543 837
544 611
544 734
544 758
544 778
544 886
544 938
545 644
545 726
545 745
545 901
545 917
545 927
545 960
545 967
545 969
545 977
545 980
545 981
545 982
545 997
546 615
546 626
546 692
546 720
546 744
546 752
546 805
546 815
546 820
546 823
546 852
546 867
546 877
546 890
547 555
547 585
547 586
547 685
547 761
548 605
548 623
548 687
548 738
548 760
548 768
548 806
548 892
548 913
548 916
548 923
548 966
549 631
549 642
549 657
549 706
549 737
549 762
549 779
549 857
549 873
549 904
549 957
549 972
550 560
550 587
550 614
550 933
551 652
551 694
551 812
551 822
551 831
551 833
551 871
551 883
551 937
551 945
551 958
551 964
551 965
551 971
551 974
551 976
552 599
552 674
552 684
552 719
552 792
552 800
552 821
552 872
552 898
552 911
552 919
552 925
552 931
552 940
553 565
553 569
554 572
554 600
554 629
554 646
554 699
554 766
554 775
554 782
554 843
554 889
554 951
555 585
555 586
555 685
555 761
556 581
556 631
556 657
556 706
556 717
556 737
556 829
556 840
556 850
556 857
556 873
556 878
556 953
556 957
556 972
557 559
557 607
557 625
557 664
557 678
557 689
557 731
557 753
557 854
557 856
557 908
557 915
557 918
557 935
557 936
558 570
558 629
558 653
558 686
558 699
558 735
558 766
558 843
558 868
558 889
558 895
558 944
558 951
558 975
559 597
559 607
559 625
559 678
559 729
559 753
559 781
559 854
559 888
559 908
559 909
559 915
559 934
559 935
559 936
560 587
560 614
560 933
561 566
561 726
561 745
561 891
561 917
561 941
561 947
561 967
561 969
561 979
561 981
561 982
561 984
561 997
563 668
563 693
563 703
563 837
564 589
564 630
564 716
564 757
564 765
564 770
564 819
564 826
564 835
564 847
564 859
564 896
564 914
565 569
566 590
566 616
566 644
566 651
566 726
566 742
566 745
566 891
566 927
566 947
566 960
566 977
566 979
566 980
567 570
567 600
567 665
567 686
567 749
567 766
567 774
567 775
567 825
567 849
567 895
567 944
567 975
568 627
568 726
568 745
568 891
568 901
568 927
568 947
568 967
568 977
568 979
568 981
568 997
570 572
570 617
570 624
570 653
570 686
570 698
570 749
570 766
570 782
570 843
570 874
570 887
570 944
571 630
571 710
571 757
571 765
571 770
571 819
571 826
571 835
571 847
571 859
571 896
571 914
572 686
572 735
572 749
572 774
572 825
572 843
572 868
572 889
572 895
572 944
572 951
573 688
573 702
573 704
573 714
573 799
573 853
573 881
573 900
573 922
573 928
573 932
573 939
573 948
573 959
573 968
574 576
574 579
574 634
574 662
574 670
574 701
574 817
574 876
574 880
574 882
574 899
574 920
574 954
574 956
574 963
574 970
575 591
575 647
575 905
576 662
576 670
576 701
576 785
576 832
576 863
576 880
576 882
576 899
576 920
576 929
576 954
576 956
576 963
576 970
577 638
577 675
577 727
577 747
577 763
577 771
577 802
577 807
577 814
577 838
577 861
577 869
577 875
577 885
577 921
577 942
577 943
578 597
578 664
578 689
578 759
578 854
578 856
578 862
578 888
578 908
578 918
578 926
578 934
578 935
578 936
579 634
579 648
579 785
579 817
579 832
579 863
579 880
579 882
579 899
579 912
579 920
579 929
579 954
579 956
579 963
579 970
580 639
580 694
580 746
580 754
580 808
580 812
580 822
580 831
580 883
580 937
580 945
580 958
580 964
580 965
580 971
580 974
580 976
581 588
581 631
581 654
581 657
581 677
581 697
581 779
581 829
581 836
581 840
581 873
581 878
581 904
581 953
581 972
582 628
582 638
582 661
582 747
582 771
582 796
582 802
582 807
582 809
582 814
582 838
582 869
582 875
582 885
582 910
582 921
582 942
582 943
583 816
583 917
583 941
583 960
583 967
583 977
583 980
583 981
583 997
584 619
584 636
584 655
584 673
584 707
584 973
585 586
585 685
585 761
586 685
586 761
587 614
587 933
588 642
588 649
588 706
588 737
588 829
588 836
588 850
588 857
588 873
588 878
588 904
588 953
588 957
588 972
589 630
589 710
589 716
589 765
589 770
589 819
589 826
589 835
589 847
589 859
589 896
589 914
590 651
590 690
590 745
590 941
590 969
590 979
590 980
590 982
590 984
590 997
591 647
591 905
592 594
592 612
592 713
592 739
593 777
593 780
593 793
593 795
593 830
593 842
593 950
593 962
593 978
593 985
593 986
593 988
593 989
593 990
593 991
593 992
593 993
593 998
593 999
594 612
594 713
594 739
595 604
595 618
595 620
595 622
595 691
595 736
595 751
595 767
595 789
595 803
595 804
595 845
595 846
595 848
595 851
595 949
596 617
596 624
596 646
596 665
596 686
596 698
596 699
596 735
596 741
596 766
596 775
596 782
596 825
596 887
596 895
596 944
596 975
597 759
597 854
597 856
597 862
597 888
597 902
597 908
597 909
597 926
597 935
597 936
598 637
598 650
598 659
598 700
598 730
598 743
598 784
598 791
598 952
599 674
599 684
599 711
599 718
599 788
599 792
599 821
599 844
599 860
599 872
599 898
599 919
599 925
599 931
599 940
600 686
600 698
600 699
600 749
600 766
600 790
600 843
600 874
600 887
600 889
600 895
600 975
601 658
601 682
601 746
601 764
601 808
601 812
601 822
601 831
601 833
601 937
601 945
601 958
601 964
601 965
601 971
601 974
601 976
602 667
602 688
602 702
602 714
602 728
602 773
602 799
602 853
602 881
602 922
602 924
602 928
602 932
602 939
602 948
602 959
602 968
604 618
604 620
604 622
604 669
604 691
604 736
604 767
604 804
604 845
604 846
604 848
604 851
604 949
605 623
605 671
605 687
605 739
605 760
605 768
605 801
605 892
605 913
605 916
605 923
605 966
606 617
606 629
606 653
606 665
606 766
606 775
606 782
606 825
606 868
606 874
606 895
606 944
606 951
607 625
607 678
607 731
607 759
607 781
607 854
607 862
607 902
607 908
607 915
607 918
607 926
607 934
607 935
607 936
608 684
608 705
608 711
608 718
608 788
608 792
608 800
608 821
608 844
608 872
608 898
608 911
608 919
608 925
608 931
608 940
609 777
609 780
609 793
609 795
609 830
609 842
609 950
609 962
609 978
609 985
609 986
609 988
609 989
609 990
609 991
609 992
609 993
609 998
609 999
610 620
610 669
610 691
610 725
610 736
610 767
610 789
610 803
610 804
610 845
610 846
610 848
610 851
610 949
611 734
611 758
611 778
611 886
611 938
612 713
612 739
613 681
613 683
613 721
613 786
613 810
613 811
613 834
613 864
613 865
613 866
613 879
613 893
613 897
613 903
613 906
614 933
615 626
615 692
615 720
615 744
615 752
615 805
615 815
615 820
615 823
615 852
615 867
615 877
615 890
616 651
616 726
616 824
616 901
616 917
616 947
616 969
616 977
616 980
616 981
616 982
616 984
616 997
617 686
617 698
617 766
617 774
617 790
617 868
617 874
617 889
617 895
617 944
617 951
618 620
618 622
618 669
618 691
618 736
618 751
618 789
618 803
618 804
618 845
618 848
618 949
619 636
619 655
619 673
619 707
619 973
620 622
620 691
620 725
620 736
620 751
620 767
620 789
620 804
620 845
620 846
620 848
620 851
620 949
622 691
622 725
622 736
622 751
622 789
622 803
622 804
622 845
622 846
622 848
622 851
622 949
623 671
623 712
623 738
623 760
623 801
623 892
623 913
623 916
623 923
623 966
624 629
624 645
624 653
624 665
624 749
624 775
624 790
624 849
624 868
624 874
624 895
624 944
624 951
624 975
625 664
625 678
625 689
625 781
625 856
625 862
625 902
625 909
625 915
625 918
625 926
625 934
625 935
625 936
626 692
626 720
626 744
626 752
626 805
626 815
626 820
626 823
626 852
626 867
626 877
626 890
627 644
627 742
627 891
627 947
627 969
627 977
627 980
627 981
627 982
627 984
627 997
628 661
628 663
628 727
628 747
628 755
628 763
628 771
628 802
628 809
628 814
628 838
628 861
628 869
628 875
628 885
628 910
628 921
628 942
628 943
629 665
629 735
629 741
629 766
629 774
629 775
629 825
629 843
629 849
629 868
629 895
629 951
630 716
630 765
630 770
630 819
630 826
630 835
630 847
630 859
630 896
630 914
631 642
631 649
631 654
631 657
631 717
631 737
631 779
631 798
631 836
631 850
631 857
631 873
631 904
631 953
631 957
631 972
632 656
633 641
633 674
633 684
633 711
633 776
633 800
633 821
633 844
633 860
633 872
633 911
633 919
633 925
633 931
633 940
634 635
634 670
634 672
634 785
634 817
634 832
634 863
634 880
634 882
634 912
634 920
634 929
634 954
634 956
634 963
634 970
635 680
635 701
635 817
635 863
635 876
635 880
635 899
635 912
635 920
635 929
635 954
635 956
635 963
635 970
636 655
636 673
636 707
636 973
637 659
637 700
637 730
637 743
637 784
637 791
637 952
638 643
638 675
638 727
638 755
638 763
638 771
638 796
638 802
638 807
638 814
638 861
638 869
638 885
638 910
638 921
638 942
638 943
639 658
639 682
639 694
639 746
639 754
639 764
639 822
639 831
639 833
639 937
639 945
639 958
639 964
639 965
639 971
639 974
639 976
641 674
641 711
641 719
641 788
641 844
641 860
641 872
641 898
641 911
641 919
641 925
641 931
641 940
642 649
642 677
642 697
642 717
642 750
642 762
642 779
642 798
642 836
642 850
642 857
642 873
642 904
642 957
642 972
643 675
643 747
643 763
643 796
643 802
643 807
643 809
643 814
643 838
643 861
643 869
643 875
643 885
643 910
643 921
643 942
643 943
644 816
644 891
644 917
644 927
644 941
644 960
644 967
644 969
644 979
644 981
644 982
644 984
645 646
645 665
645 686
645 735
645 741
645 775
645 843
645 874
645 887
645 889
645 944
645 951
645 975
646 735
646 749
646 775
646 790
646 825
646 843
646 849
646 868
646 889
646 944
646 975
647 905
648 680
648 701
648 817
648 863
648 876
648 880
648 882
648 899
648 912
648 920
648 929
648 954
648 956
648 963
648 970
649 657
649 717
649 750
649 762
649 779
649 840
649 857
649 873
649 878
649 904
649 953
649 957
649 972
650 659
650 700
650 730
650 743
650 784
650 791
650 952
651 726
651 742
651 941
651 947
651 960
651 967
651 969
651 980
651 981
651 982
651 984
651 997
652 694
652 746
652 754
652 764
652 808
652 812
652 831
652 833
652 871
652 883
652 937
652 945
652 958
652 964
652 965
652 971
652 974
652 976
653 665
653 735
653 741
653 749
653 774
653 782
653 849
653 874
653 887
653 895
653 951
653 975
654 657
654 677
654 717
654 737
654 762
654 779
654 829
654 840
654 850
654 857
654 873
654 904
654 953
654 957
654 972
655 673
655 707
655 973
657 697
657 737
657 750
657 762
657 779
657 798
657 829
657 836
657 850
657 878
657 953
657 957
657 972
658 682
658 694
658 746
658 764
658 808
658 812
658 831
658 871
658 883
658 937
658 945
658 958
658 964
658 965
658 971
658 974
658 976
659 700
659 730
659 743
659 784
659 791
659 952
660 696
660 709
660 715
660 732
660 748
660 769
660 772
660 787
660 813
660 818
660 839
660 841
660 870
660 946
660 955
660 961
661 675
661 755
661 763
661 771
661 807
661 809
661 814
661 838
661 861
661 869
661 875
661 885
661 910
661 921
661 942
661 943
662 672
662 680
662 701
662 832
662 863
662 876
662 882
662 899
662 912
662 954
662 956
662 963
662 970
663 747
663 755
663 771
663 796
663 802
663 807
663 809
663 814
663 838
663 861
663 875
663 885
663 910
663 921
663 942
663 943
664 731
664 759
664 781
664 888
664 902
664 908
664 909
664 915
664 918
664 926
664 934
664 935
664 936
665 698
665 741
665 790
665 825
665 849
665 868
665 887
665 975
666 714
666 728
666 773
666 797
666 799
666 853
666 881
666 900
666 922
666 924
666 928
666 932
666 939
666 948
666 959
666 968
667 688
667 702
667 704
667 728
667 773
667 797
667 799
667 881
667 900
667 922
667 924
667 928
667 932
667 939
667 948
667 959
667 968
668 693
668 703
668 722
668 837
669 725
669 736
669 751
669 767
669 803
669 845
669 846
669 848
669 851
669 949
670 680
670 701
670 817
670 832
670 863
670 876
670 882
670 912
670 920
670 929
670 954
670 956
670 963
670 970
671 687
671 712
671 738
671 760
671 768
671 806
671 892
671 913
671 916
671 923
671 966
672 701
672 785
672 832
672 876
672 880
672 882
672 899
672 912
672 920
672 929
672 954
672 956
672 963
672 970
673 707
673 973
674 684
674 718
674 719
674 788
674 792
674 800
674 821
674 860
674 898
674 919
674 925
674 931
674 940
675 755
675 763
675 796
675 802
675 807
675 809
675 814
675 838
675 861
675 869
675 875
675 910
675 921
675 942
675 943
677 697
677 706
677 737
677 750
677 829
677 836
677 840
677 850
677 857
677 873
677 904
677 953
677 957
677 972
678 729
678 753
678 781
678 856
678 862
678 888
678 902
678 909
678 926
678 936
679 740
680 785
680 817
680 832
680 876
680 880
680 899
680 912
680 920
680 929
680 954
680 956
680 963
680 970
681 683
681 721
681 786
681 810
681 811
681 858
681 864
681 866
681 879
681 884
681 893
681 897
681 903
681 906
682 694
682 754
682 764
682 808
682 812
682 822
682 831
682 833
682 871
682 883
682 937
682 945
682 958
682 964
682 965
682 971
682 974
682 976
683 721
683 786
683 811
683 834
683 858
683 864
683 865
683 866
683 879
683 884
683 903
683 906
684 718
684 719
684 792
684 800
684 821
684 844
684 860
684 872
684 898
684 911
684 919
684 925
684 931
685 761
686 741
686 775
686 782
686 843
686 874
686 887
686 889
686 951
686 975
687 712
687 738
687 760
687 768
687 801
687 806
687 892
687 913
687 916
687 923
687 966
688 702
688 704
688 714
688 773
688 797
688 799
688 853
688 881
688 900
688 922
688 924
688 928
688 932
688 939
688 948
688 959
688 968
689 729
689 731
689 753
689 854
689 856
689 862
689 888
689 902
689 908
689 909
689 915
689 918
689 926
689 934
689 935
690 726
690 824
690 891
690 901
690 927
690 960
690 967
690 977
690 979
690 980
690 981
690 984
690 997
691 736
691 767
691 803
691 804
691 845
691 846
691 848
691 851
691 949
692 720
692 744
692 752
692 805
692 815
692 820
692 823
692 852
692 867
692 877
692 890
693 703
693 722
693 837
694 764
694 808
694 812
694 822
694 831
694 871
694 945
694 958
694 964
694 965
694 971
694 974
694 976
695 724
695 894
696 709
696 715
696 732
696 748
696 769
696 772
696 813
696 818
696 839
696 841
696 870
696 946
696 955
696 961
697 706
697 717
697 750
697 762
697 798
697 840
697 850
697 857
697 878
697 904
697 953
697 972
698 699
698 749
698 782
698 874
698 887
698 889
698 944
698 951
699 741
699 774
699 790
699 843
699 849
699 868
699 874
699 887
699 895
699 944
699 975
700 743
700 791
700 952
701 832
701 863
701 876
701 880
701 899
701 912
701 920
701 929
701 954
701 956
701 963
701 970
702 704
702 728
702 773
702 797
702 799
702 853
702 881
702 900
702 922
702 924
702 928
702 932
702 939
702 948
702 959
702 968
703 722
703 837
704 714
704 728
704 797
704 799
704 853
704 900
704 922
704 924
704 928
704 932
704 939
704 948
704 959
704 968
705 719
705 776
705 788
705 792
705 821
705 844
705 860
705 898
705 911
705 919
705 925
705 931
705 940
706 717
706 779
706 798
706 836
706 840
706 850
706 857
706 873
706 878
706 904
706 953
706 957
707 973
709 715
709 732
709 748
709 769
709 772
709 787
709 813
709 818
709 839
709 841
709 870
709 946
709 955
709 961
710 716
710 757
710 765
710 770
710 826
710 835
710 847
710 859
710 896
710 914
711 718
711 719
711 776
711 788
711 792
711 800
711 821
711 844
711 860
711 872
711 898
711 919
711 931
711 940
712 738
712 760
712 768
712 801
712 806
712 892
712 913
712 916
712 923
712 966
713 739
714 773
714 797
714 799
714 853
714 881
714 900
714 922
714 924
714 928
714 932
714 939
714 948
714 959
714 968
715 732
715 748
715 769
715 787
715 813
715 818
715 839
715 870
715 946
715 955
715 961
716 770
716 819
716 826
716 835
716 847
716 859
716 896
716 914
717 737
717 750
717 829
717 836
717 840
717 850
717 857
717 873
717 904
717 953
717 957
717 972
718 788
718 792
718 800
718 844
718 860
718 872
718 898
718 911
718 919
718 925
718 940
719 776
719 788
719 792
719 800
719 844
719 860
719 872
719 898
719 911
719 919
719 931
719 940
720 744
720 752
720 805
720 815
720 820
720 823
720 852
720 867
720 877
720 890
721 786
721 810
721 811
721 834
721 858
721 864
721 865
721 866
721 879
721 884
721 893
721 897
721 903
721 906
722 837
723 733
723 777
723 780
723 793
723 795
723 830
723 842
723 950
723 962
723 978
723 985
723 986
723 988
723 989
723 990
723 991
723 992
723 993
723 998
723 999
724 894
725 736
725 751
725 767
725 789
725 803
725 804
725 845
725 848
725 851
725 949
726 742
726 824
726 891
726 927
726 947
726 960
726 967
726 969
726 979
726 980
726 997
727 747
727 755
727 771
727 796
727 802
727 807
727 809
727 814
727 838
727 861
727 869
727 875
727 885
727 910
727 921
727 942
727 943
728 773
728 797
728 799
728 853
728 881
728 900
728 922
728 924
728 928
728 932
728 939
728 948
728 959
728 968
729 731
729 753
729 759
729 781
729 854
729 856
729 862
729 888
729 902
729 908
729 915
729 926
729 934
729 935
729 936
730 743
730 784
730 791
730 952
731 753
731 781
731 856
731 862
731 888
731 902
731 908
731 915
731 918
731 926
731 934
731 935
731 936
732 748
732 769
732 772
732 787
732 813
732 818
732 839
732 841
732 870
732 946
732 955
732 961
733 777
733 780
733 793
733 795
733 830
733 842
733 950
733 962
733 978
733 985
733 986
733 988
733 989
733 990
733 991
733 992
733 993
733 998
733 999
734 758
734 778
734 886
734 938
735 749
735 766
735 774
735 775
735 782
735 790
735 825
735 843
735 868
735 874
735 887
735 975
736 767
736 789
736 804
736 845
736 846
736 851
736 949
737 750
737 762
737 779
737 829
737 836
737 840
737 850
737 857
737 878
737 953
737 957
737 972
738 760
738 768
738 801
738 806
738 892
738 913
738 916
738 923
738 966
741 749
741 766
741 775
741 782
741 825
741 849
741 887
741 944
741 951
741 975
742 824
742 901
742 927
742 941
742 947
742 967
742 969
742 977
742 979
742 980
742 982
742 984
742 997
743 784
743 791
743 952
744 752
744 805
744 815
744 820
744 823
744 852
744 867
744 877
744 890
745 824
745 891
745 901
745 917
745 927
745 947
745 967
745 969
745 979
745 981
745 982
745 984
745 997
746 754
746 764
746 808
746 812
746 822
746 831
746 833
746 871
746 883
746 937
746 945
746 958
746 964
746 965
746 971
746 974
746 976
747 755
747 796
747 807
747 809
747 814
747 838
747 861
747 869
747 875
747 885
747 910
747 921
747 942
747 943
748 769
748 772
748 787
748 813
748 818
748 839
748 841
748 870
748 946
748 955
748 961
749 775
749 790
749 825
749 843
749 889
749 951
749 975
750 779
750 798
750 836
750 840
750 850
750 857
750 873
750 878
750 904
750 953
750 957
750 972
751 789
751 803
751 804
751 845
751 846
751 848
751 851
751 949
752 805
752 815
752 820
752 823
752 852
752 867
752 877
752 890
753 854
753 856
753 862
753 888
753 902
753 908
753 909
753 915
753 918
753 926
753 935
753 936
754 764
754 808
754 812
754 822
754 831
754 833
754 871
754 883
754 937
754 945
754 958
754 964
754 965
754 971
754 974
754 976
755 763
755 796
755 802
755 807
755 809
755 814
755 838
755 861
755 869
755 875
755 885
755 910
755 921
755 942
755 943
757 765
757 770
757 819
757 826
757 835
757 847
757 859
757 896
757 914
758 778
758 886
758 938
759 781
759 854
759 862
759 888
759 908
759 909
759 915
759 918
759 934
759 935
759 936
760 768
760 892
760 913
760 916
760 923
760 966
762 779
762 829
762 836
762 840
762 850
762 857
762 904
762 953
762 957
762 972
763 771
763 796
763 802
763 809
763 814
763 838
763 861
763 869
763 875
763 885
763 910
763 921
763 942
763 943
764 808
764 822
764 831
764 833
764 871
764 883
764 937
764 945
764 958
764 964
764 965
764 971
764 974
764 976
765 770
765 819
765 826
765 835
765 847
765 859
765 896
765 914
766 774
766 775
766 790
766 843
766 849
766 887
766 895
766 944
766 975
767 789
767 803
767 804
767 845
767 846
767 848
767 851
767 949
768 801
768 806
768 892
768 913
768 916
768 923
768 966
769 772
769 787
769 813
769 818
769 839
769 841
769 870
769 946
769 955
769 961
770 819
770 826
770 835
770 847
770 859
770 896
770 914
771 802
771 807
771 809
771 814
771 838
771 861
771 869
771 875
771 885
771 910
771 921
771 942
771 943
772 787
772 813
772 818
772 839
772 841
772 870
772 946
772 955
772 961
773 797
773 853
773 881
773 900
773 922
773 924
773 928
773 932
773 939
773 948
773 959
773 968
774 775
774 782
774 790
774 849
774 868
774 874
774 887
774 889
774 895
774 951
774 975
775 782
775 825
775 868
775 874
775 895
775 944
775 975
776 788
776 800
776 821
776 844
776 860
776 872
776 898
776 911
776 919
776 925
776 931
776 940
777 780
777 793
777 795
777 830
777 842
777 950
777 962
777 978
777 985
777 986
777 988
777 989
777 990
777 991
777 992
777 993
777 998
777 999
778 886
778 938
779 829
779 836
779 840
779 873
779 878
779 953
779 957
779 972
780 793
780 795
780 830
780 842
780 950
780 962
780 978
780 985
780 986
780 988
780 989
780 990
780 991
780 992
780 993
780 998
780 999
781 856
781 862
781 888
781 902
781 908
781 909
781 918
781 926
781 934
781 935
781 936
782 790
782 849
782 868
782 944
782 951
782 975
784 791
784 952
785 832
785 863
785 876
785 880
785 882
785 899
785 912
785 920
785 929
785 954
785 956
785 963
785 970
786 810
786 811
786 834
786 858
786 864
786 865
786 866
786 879
786 884
786 893
786 897
786 903
786 906
787 818
787 839
787 841
787 870
787 946
787 955
787 961
788 792
788 844
788 860
788 872
788 898
788 911
788 919
788 925
788 931
788 940
789 803
789 804
789 845
789 846
789 848
789 851
789 949
790 874
790 887
790 889
790 944
790 951
790 975
791 952
792 800
792 821
792 844
792 860
792 872
792 898
792 911
792 919
792 925
792 931
792 940
793 795
793 830
793 842
793 950
793 962
793 978
793 985
793 986
793 988
793 989
793 990
793 991
793 992
793 993
793 998
793 999
795 830
795 842
795 950
795 962
795 978
795 985
795 986
795 988
795 989
795 990
795 991
795 992
795 993
795 998
795 999
796 802
796 809
796 814
796 838
796 861
796 869
796 875
796 885
796 910
796 921
796 942
796 943
797 799
797 853
797 881
797 900
797 922
797 924
797 928
797 932
797 939
797 948
797 959
797 968
798 829
798 836
798 840
798 850
798 857
798 873
798 878
798 904
798 953
798 972
799 853
799 881
799 922
799 924
799 928
799 932
799 939
799 948
799 959
799 968
800 821
800 844
800 872
800 898
800 911
800 919
800 925
800 931
800 940
801 806
801 892
801 913
801 916
801 923
801 966
802 807
802 809
802 814
802 838
802 861
802 869
802 875
802 885
802 910
802 921
802 942
802 943
803 804
803 845
803 846
803 848
803 851
803 949
804 845
804 846
804 848
804 851
804 949
805 815
805 820
805 823
805 852
805 867
805 877
805 890
806 892
806 913
806 916
806 923
806 966
807 838
807 861
807 869
807 875
807 885
807 910
807 921
807 942
807 943
808 812
808 822
808 833
808 871
808 883
808 937
808 945
808 958
808 964
808 965
808 971
808 974
808 976
809 814
809 838
809 861
809 869
809 875
809 885
809 910
809 921
809 942
809 943
810 811
810 834
810 858
810 864
810 865
810 866
810 879
810 884
810 893
810 897
810 903
810 906
811 834
811 858
811 864
811 865
811 866
811 879
811 884
811 893
811 897
811 903
811 906
812 822
812 831
812 833
812 871
812 883
812 937
812 945
812 958
812 964
812 965
812 971
812 974
812 976
813 818
813 839
813 841
813 870
813 946
813 955
813 961
814 869
814 875
814 885
814 910
814 921
814 942
814 943
815 820
815 823
815 852
815 867
815 877
815 890
816 824
816 891
816 901
816 917
816 927
816 960
816 967
816 969
816 977
816 979
816 980
816 981
816 982
816 984
816 997
817 863
817 876
817 880
817 882
817 899
817 912
817 920
817 929
817 954
817 956
817 963
817 970
818 839
818 841
818 870
818 946
818 955
818 961
819 826
819 835
819 847
819 859
819 896
819 914
820 823
820 852
820 867
820 877
820 890
821 844
821 860
821 872
821 911
821 919
821 925
821 931
821 940
822 831
822 833
822 871
822 883
822 937
822 945
822 958
822 964
822 965
822 971
822 974
822 976
823 852
823 867
823 877
823 890
824 827
824 901
824 917
824 947
824 960
824 969
824 977
824 980
824 981
824 984
824 997
825 843
825 849
825 874
825 887
825 889
825 895
825 975
826 835
826 847
826 896
826 914
829 836
829 840
829 850
829 857
829 878
829 904
829 953
829 957
829 972
830 842
830 950
830 962
830 978
830 985
830 986
830 988
830 989
830 990
830 991
830 992
830 993
830 998
830 999
831 833
831 937
831 945
831 958
831 964
831 965
831 971
831 974
831 976
832 863
832 876
832 880
832 882
832 899
832 912
832 920
832 929
832 954
832 956
832 963
832 970
833 871
833 883
833 937
833 945
833 958
833 964
833 965
833 971
833 974
833 976
834 858
834 864
834 865
834 866
834 879
834 884
834 893
834 897
834 903
834 906
835 847
835 859
835 896
835 914
836 850
836 878
836 904
836 972
838 861
838 869
838 875
838 910
838 921
838 942
838 943
839 841
839 870
839 946
839 955
839 961
840 850
840 857
840 873
840 904
840 953
840 957
840 972
841 870
841 946
841 955
841 961
842 950
842 962
842 978
842 985
842 986
842 988
842 989
842 990
842 991
842 992
842 993
842 998
842 999
843 849
843 868
843 874
843 887
843 895
843 944
844 872
844 898
844 919
844 925
844 931
844 940
845 846
845 848
845 851
845 949
846 848
846 851
846 949
847 859
847 896
847 914
848 949
849 887
849 889
849 951
849 975
850 857
850 873
850 878
850 953
850 957
850 972
851 949
852 867
852 877
852 890
853 881
853 900
853 922
853 924
853 928
853 932
853 939
853 948
853 959
853 968
854 856
854 862
854 888
854 902
854 908
854 909
854 926
854 934
854 935
854 936
856 862
856 888
856 902
856 915
856 926
856 934
856 935
856 936
857 873
857 878
857 904
857 953
857 957
858 864
858 865
858 866
858 879
858 884
858 893
858 897
858 903
858 906
859 896
859 914
860 872
860 898
860 911
860 925
861 869
861 875
861 885
861 910
861 921
861 942
861 943
862 902
862 909
862 915
862 918
862 926
862 934
862 935
863 876
863 882
863 899
863 912
863 920
863 929
863 954
863 956
863 963
863 970
864 865
864 866
864 879
864 884
864 893
864 897
864 903
865 866
865 879
865 884
865 893
865 897
865 903
865 906
866 879
866 884
866 893
866 897
866 903
866 906
867 877
867 890
868 874
868 887
868 889
868 895
868 944
869 875
869 885
869 910
869 921
869 942
869 943
870 946
870 955
870 961
871 883
871 937
871 945
871 958
871 964
871 965
871 971
871 974
871 976
872 911
872 919
872 925
872 931
872 940
873 878
873 904
873 953
873 957
873 972
874 887
874 889
874 944
874 951
874 975
875 885
875 910
875 921
875 942
875 943
876 880
876 882
876 899
876 912
876 920
876 929
876 954
876 956
876 963
876 970
877 890
878 953
878 957
878 972
879 884
879 893
879 897
879 903
879 906
880 882
880 899
880 912
880 920
880 929
880 954
880 956
880 963
880 970
881 900
881 922
881 924
881 928
881 932
881 939
881 948
881 959
881 968
882 899
882 912
882 920
882 929
882 954
882 956
882 963
882 970
883 937
883 945
883 958
883 964
883 965
883 971
883 974
883 976
884 893
884 897
884 903
884 906
885 910
885 921
885 942
885 943
885 973
886 938
887 889
887 895
887 944
887 951
887 975
888 902
888 908
888 909
888 915
888 918
888 926
888 934
888 935
888 936
889 895
889 944
889 975
891 901
891 917
891 927
891 941
891 960
891 967
891 969
891 977
891 979
891 984
891 997
892 913
892 916
892 923
892 966
893 897
893 903
893 906
895 944
895 951
895 975
896 914
897 903
897 906
898 919
898 925
898 931
898 940
899 912
899 920
899 929
899 954
899 956
899 963
899 970
900 922
900 928
900 932
900 939
900 948
900 959
900 968
901 927
901 941
901 947
901 960
901 967
901 969
901 979
901 980
901 981
901 984
901 997
902 908
902 909
902 915
902 918
902 926
902 934
902 935
902 936
903 906
904 957
904 972
908 909
908 915
908 918
908 934
908 935
908 936
909 915
909 918
909 934
909 935
909 936
910 921
910 942
910 943
911 919
911 925
911 931
911 940
912 920
912 929
912 954
912 956
912 963
912 970
913 916
913 923
913 966
915 918
915 926
915 934
915 935
916 923
916 966
917 927
917 947
917 960
917 967
917 969
917 977
917 979
917 981
917 982
917 984
917 997
918 926
918 934
918 936
919 925
919 931
919 940
920 929
920 954
920 956
920 963
920 970
921 942
921 943
922 924
922 928
922 939
922 948
922 959
922 968
923 966
924 928
924 932
924 939
924 948
924 959
924 968
925 931
925 940
926 934
926 935
926 936
927 941
927 947
927 960
927 967
927 977
927 979
927 982
927 997
928 932
928 939
928 948
928 959
928 968
929 954
929 956
929 963
929 970
931 940
932 939
932 948
932 959
932 968
934 935
934 936
935 936
937 945
937 958
937 964
937 965
937 971
937 974
937 976
939 948
939 959
939 968
941 947
941 960
941 977
941 979
941 982
941 984
941 997
942 943
944 951
944 975
945 958
945 964
945 965
945 971
945 974
945 976
946 955
946 961
947 960
947 977
947 979
947 980
947 982
947 984
948 959
948 968
950 962
950 978
950 985
950 986
950 988
950 989
950 990
950 991
950 992
950 993
950 998
950 999
951 975
953 957
953 972
954 956
954 963
954 970
955 961
956 963
956 970
957 972
958 964
958 965
958 971
958 974
958 976
959 968
960 969
960 977
960 979
960 980
960 981
960 982
960 984
960 997
962 978
962 985
962 986
962 988
962 989
962 990
962 991
962 992
962 993
962 998
962 999
963 970
964 965
964 971
964 974
964 976
965 971
965 974
965 976
967 969
967 977
967 979
967 980
967 981
967 984
969 977
969 980
969 981
969 984
969 997
971 974
971 976
974 976
977 979
977 980
977 982
977 997
978 985
978 986
978 988
978 989
978 990
978 991
978 992
978 993
978 998
978 999
979 980
979 982
979 997
980 981
980 982
980 984
980 997
981 982
981 984
982 984
985 986
985 988
985 989
985 990
985 991
985 992
985 993
985 998
985 999
986 988
986 989
986 990
986 991
986 992
986 993
986 998
986 999
988 989
988 990
988 991
988 992
988 993
988 998
988 999
989 990
989 991
989 992
989 993
989 998
989 999
990 991
990 992
990 993
990 998
990 999
991 992
991 993
991 998
991 999
992 993
992 998
992 999
993 998
993 999
998 999
