1 170
1 348
1 417
1 452
1 611
1 734
1 758
1 778
1 886
1 938
2 129
2 610
2 669
2 780
2 803
2 804
2 845
2 848
2 851
2 949
3 101
3 610
3 725
3 736
3 751
3 767
3 845
3 848
3 851
3 949
4 295
4 304
4 345
4 462
4 592
4 612
4 675
4 739
4 759
4 864
5 494
5 665
5 698
5 756
5 773
5 889
5 944
5 975
5 995
5 996
6 221
6 243
6 391
6 527
6 763
6 802
6 869
6 875
6 942
6 943
7 713
7 720
7 744
7 805
7 815
7 820
7 852
7 877
7 890
7 946
8 67
8 377
8 637
8 659
8 700
8 730
8 743
8 784
8 791
8 952
9 26
9 98
9 100
9 181
9 300
9 338
9 385
9 418
9 511
9 827
10 259
10 285
10 428
10 528
10 542
10 587
10 614
10 708
10 899
10 933
11 317
11 616
11 891
11 901
11 917
11 960
11 977
11 980
11 981
11 997
12 354
12 750
12 829
12 840
12 873
12 878
12 904
12 953
12 957
12 972
13 244
13 319
13 368
13 473
13 537
13 543
13 668
13 703
13 722
13 837
14 298
14 797
14 853
14 881
14 922
14 924
14 928
14 932
14 948
14 968
15 140
15 364
15 548
15 605
15 801
15 892
15 913
15 916
15 923
15 966
16 713
16 720
16 744
16 805
16 815
16 820
16 852
16 877
16 890
16 946
17 166
17 199
17 229
17 248
17 261
17 381
17 518
17 591
17 647
17 905
18 380
18 532
18 538
18 608
18 711
18 860
18 898
18 911
18 925
18 940
19 52
19 394
19 452
19 508
19 611
19 734
19 758
19 778
19 886
19 938
20 41
20 44
20 81
20 95
20 150
20 212
20 321
20 336
20 562
21 97
21 337
21 459
21 641
22 179
22 187
22 191
22 194
22 228
22 236
22 316
22 393
22 491
22 676
23 115
23 190
23 275
23 359
23 378
23 404
23 412
23 631
23 632
23 656
24 639
24 909
24 945
24 958
24 964
24 965
24 971
24 974
24 976
24 998
25 173
25 503
25 678
25 781
25 812
25 862
25 888
25 908
25 926
25 935
26 98
26 123
26 218
26 300
26 338
26 385
26 418
26 511
26 827
27 64
27 131
27 234
27 260
27 292
27 390
27 504
27 823
28 265
28 667
28 704
28 719
28 924
28 928
28 932
28 948
28 959
28 968
29 215
29 570
29 828
29 846
29 887
29 889
29 975
29 983
29 987
29 995
30 255
30 319
30 368
30 446
30 543
30 563
30 594
30 703
30 722
30 837
31 275
31 282
31 359
31 378
31 404
31 412
31 631
31 632
31 656
32 350
32 494
32 749
32 774
32 794
32 874
32 895
32 944
32 994
32 1000
33 715
33 748
33 769
33 772
33 813
33 818
33 839
33 841
33 955
33 961
35 978
35 985
35 986
35 988
35 989
35 990
35 991
35 992
35 993
35 999
36 296
36 308
36 312
36 330
36 464
36 502
36 517
36 553
36 565
36 569
37 701
37 863
37 876
37 882
37 912
37 920
37 954
37 956
37 963
37 970
38 123
38 175
38 181
38 218
38 300
38 338
38 385
38 418
38 511
38 827
39 479
39 590
39 816
39 960
39 969
39 977
39 981
39 982
39 984
39 997
40 245
40 620
40 669
40 736
40 767
40 804
40 845
40 848
40 851
40 949
41 44
41 81
41 95
41 150
41 212
41 321
41 336
41 562
42 513
42 642
42 677
42 706
42 829
42 836
42 850
42 878
42 957
42 972
44 81
44 95
44 150
44 212
44 321
44 336
44 562
45 540
45 571
45 630
45 765
45 770
45 819
45 835
45 847
45 896
45 914
46 978
46 985
46 986
46 988
46 989
46 990
46 991
46 992
46 993
46 999
47 386
47 451
47 473
47 537
47 563
47 594
47 668
47 703
47 722
47 837
48 264
48 391
48 444
48 755
48 861
48 875
48 910
48 921
48 942
48 943
49 241
49 449
49 633
49 800
49 821
49 826
49 898
49 911
49 931
49 940
50 580
50 909
50 945
50 958
50 964
50 965
50 971
50 974
50 976
50 998
51 520
51 684
51 800
51 821
51 898
51 911
51 919
51 925
51 931
51 940
52 145
52 207
52 309
52 452
52 734
52 758
52 778
52 886
52 938
53 63
53 117
53 159
53 250
53 407
53 498
53 695
53 724
53 870
53 894
54 235
54 322
54 347
54 499
54 619
54 673
54 707
54 907
54 930
54 973
55 475
55 705
55 718
55 776
55 788
55 792
55 860
55 898
55 919
55 925
56 714
56 881
56 900
56 922
56 924
56 932
56 939
56 948
56 959
56 968
57 75
57 109
57 326
57 362
57 446
57 543
57 563
57 668
57 703
57 837
58 159
58 267
58 276
58 315
58 334
58 529
58 695
58 724
58 870
58 894
59 688
59 728
59 900
59 922
59 924
59 928
59 932
59 948
59 959
59 968
60 533
60 640
60 757
60 765
60 819
60 835
60 847
60 859
60 896
60 914
61 628
61 661
61 747
61 814
61 861
61 875
61 910
61 921
61 942
61 943
62 249
62 863
62 876
62 882
62 920
62 929
62 954
62 956
62 963
62 970
63 103
63 112
63 216
63 220
63 371
63 695
63 724
63 870
63 894
64 131
64 234
64 260
64 292
64 390
64 504
64 823
65 295
65 304
65 345
65 462
65 592
65 612
65 675
65 739
65 759
65 864
66 590
66 824
66 917
66 947
66 967
66 977
66 979
66 980
66 981
66 982
67 598
67 650
67 659
67 674
67 730
67 743
67 784
67 791
67 952
68 655
68 685
68 714
68 922
68 924
68 932
68 939
68 948
68 968
69 487
69 651
69 690
69 901
69 960
69 977
69 979
69 980
69 981
69 997
70 816
70 824
70 891
70 901
70 960
70 967
70 979
70 980
70 982
70 997
71 108
71 120
71 169
71 224
71 379
71 547
71 585
71 586
71 603
71 761
72 354
72 642
72 649
72 779
72 836
72 857
72 873
72 878
72 957
72 972
73 978
73 985
73 986
73 988
73 989
73 990
73 991
73 992
73 993
73 999
74 134
74 165
74 486
74 544
74 575
74 693
74 712
74 740
74 752
74 936
75 109
75 362
75 368
75 414
75 446
75 473
75 703
75 722
75 837
76 115
76 275
76 282
76 359
76 378
76 404
76 412
76 631
76 632
76 656
77 384
77 623
77 671
77 738
77 806
77 892
77 913
77 916
77 923
77 966
78 129
78 440
78 691
78 751
78 780
78 803
78 845
78 848
78 851
78 949
79 623
79 671
79 760
79 768
79 801
79 892
79 913
79 916
79 923
79 966
80 764
80 867
80 883
80 937
80 964
80 965
80 974
80 976
80 998
81 95
81 150
81 212
81 321
81 336
81 562
82 660
82 696
82 715
82 769
82 772
82 787
82 813
82 839
82 955
82 961
83 163
83 559
83 731
83 888
83 902
83 908
83 915
83 918
83 934
83 935
84 108
84 120
84 169
84 224
84 379
84 547
84 585
84 586
84 603
84 761
85 200
85 484
85 623
85 801
85 806
85 892
85 913
85 916
85 923
85 966
86 252
86 571
86 640
86 716
86 765
86 770
86 847
86 859
86 896
86 914
87 538
87 705
87 718
87 776
87 788
87 792
87 844
87 919
87 931
87 940
88 564
88 589
88 630
88 757
88 765
88 819
88 847
88 859
88 896
88 914
89 392
89 570
89 606
89 665
89 782
89 843
89 887
89 975
89 987
89 995
90 170
90 309
90 339
90 417
90 611
90 734
90 758
90 778
90 886
90 938
91 416
91 598
91 650
91 674
91 700
91 730
91 743
91 784
91 791
91 952
92 682
92 822
92 945
92 958
92 964
92 965
92 971
92 974
92 976
92 998
93 533
93 630
93 757
93 765
93 819
93 835
93 847
93 859
93 896
93 914
94 595
94 709
94 732
94 769
94 772
94 787
94 818
94 839
94 955
94 961
95 150
95 212
95 321
95 336
95 562
96 145
96 339
96 452
96 508
96 611
96 734
96 758
96 778
96 886
96 938
97 337
97 459
97 641
98 100
98 181
98 218
98 300
98 385
98 418
98 511
98 827
99 832
99 863
99 880
99 882
99 920
99 929
99 954
99 956
99 963
99 970
100 123
100 175
100 218
100 338
100 385
100 418
100 511
100 827
101 620
101 725
101 780
101 803
101 804
101 845
101 848
101 851
101 949
102 389
102 741
102 775
102 828
102 843
102 846
102 994
102 995
102 996
102 1000
103 216
103 250
103 276
103 315
103 371
103 695
103 724
103 870
103 894
104 442
104 726
104 745
104 824
104 927
104 941
104 947
104 979
104 982
104 997
105 124
105 416
105 598
105 637
105 659
105 674
105 700
105 784
105 791
105 952
106 455
106 665
106 756
106 766
106 773
106 794
106 846
106 951
106 995
106 1000
107 230
107 463
107 598
107 637
107 650
107 659
107 674
107 743
107 784
107 791
107 952
108 120
108 169
108 224
108 379
108 547
108 585
108 586
108 603
108 761
109 160
109 251
109 362
109 451
109 537
109 563
109 668
109 722
109 837
110 440
110 530
110 618
110 725
110 751
110 767
110 780
110 845
110 848
110 851
110 949
111 643
111 661
111 710
111 796
111 802
111 809
111 861
111 885
111 921
111 942
111 943
112 250
112 276
112 334
112 371
112 407
112 498
112 695
112 724
112 870
112 894
113 639
113 746
113 808
113 945
113 958
113 964
113 965
113 971
113 974
113 976
113 998
114 524
114 573
114 853
114 900
114 922
114 924
114 932
114 939
114 948
114 959
114 968
115 121
115 282
115 359
115 378
115 404
115 412
115 631
115 632
115 656
116 250
116 267
116 313
116 315
116 371
116 498
116 529
116 695
116 724
116 870
116 894
117 159
117 313
117 371
117 407
117 498
117 529
117 695
117 724
117 870
117 894
118 613
118 786
118 810
118 834
118 865
118 866
118 879
118 884
118 897
118 903
118 906
119 217
119 230
119 598
119 637
119 650
119 659
119 700
119 743
119 784
119 791
119 952
120 169
120 224
120 379
120 547
120 585
120 586
120 603
120 761
121 190
121 275
121 282
121 359
121 378
121 404
121 412
121 631
121 632
121 656
122 764
122 808
122 871
122 937
122 945
122 964
122 965
122 971
122 974
122 976
122 998
123 181
123 218
123 300
123 338
123 385
123 418
123 511
123 827
124 231
124 416
124 598
124 659
124 674
124 700
124 730
124 784
124 791
124 952
125 506
125 696
125 709
125 715
125 732
125 787
125 813
125 839
125 841
125 955
125 961
126 684
126 711
126 792
126 800
126 860
126 898
126 911
126 919
126 925
126 931
126 940
127 634
127 832
127 863
127 876
127 912
127 920
127 929
127 954
127 956
127 963
127 970
128 704
128 714
128 797
128 853
128 881
128 924
128 932
128 939
128 948
128 959
128 968
129 448
129 620
129 691
129 751
129 803
129 804
129 845
129 851
129 949
130 541
130 613
130 681
130 786
130 811
130 834
130 866
130 884
130 893
130 897
130 903
131 234
131 260
131 292
131 390
131 504
131 823
132 213
132 484
132 605
132 671
132 760
132 801
132 806
132 892
132 913
132 916
132 966
133 600
133 653
133 843
133 855
133 874
133 889
133 895
133 951
133 987
133 994
133 996
134 165
134 486
134 544
134 575
134 693
134 712
134 740
134 752
134 936
136 437
136 501
136 590
136 644
136 927
136 960
136 967
136 969
136 980
136 984
136 997
137 540
137 716
137 757
137 765
137 770
137 819
137 835
137 847
137 859
137 896
137 914
138 382
138 413
138 548
138 687
138 738
138 760
138 801
138 913
138 916
138 923
138 966
139 600
139 606
139 653
139 699
139 741
139 782
139 874
139 975
139 983
139 987
139 994
140 384
140 687
140 760
140 768
140 801
140 892
140 913
140 916
140 923
140 966
141 475
141 538
141 684
141 718
141 844
141 860
141 872
141 911
141 919
141 931
141 940
142 274
142 709
142 732
142 769
142 787
142 813
142 818
142 839
142 841
142 955
142 961
143 329
143 605
143 623
143 760
143 801
143 806
143 892
143 913
143 916
143 923
143 966
144 532
144 633
144 776
144 792
144 826
144 860
144 872
144 898
144 919
144 931
144 940
145 207
145 394
145 508
145 611
145 734
145 758
145 778
145 886
145 938
146 842
146 978
146 985
146 986
146 988
146 989
146 990
146 991
146 992
146 993
146 999
147 822
147 833
147 867
147 937
147 958
147 964
147 965
147 971
147 974
147 976
147 998
148 192
148 213
148 246
148 760
148 768
148 806
148 892
148 913
148 916
148 923
148 966
149 430
149 753
149 812
149 854
149 862
149 902
149 908
149 915
149 918
149 926
149 935
150 212
150 321
150 336
150 562
151 666
151 719
151 797
151 853
151 881
151 900
151 928
151 939
151 948
151 959
151 968
152 596
152 600
152 617
152 699
152 749
152 756
152 825
152 849
152 855
152 944
152 1000
153 533
153 589
153 716
153 765
153 770
153 819
153 835
153 847
153 859
153 896
153 914
154 692
154 713
154 720
154 744
154 805
154 815
154 820
154 852
154 877
154 890
154 946
155 527
155 638
155 643
155 663
155 755
155 763
155 875
155 910
155 921
155 942
155 943
156 633
156 684
156 792
156 800
156 844
156 872
156 898
156 911
156 925
156 931
156 940
157 638
157 747
157 755
157 771
157 807
157 838
157 861
157 875
157 910
157 942
157 943
158 178
158 642
158 697
158 717
158 829
158 850
158 857
158 904
158 953
158 957
158 972
159 313
159 334
159 498
159 529
159 695
159 724
159 870
159 894
160 244
160 251
160 362
160 473
160 543
160 594
160 668
160 703
160 722
160 837
161 214
161 286
161 311
161 623
161 687
161 738
161 892
161 913
161 916
161 923
161 966
162 171
162 533
162 571
162 757
162 770
162 819
162 835
162 847
162 859
162 896
162 914
163 356
163 781
163 812
163 854
163 856
163 902
163 915
163 918
163 934
163 935
164 677
164 697
164 762
164 798
164 829
164 840
164 850
164 873
164 953
164 957
164 972
165 486
165 544
165 575
165 693
165 712
165 740
165 752
165 936
166 186
166 199
166 229
166 248
166 261
166 381
166 518
166 591
166 647
166 905
167 701
167 817
167 832
167 863
167 880
167 912
167 929
167 954
167 956
167 963
167 970
168 226
168 296
168 308
168 312
168 330
168 464
168 502
168 517
168 553
168 565
168 569
169 224
169 379
169 547
169 585
169 586
169 603
169 761
170 207
170 324
170 417
170 508
170 734
170 758
170 778
170 886
170 938
171 369
171 640
171 716
171 770
171 819
171 835
171 847
171 859
171 896
171 914
173 578
173 812
173 856
173 862
173 908
173 915
173 918
173 926
173 934
173 935
174 683
174 721
174 789
174 810
174 866
174 879
174 884
174 893
174 897
174 903
174 906
175 181
175 218
175 300
175 338
175 385
175 418
175 511
175 827
176 601
176 608
176 705
176 711
176 776
176 826
176 898
176 919
176 925
176 931
176 940
177 696
177 732
177 748
177 769
177 787
177 813
177 818
177 839
177 841
177 955
177 961
178 588
178 750
178 798
178 836
178 857
178 873
178 878
178 904
178 953
178 972
179 187
179 191
179 194
179 228
179 236
179 316
179 393
179 491
179 676
180 268
180 493
180 597
180 729
180 781
180 856
180 862
180 915
180 918
180 926
180 935
181 300
181 338
181 385
181 418
181 511
181 827
182 411
182 493
182 597
182 731
182 854
182 862
182 902
182 908
182 918
182 926
182 935
183 430
183 457
183 507
183 812
183 862
183 902
183 908
183 918
183 926
183 934
183 935
184 471
184 494
184 735
184 741
184 774
184 843
184 846
184 855
184 951
184 994
184 996
185 325
185 424
185 447
185 583
185 651
185 967
185 969
185 980
185 982
185 984
185 997
186 199
186 229
186 248
186 261
186 381
186 518
186 591
186 647
186 905
187 191
187 194
187 228
187 236
187 316
187 393
187 491
187 676
188 627
188 726
188 745
188 824
188 891
188 901
188 947
188 979
188 981
188 982
188 997
189 456
189 616
189 627
189 644
189 927
189 960
189 977
189 980
189 981
189 984
189 997
190 275
190 282
190 359
190 378
190 404
190 412
190 631
190 632
190 656
191 194
191 228
191 236
191 316
191 393
191 491
191 676
192 214
192 364
192 384
192 605
192 738
192 806
192 913
192 916
192 923
192 966
193 270
193 624
193 774
193 843
193 846
193 855
193 951
193 983
193 987
193 995
193 996
194 228
194 236
194 316
194 393
194 491
194 676
195 290
195 545
195 690
195 917
195 967
195 969
195 979
195 980
195 982
195 984
195 997
196 442
196 470
196 561
196 566
196 891
196 960
196 967
196 979
196 980
196 984
196 997
197 245
197 397
197 443
197 530
197 622
197 736
197 780
197 804
197 848
197 851
197 949
198 685
198 688
198 719
198 797
198 799
198 922
198 928
198 932
198 939
198 959
198 968
199 229
199 248
199 261
199 381
199 518
199 591
199 647
199 905
200 213
200 623
200 687
200 768
200 801
200 892
200 913
200 916
200 923
200 966
201 545
201 568
201 644
201 816
201 891
201 917
201 947
201 960
201 967
201 969
201 984
202 226
202 296
202 308
202 312
202 330
202 464
202 502
202 517
202 553
202 565
202 569
203 317
203 425
203 445
203 501
203 568
203 616
203 960
203 969
203 979
203 981
203 982
204 871
204 883
204 909
204 937
204 958
204 964
204 965
204 971
204 974
204 976
204 998
205 450
205 522
205 651
205 901
205 927
205 947
205 969
205 977
205 979
205 980
205 982
206 692
206 713
206 720
206 744
206 805
206 815
206 820
206 852
206 877
206 890
206 946
207 348
207 417
207 611
207 734
207 758
207 778
207 886
207 938
208 490
208 643
208 755
208 802
208 809
208 838
208 861
208 869
208 885
208 910
208 943
209 602
209 666
209 685
209 702
209 922
209 924
209 928
209 939
209 948
209 959
209 968
210 447
210 501
210 545
210 651
210 745
210 824
210 901
210 947
210 977
210 980
210 984
211 578
211 753
211 854
211 888
211 902
211 908
211 915
211 918
211 926
211 934
211 935
212 321
212 336
212 562
213 671
213 738
213 768
213 806
213 892
213 913
213 916
213 923
213 966
214 286
214 364
214 687
214 768
214 806
214 892
214 913
214 916
214 923
214 966
215 433
215 505
215 525
215 735
215 741
215 773
215 828
215 951
215 983
215 996
215 1000
216 220
216 315
216 371
216 407
216 498
216 529
216 695
216 724
216 870
216 894
217 416
217 460
217 598
217 650
217 674
217 700
217 730
217 743
217 784
217 791
217 952
218 300
218 338
218 385
218 418
218 511
218 827
220 267
220 276
220 334
220 407
220 498
220 529
220 695
220 724
220 870
220 894
221 577
221 663
221 710
221 807
221 861
221 869
221 875
221 910
221 921
221 942
221 943
222 434
222 503
222 664
222 678
222 689
222 812
222 854
222 862
222 902
222 915
222 918
222 934
223 265
223 573
223 667
223 799
223 853
223 900
223 924
223 928
223 932
223 948
223 959
223 968
224 379
224 547
224 585
224 586
224 603
224 761
225 626
225 692
225 713
225 720
225 744
225 805
225 815
225 820
225 852
225 877
225 890
225 946
226 296
226 308
226 312
226 330
226 464
226 502
226 517
226 553
226 565
226 569
227 283
227 471
227 572
227 596
227 617
227 624
227 766
227 774
227 889
227 951
227 983
227 996
228 236
228 316
228 393
228 491
228 676
229 248
229 261
229 381
229 518
229 591
229 647
229 905
230 377
230 637
230 659
230 674
230 700
230 730
230 743
230 784
230 791
230 952
231 335
231 377
231 463
231 659
231 674
231 700
231 730
231 743
231 784
231 791
231 952
232 238
232 347
232 480
232 482
232 521
232 619
232 636
232 673
232 707
232 907
232 930
232 973
234 260
234 292
234 390
234 504
234 823
235 480
235 499
235 521
235 584
235 619
235 636
235 673
235 707
235 907
235 930
235 973
236 316
236 393
236 491
236 676
237 295
237 304
237 345
237 462
237 592
237 612
237 675
237 739
237 759
237 864
238 322
238 347
238 521
238 584
238 619
238 636
238 673
238 707
238 907
238 930
238 973
239 389
239 438
239 782
239 825
239 874
239 887
239 895
239 951
239 983
239 987
239 995
239 996
240 694
240 808
240 833
240 937
240 945
240 958
240 964
240 965
240 971
240 974
240 976
240 998
241 538
241 711
241 826
241 844
241 860
241 872
241 911
241 919
241 925
241 931
241 940
242 754
242 808
242 867
242 883
242 937
242 958
242 964
242 965
242 971
242 974
242 976
242 998
243 727
243 755
243 763
243 802
243 814
243 861
243 869
243 885
243 921
243 942
243 943
244 319
244 386
244 451
244 473
244 563
244 594
244 668
244 703
244 722
244 837
245 691
245 725
245 736
245 780
245 803
245 804
245 845
245 848
245 851
245 949
246 286
246 623
246 760
246 768
246 801
246 806
246 892
246 913
246 916
246 923
246 966
247 660
247 709
247 715
247 748
247 772
247 787
247 813
247 818
247 839
247 841
247 955
247 961
248 261
248 381
248 518
248 591
248 647
248 905
249 634
249 785
249 817
249 876
249 880
249 920
249 929
249 954
249 956
249 963
249 970
250 313
250 334
250 407
250 498
250 529
250 724
250 870
250 894
251 319
251 414
251 451
251 537
251 563
251 594
251 668
251 703
251 722
251 837
252 395
252 564
252 589
252 716
252 765
252 819
252 835
252 847
252 859
252 896
252 914
253 573
253 799
253 881
253 900
253 922
253 924
253 928
253 932
253 939
253 948
253 959
253 968
255 446
255 451
255 537
255 543
255 563
255 594
255 668
255 703
255 722
255 837
256 335
256 460
256 598
256 637
256 650
256 659
256 674
256 730
256 743
256 784
256 791
256 952
257 286
257 311
257 548
257 671
257 738
257 768
257 806
257 892
257 913
257 916
257 923
257 966
258 628
258 663
258 710
258 727
258 796
258 869
258 875
258 885
258 910
258 921
258 942
258 943
259 285
259 428
259 528
259 542
259 587
259 614
259 708
259 899
259 933
260 292
260 390
260 504
260 823
261 381
261 518
261 591
261 647
261 905
262 685
262 714
262 728
262 799
262 881
262 924
262 928
262 932
262 939
262 948
262 959
262 968
263 830
263 842
263 978
263 985
263 986
263 988
263 989
263 990
263 991
263 992
263 993
263 999
264 643
264 796
264 807
264 809
264 814
264 838
264 885
264 910
264 921
264 942
264 943
265 655
265 719
265 853
265 881
265 924
265 928
265 932
265 948
265 959
265 968
266 556
266 697
266 737
266 762
266 779
266 840
266 857
266 873
266 878
266 904
266 953
266 972
267 313
267 315
267 371
267 498
267 529
267 695
267 724
267 870
267 894
268 323
268 356
268 457
268 493
268 607
268 753
268 812
268 888
268 902
268 934
268 935
269 648
269 817
269 863
269 880
269 882
269 912
269 920
269 929
269 954
269 956
269 963
269 970
270 477
270 735
270 741
270 773
270 782
270 868
270 887
270 889
270 983
270 996
270 1000
271 401
271 702
271 704
271 714
271 853
271 900
271 922
271 924
271 928
271 948
271 959
271 968
272 655
272 667
272 714
272 799
272 853
272 881
272 922
272 924
272 932
272 939
272 959
272 968
273 600
273 828
273 843
273 849
273 874
273 887
273 895
273 951
273 975
273 987
273 994
273 995
274 340
274 506
274 696
274 715
274 748
274 813
274 818
274 839
274 841
274 955
274 961
275 359
275 378
275 404
275 412
275 631
275 632
275 656
276 313
276 371
276 498
276 529
276 695
276 724
276 870
276 894
277 375
277 495
277 613
277 721
277 789
277 811
277 858
277 865
277 879
277 893
277 903
277 906
278 374
278 501
278 651
278 726
278 824
278 917
278 927
278 941
278 960
278 981
278 984
278 997
279 472
279 786
279 789
279 834
279 858
279 865
279 866
279 879
279 884
279 893
279 897
279 903
280 307
280 351
280 467
280 482
280 516
280 521
280 619
280 673
280 707
280 907
280 930
280 973
281 346
281 613
281 786
281 811
281 834
281 858
281 865
281 866
281 879
281 893
281 897
281 903
282 359
282 378
282 404
282 412
282 631
282 632
282 656
283 466
283 629
283 749
283 846
283 849
283 887
283 889
283 895
283 944
283 975
283 987
283 996
284 572
284 596
284 645
284 749
284 775
284 782
284 825
284 843
284 874
284 951
284 975
284 983
284 1000
285 428
285 528
285 542
285 587
285 614
285 708
285 899
285 933
286 605
286 687
286 738
286 760
286 892
286 913
286 916
286 923
286 966
287 421
287 466
287 629
287 775
287 843
287 849
287 855
287 895
287 944
287 983
287 987
287 994
287 995
288 764
288 833
288 871
288 883
288 909
288 937
288 945
288 958
288 964
288 971
288 974
288 976
288 998
290 374
290 431
290 726
290 901
290 960
290 967
290 969
290 977
290 979
290 982
290 984
290 997
291 660
291 709
291 732
291 748
291 769
291 772
291 787
291 813
291 818
291 839
291 841
291 955
291 961
292 390
292 504
292 823
293 320
293 564
293 630
293 640
293 757
293 765
293 770
293 819
293 835
293 847
293 859
293 896
293 914
294 597
294 689
294 731
294 753
294 781
294 812
294 856
294 902
294 908
294 918
294 926
294 934
294 935
295 304
295 345
295 462
295 592
295 612
295 675
295 739
295 759
295 864
296 308
296 312
296 330
296 464
296 502
296 517
296 553
296 565
296 569
297 626
297 692
297 713
297 720
297 744
297 805
297 815
297 820
297 852
297 877
297 890
297 946
298 401
298 602
298 655
298 702
298 719
298 900
298 924
298 928
298 939
298 948
298 959
298 968
299 320
299 474
299 533
299 540
299 571
299 640
299 716
299 757
299 765
299 835
299 859
299 896
299 914
300 338
300 385
300 418
300 511
300 827
301 527
301 661
301 710
301 771
301 796
301 809
301 814
301 861
301 869
301 875
301 910
301 921
301 943
302 380
302 383
302 705
302 711
302 821
302 844
302 860
302 872
302 898
302 911
302 919
302 925
302 931
303 453
303 466
303 624
303 665
303 735
303 749
303 773
303 855
303 874
303 944
303 987
303 996
303 1000
304 345
304 462
304 592
304 612
304 675
304 739
304 759
304 864
305 514
305 831
305 871
305 909
305 937
305 945
305 958
305 964
305 965
305 971
305 974
305 976
305 998
306 514
306 867
306 871
306 883
306 937
306 945
306 958
306 964
306 965
306 971
306 974
306 976
306 998
307 322
307 467
307 482
307 521
307 584
307 619
307 636
307 673
307 707
307 907
307 930
307 973
308 312
308 330
308 464
308 502
308 517
308 553
308 565
308 569
309 339
309 394
309 417
309 452
309 508
309 611
309 734
309 758
309 778
309 886
309 938
310 355
310 568
310 590
310 616
310 644
310 891
310 917
310 941
310 960
310 967
310 980
310 981
310 984
311 352
311 364
311 605
311 671
311 687
311 738
311 801
311 913
311 916
311 923
311 966
312 330
312 464
312 502
312 517
312 553
312 565
312 569
313 315
313 407
313 529
313 695
313 724
313 870
313 894
314 380
314 520
314 633
314 711
314 776
314 792
314 826
314 844
314 872
314 919
314 925
314 931
314 940
315 407
315 498
315 529
315 695
315 724
315 870
315 894
316 393
316 491
316 676
317 442
317 487
317 590
317 891
317 901
317 941
317 947
317 960
317 969
317 984
317 997
318 648
318 672
318 680
318 832
318 876
318 882
318 912
318 920
318 929
318 954
318 956
318 963
318 970
319 326
319 362
319 414
319 451
319 473
319 537
319 543
319 722
319 837
320 533
320 630
320 640
320 716
320 757
320 770
320 835
320 847
320 859
320 896
320 914
321 336
321 562
322 347
322 480
322 516
322 619
322 636
322 673
322 707
322 907
322 930
322 973
323 557
323 578
323 678
323 812
323 854
323 856
323 888
323 902
323 915
323 926
323 934
323 935
324 348
324 394
324 417
324 452
324 508
324 611
324 734
324 758
324 778
324 886
324 938
325 445
325 501
325 522
325 545
325 566
325 927
325 947
325 960
325 979
325 980
325 981
325 982
326 386
326 414
326 446
326 537
326 543
326 563
326 594
326 668
326 703
326 722
326 837
327 670
327 672
327 701
327 832
327 876
327 880
327 882
327 920
327 929
327 954
327 956
327 963
327 970
328 599
328 601
328 608
328 684
328 792
328 800
328 844
328 872
328 911
328 919
328 925
328 931
328 940
329 595
329 660
329 696
329 732
329 772
329 787
329 813
329 818
329 839
329 841
329 955
329 961
330 464
330 502
330 517
330 553
330 565
330 569
331 596
331 645
331 686
331 699
331 766
331 782
331 868
331 874
331 889
331 951
331 983
331 994
331 1000
332 354
332 642
332 706
332 717
332 750
332 798
332 836
332 840
332 857
332 873
332 953
332 957
332 972
333 534
333 549
333 588
333 654
333 706
333 762
333 829
333 836
333 873
333 878
333 953
333 957
333 972
334 371
334 407
334 498
334 695
334 724
334 870
334 894
334 999
335 463
335 598
335 637
335 650
335 659
335 700
335 730
335 743
335 784
335 791
335 952
336 562
337 459
337 641
338 385
338 418
338 511
338 827
339 348
339 394
339 417
339 508
339 611
339 734
339 758
339 778
339 886
339 938
340 342
340 595
340 660
340 696
340 709
340 732
340 769
340 818
340 839
340 841
340 955
340 961
341 513
341 677
341 717
341 737
341 798
341 836
341 857
341 873
341 878
341 904
341 953
341 957
341 972
342 660
342 715
342 732
342 748
342 769
342 772
342 787
342 818
342 839
342 841
342 955
342 961
343 513
343 677
343 706
343 717
343 737
343 762
343 779
343 836
343 857
343 878
343 953
343 957
343 972
344 556
344 677
344 737
344 750
344 762
344 829
344 836
344 850
344 873
344 878
344 904
344 957
344 972
345 462
345 592
345 612
345 675
345 739
345 759
345 864
346 427
346 496
346 681
346 810
346 811
346 865
346 866
346 879
346 884
346 893
346 903
346 906
347 480
347 499
347 584
347 636
347 673
347 707
347 907
347 930
347 973
348 394
348 417
348 452
348 611
348 734
348 758
348 778
348 886
348 938
349 369
349 395
349 564
349 589
349 640
349 757
349 765
349 819
349 835
349 847
349 859
349 896
349 914
350 389
350 494
350 567
350 570
350 665
350 775
350 843
350 887
350 951
350 983
350 995
350 996
351 467
351 482
351 499
351 516
351 521
351 584
351 636
351 673
351 707
351 907
351 930
351 973
352 382
352 413
352 671
352 687
352 760
352 768
352 801
352 806
352 892
352 916
352 923
352 966
353 795
353 830
353 842
353 978
353 985
353 986
353 988
353 989
353 990
353 991
353 992
353 993
353 999
354 534
354 654
354 750
354 779
354 798
354 836
354 904
354 953
354 957
354 972
355 431
355 566
355 742
355 927
355 967
355 969
355 979
355 980
355 981
355 982
355 984
355 997
356 411
356 607
356 664
356 729
356 781
356 812
356 854
356 888
356 902
356 908
356 926
356 934
357 574
357 817
357 832
357 863
357 876
357 880
357 882
357 912
357 920
357 929
357 954
357 956
357 963
357 970
358 500
358 546
358 626
358 692
358 713
358 720
358 744
358 805
358 815
358 820
358 852
358 877
358 890
358 946
359 378
359 404
359 412
359 631
359 632
359 656
360 534
360 581
360 588
360 654
360 717
360 762
360 829
360 836
360 840
360 850
360 857
360 878
360 904
360 957
361 681
361 721
361 789
361 810
361 811
361 858
361 865
361 866
361 879
361 884
361 893
361 897
361 903
361 906
362 368
362 414
362 446
362 451
362 594
362 668
362 703
362 722
362 837
363 545
363 561
363 568
363 891
363 901
363 917
363 941
363 960
363 977
363 979
363 980
363 981
363 984
363 997
364 548
364 671
364 738
364 768
364 801
364 806
364 892
364 916
364 923
364 966
365 777
365 795
365 830
365 842
365 978
365 985
365 986
365 988
365 989
365 990
365 991
365 992
365 993
365 999
367 485
367 546
367 626
367 692
367 713
367 720
367 744
367 805
367 815
367 820
367 852
367 877
367 890
367 946
368 414
368 446
368 473
368 537
368 543
368 563
368 668
368 703
368 722
368 837
369 395
369 474
369 540
369 564
369 757
369 765
369 819
369 835
369 847
369 859
369 896
369 914
370 495
370 541
370 679
370 683
370 834
370 858
370 865
370 866
370 879
370 884
370 893
370 897
370 903
370 906
371 529
371 695
371 724
371 870
371 894
372 777
372 795
372 830
372 842
372 978
372 985
372 986
372 988
372 989
372 990
372 991
372 992
372 993
372 999
373 409
373 425
373 445
373 545
373 745
373 816
373 891
373 901
373 917
373 941
373 947
373 967
373 979
373 981
374 450
374 479
374 644
374 690
374 745
374 824
374 901
374 941
374 967
374 979
374 981
374 984
375 469
375 789
375 810
375 834
375 858
375 865
375 866
375 879
375 884
375 893
375 897
375 903
375 906
376 582
376 727
376 763
376 771
376 807
376 814
376 838
376 861
376 869
376 875
376 885
376 910
376 921
376 942
377 463
377 637
377 650
377 659
377 674
377 700
377 730
377 743
377 784
377 791
377 952
378 404
378 412
378 631
378 632
378 656
379 547
379 585
379 586
379 603
379 761
380 601
380 711
380 718
380 788
380 792
380 821
380 844
380 872
380 898
380 911
380 925
381 518
381 591
381 647
381 905
382 384
382 413
382 687
382 760
382 768
382 801
382 806
382 892
382 913
382 916
382 923
382 966
383 449
383 684
383 718
383 792
383 800
383 826
383 844
383 898
383 911
383 919
383 925
383 931
383 940
384 484
384 605
384 687
384 760
384 801
384 892
384 913
384 916
384 923
384 966
385 418
385 511
385 827
386 414
386 451
386 473
386 537
386 543
386 563
386 594
386 668
386 703
386 722
386 837
388 490
388 643
388 661
388 771
388 783
388 796
388 861
388 869
388 875
388 885
388 910
388 921
388 942
388 943
389 646
389 849
389 855
389 868
389 874
389 889
389 944
389 975
389 983
389 994
389 1000
390 504
390 823
391 621
391 628
391 755
391 763
391 771
391 807
391 809
391 838
391 869
391 921
391 942
391 943
392 494
392 558
392 572
392 773
392 790
392 825
392 849
392 855
392 944
392 975
392 983
392 994
392 995
393 491
393 676
394 452
394 508
394 611
394 734
394 758
394 778
394 886
394 938
395 564
395 589
395 630
395 757
395 765
395 770
395 835
395 847
395 859
395 896
395 914
396 405
396 489
396 649
396 657
396 697
396 762
396 829
396 840
396 857
396 873
396 904
396 953
396 957
396 972
397 618
397 669
397 725
397 736
397 751
397 767
397 780
397 803
397 804
397 845
397 848
397 851
397 949
398 429
398 506
398 696
398 709
398 715
398 748
398 772
398 787
398 813
398 818
398 839
398 841
398 955
398 961
399 465
399 613
399 683
399 789
399 810
399 811
399 865
399 866
399 879
399 884
399 893
399 897
399 903
399 906
400 513
400 642
400 657
400 750
400 762
400 829
400 850
400 873
400 878
400 904
400 953
400 957
400 972
401 403
401 666
401 799
401 881
401 900
401 922
401 924
401 928
401 939
401 948
401 959
401 968
402 777
402 795
402 830
402 842
402 978
402 985
402 986
402 988
402 989
402 990
402 991
402 992
402 993
402 999
403 602
403 666
403 688
403 704
403 728
403 881
403 900
403 928
403 932
403 939
403 948
403 959
403 968
404 412
404 631
404 632
404 656
405 549
405 588
405 649
405 654
405 750
405 779
405 840
405 850
405 857
405 873
405 953
405 957
405 972
406 515
406 607
406 625
406 689
406 729
406 731
406 781
406 854
406 856
406 862
406 902
406 908
406 915
406 926
407 529
407 695
407 724
407 870
407 894
408 450
408 479
408 616
408 726
408 742
408 745
408 816
408 824
408 901
408 941
408 947
408 960
408 969
408 980
409 488
409 522
409 690
409 816
409 927
409 960
409 967
409 969
409 977
409 979
409 980
409 981
409 997
411 434
411 625
411 689
411 781
411 854
411 862
411 888
411 902
411 908
411 915
411 926
411 935
412 631
412 632
412 656
413 484
413 605
413 671
413 738
413 760
413 768
413 806
413 892
413 913
413 923
413 966
414 451
414 473
414 537
414 594
414 668
414 703
414 837
415 515
415 559
415 578
415 625
415 678
415 689
415 862
415 888
415 908
415 915
415 918
415 926
415 934
415 935
416 460
416 463
416 637
416 650
416 674
416 700
416 730
416 743
416 784
416 791
416 952
417 508
417 611
417 734
417 758
417 778
417 886
417 938
418 511
418 827
419 469
419 495
419 496
419 679
419 681
419 721
419 786
419 789
419 811
419 865
419 866
419 893
419 897
419 903
419 906
421 756
421 782
421 790
421 794
421 843
421 868
421 874
421 895
421 951
421 983
421 987
421 994
421 995
421 1000
423 558
423 699
423 749
423 774
423 775
423 849
423 868
423 889
423 944
423 951
423 983
423 994
423 995
423 996
423 1000
424 442
424 445
424 447
424 726
424 816
424 891
424 917
424 927
424 947
424 967
424 979
424 981
424 982
424 997
425 445
425 470
425 479
425 644
425 742
425 891
425 941
425 947
425 967
425 969
425 977
425 982
425 997
426 777
426 793
426 795
426 830
426 842
426 978
426 985
426 986
426 988
426 989
426 990
426 991
426 992
426 993
426 999
427 472
427 679
427 789
427 834
427 858
427 865
427 866
427 879
427 884
427 893
427 897
427 903
427 906
428 528
428 542
428 587
428 614
428 708
428 899
428 933
429 506
429 595
429 709
429 715
429 732
429 748
429 769
429 772
429 813
429 818
429 839
429 841
429 955
429 961
430 493
430 507
430 557
430 729
430 753
430 812
430 862
430 902
430 908
430 915
430 918
430 926
430 934
431 470
431 627
431 742
431 824
431 917
431 927
431 941
431 967
431 969
431 977
431 980
431 982
431 984
432 454
432 458
432 576
432 634
432 662
432 817
432 832
432 876
432 882
432 920
432 929
432 954
432 956
432 963
432 970
433 471
433 570
433 646
433 756
433 773
433 774
433 790
433 825
433 828
433 868
433 944
433 951
433 994
433 995
434 493
434 515
434 625
434 664
434 854
434 856
434 888
434 908
434 915
434 918
434 926
434 934
434 935
435 485
435 500
435 546
435 626
435 692
435 713
435 720
435 744
435 805
435 815
435 820
435 852
435 877
435 890
435 946
436 694
436 822
436 833
436 867
436 883
436 909
436 937
436 945
436 958
436 964
436 965
436 971
436 974
436 976
436 998
437 447
437 512
437 690
437 824
437 927
437 941
437 967
437 969
437 977
437 979
437 980
437 981
437 982
437 984
438 567
438 629
438 756
438 766
438 782
438 825
438 849
438 868
438 895
438 975
438 983
438 994
438 996
438 1000
440 604
440 622
440 669
440 691
440 725
440 751
440 767
440 803
440 804
440 845
440 848
440 851
440 949
442 479
442 522
442 627
442 745
442 891
442 960
442 977
442 981
442 982
442 984
442 997
443 476
443 530
443 604
443 620
443 622
443 691
443 736
443 767
443 780
443 803
443 804
443 848
443 851
443 949
444 663
444 727
444 755
444 763
444 783
444 796
444 814
444 838
444 869
444 875
444 885
444 921
444 942
444 943
445 487
445 488
445 583
445 745
445 891
445 917
445 927
445 969
445 984
445 997
446 473
446 537
446 563
446 594
446 668
446 703
446 722
446 837
447 726
447 917
447 927
447 941
447 947
447 977
447 979
447 981
447 982
447 984
447 997
448 530
448 604
448 618
448 669
448 725
448 736
448 751
448 767
448 780
448 803
448 845
448 848
448 851
448 949
449 599
449 684
449 718
449 776
449 788
449 800
449 821
449 860
449 872
449 911
449 919
449 931
449 940
450 561
450 568
450 583
450 891
450 927
450 941
450 960
450 967
450 969
450 977
450 979
450 982
451 543
451 563
451 594
451 668
451 703
451 837
452 508
452 611
452 734
452 758
452 778
452 886
452 938
453 455
453 525
453 600
453 629
453 653
453 741
453 790
453 868
453 874
453 895
453 951
453 983
453 994
453 995
454 662
454 680
454 701
454 817
454 832
454 876
454 880
454 912
454 920
454 929
454 954
454 956
454 963
454 970
455 466
455 505
455 617
455 653
455 735
455 790
455 828
455 868
455 874
455 889
455 983
455 994
455 1000
456 488
456 512
456 568
456 690
456 816
456 824
456 901
456 917
456 960
456 967
456 977
456 979
456 980
456 982
457 557
457 731
457 753
457 812
457 854
457 888
457 902
457 908
457 915
457 918
457 926
457 934
457 935
458 576
458 672
458 785
458 863
458 876
458 880
458 882
458 912
458 920
458 929
458 954
458 956
458 963
458 970
459 641
460 463
460 598
460 637
460 650
460 659
460 674
460 700
460 730
460 743
460 784
460 791
460 952
461 666
461 688
461 702
461 704
461 714
461 797
461 853
461 900
461 922
461 928
461 932
461 939
461 948
461 959
461 968
462 592
462 612
462 675
462 739
462 759
462 864
463 598
463 637
463 650
463 700
463 730
463 743
463 784
463 791
463 952
464 502
464 517
464 553
464 565
464 569
465 541
465 681
465 683
465 721
465 786
465 810
465 834
465 865
465 866
465 879
465 884
465 897
465 903
465 906
466 554
466 572
466 735
466 825
466 846
466 887
466 944
466 951
466 987
466 996
466 1000
467 482
467 499
467 516
467 521
467 584
467 619
467 636
467 673
467 707
467 907
467 930
467 973
468 536
468 635
468 648
468 670
468 817
468 832
468 880
468 882
468 912
468 920
468 929
468 954
468 956
468 963
468 970
469 495
469 613
469 679
469 683
469 786
469 858
469 865
469 866
469 879
469 893
469 897
469 903
469 906
470 690
470 726
470 901
470 927
470 947
470 967
470 969
470 977
470 979
470 980
470 981
470 982
471 505
471 596
471 600
471 665
471 698
471 794
471 828
471 895
471 944
471 975
471 995
471 996
471 1000
472 613
472 679
472 721
472 789
472 810
472 811
472 834
472 858
472 865
472 879
472 884
472 893
472 897
472 906
473 537
473 543
473 563
473 594
473 722
473 837
474 533
474 540
474 564
474 640
474 716
474 757
474 765
474 770
474 819
474 835
474 847
474 859
474 896
474 914
475 601
475 608
475 711
475 776
475 788
475 826
475 844
475 872
475 898
475 911
475 919
475 925
475 931
475 940
476 610
476 618
476 669
476 691
476 725
476 736
476 751
476 767
476 780
476 803
476 804
476 845
476 848
476 851
476 949
477 494
477 554
477 570
477 735
477 775
477 825
477 828
477 849
477 855
477 895
477 944
477 975
477 983
477 987
477 996
478 489
478 549
478 556
478 677
478 717
478 737
478 762
478 798
478 829
478 836
478 850
478 878
478 904
478 953
478 957
478 972
479 616
479 891
479 901
479 917
479 927
479 947
479 977
479 981
479 982
479 984
479 997
480 482
480 499
480 516
480 521
480 584
480 619
480 636
480 673
480 707
480 907
480 930
480 973
481 509
481 595
481 660
481 696
481 715
481 732
481 748
481 769
481 772
481 787
481 813
481 818
481 839
481 841
481 955
481 961
482 516
482 521
482 584
482 619
482 636
482 673
482 707
482 907
482 930
482 973
483 496
483 683
483 786
483 789
483 810
483 811
483 834
483 858
483 865
483 866
483 879
483 884
483 893
483 897
483 903
483 906
484 605
484 623
484 738
484 760
484 768
484 801
484 806
484 892
484 913
484 916
484 923
484 966
485 500
485 546
485 626
485 692
485 713
485 720
485 744
485 805
485 815
485 820
485 852
485 877
485 890
485 946
486 544
486 575
486 693
486 712
486 740
486 752
486 936
487 522
487 568
487 616
487 651
487 901
487 927
487 941
487 947
487 967
487 979
487 981
487 982
487 997
488 522
488 627
488 690
488 742
488 891
488 941
488 947
488 960
488 969
488 977
488 979
488 980
488 981
489 657
489 706
489 750
489 779
489 798
489 829
489 836
489 840
489 850
489 857
489 873
489 953
489 957
489 972
490 577
490 643
490 727
490 763
490 796
490 802
490 814
490 838
490 861
490 869
490 885
490 910
490 942
490 943
491 676
492 524
492 655
492 666
492 688
492 704
492 799
492 853
492 881
492 900
492 922
492 924
492 928
492 932
492 939
492 948
492 968
493 689
493 781
493 862
493 888
493 902
493 908
493 915
493 918
493 926
493 934
493 935
494 686
494 766
494 855
494 874
494 889
494 983
494 987
494 994
494 996
494 1000
495 541
495 810
495 811
495 858
495 865
495 866
495 879
495 884
495 893
495 897
495 903
495 906
496 679
496 721
496 789
496 810
496 811
496 834
496 858
496 865
496 879
496 884
496 897
496 903
496 906
497 576
497 634
497 635
497 662
497 672
497 817
497 863
497 876
497 880
497 912
497 920
497 929
497 954
497 956
497 963
497 970
498 695
498 724
498 870
498 894
499 516
499 521
499 584
499 619
499 636
499 673
499 707
499 907
499 930
499 973
500 546
500 626
500 692
500 713
500 720
500 744
500 805
500 815
500 820
500 852
500 877
500 890
500 946
501 545
501 561
501 917
501 927
501 947
501 960
501 967
501 969
501 977
501 980
501 982
502 517
502 553
502 565
502 569
503 507
503 597
503 678
503 729
503 854
503 856
503 862
503 888
503 908
503 915
503 918
503 926
503 934
503 935
504 823
505 554
505 624
505 645
505 686
505 782
505 828
505 849
505 868
505 975
505 983
505 995
505 1000
506 509
506 696
506 715
506 732
506 748
506 769
506 772
506 813
506 818
506 841
506 955
506 961
507 625
507 664
507 731
507 753
507 854
507 856
507 862
507 888
507 902
507 908
507 918
507 934
507 935
508 611
508 734
508 758
508 778
508 886
508 938
509 595
509 660
509 709
509 715
509 732
509 769
509 772
509 787
509 813
509 818
509 839
509 841
509 955
509 961
510 539
510 652
510 822
510 867
510 871
510 883
510 909
510 937
510 945
510 958
510 964
510 965
510 971
510 974
510 976
510 998
511 827
512 545
512 644
512 816
512 891
512 941
512 947
512 960
512 967
512 969
512 977
512 979
512 981
512 984
512 997
513 581
513 717
513 737
513 779
513 798
513 840
513 850
513 878
513 904
513 953
513 957
513 972
514 764
514 808
514 833
514 871
514 909
514 937
514 945
514 958
514 964
514 965
514 971
514 974
514 976
514 998
515 557
515 559
515 678
515 731
515 753
515 812
515 856
515 888
515 902
515 918
515 926
515 934
515 935
516 521
516 584
516 619
516 636
516 673
516 707
516 907
516 930
516 973
517 553
517 565
517 569
518 591
518 647
518 905
519 682
519 694
519 822
519 867
519 871
519 883
519 909
519 937
519 945
519 958
519 964
519 965
519 971
519 974
519 976
519 998
520 535
520 599
520 601
520 633
520 684
520 788
520 821
520 860
520 872
520 898
520 911
520 919
520 925
520 931
520 940
521 584
521 636
521 707
521 907
521 930
521 973
522 566
522 590
522 742
522 917
522 927
522 947
522 977
522 979
522 980
522 984
522 997
524 602
524 714
524 797
524 799
524 853
524 881
524 900
524 922
524 924
524 928
524 932
524 939
524 948
524 959
524 968
525 572
525 653
525 735
525 749
525 756
525 782
525 790
525 843
525 846
525 874
525 887
525 975
525 994
525 995
525 996
526 579
526 635
526 670
526 680
526 701
526 785
526 863
526 876
526 880
526 882
526 912
526 920
526 929
526 954
526 956
526 963
526 970
527 577
527 582
527 643
527 783
527 796
527 807
527 809
527 838
527 869
527 875
527 885
527 910
527 921
527 942
528 542
528 587
528 614
528 708
528 899
528 933
529 695
529 724
529 870
529 894
530 610
530 620
530 622
530 669
530 691
530 751
530 767
530 803
530 804
530 845
530 848
530 851
530 949
531 593
531 733
531 777
531 793
531 795
531 830
531 842
531 978
531 985
531 986
531 988
531 989
531 990
531 991
531 992
531 993
531 999
532 538
532 608
532 705
532 718
532 776
532 821
532 826
532 844
532 860
532 872
532 898
532 911
532 919
532 925
532 940
533 589
533 630
533 716
533 757
533 770
533 819
533 847
533 859
533 896
533 914
534 649
534 657
534 717
534 737
534 762
534 798
534 836
534 850
534 857
534 878
534 904
534 953
534 957
534 972
535 538
535 552
535 599
535 718
535 776
535 788
535 821
535 826
535 844
535 860
535 898
535 911
535 919
535 925
535 931
535 940
536 579
536 635
536 670
536 701
536 817
536 832
536 863
536 880
536 882
536 912
536 920
536 929
536 954
536 956
536 963
536 970
537 543
537 594
537 668
537 722
537 837
538 776
538 788
538 792
538 826
538 844
538 860
538 898
538 919
538 925
538 931
538 940
539 551
539 682
539 808
539 831
539 833
539 883
539 909
539 937
539 945
539 958
539 964
539 965
539 971
539 974
539 976
539 998
540 571
540 589
540 630
540 716
540 757
540 770
540 819
540 835
540 847
540 859
540 896
540 914
541 613
541 721
541 789
541 811
541 858
541 865
541 866
541 879
541 884
541 893
541 897
541 903
541 906
542 587
542 614
542 708
542 899
542 933
543 563
543 668
543 703
543 722
543 837
544 575
544 693
544 712
544 740
544 752
544 936
545 651
545 891
545 917
545 941
545 947
545 967
545 969
545 981
545 984
546 626
546 692
546 713
546 720
546 744
546 805
546 815
546 820
546 852
546 877
546 890
546 946
547 585
547 586
547 603
547 761
548 605
548 623
548 671
548 687
548 738
548 760
548 768
548 806
548 892
548 913
548 916
548 923
548 966
549 642
549 649
549 697
549 706
549 779
549 836
549 840
549 850
549 857
549 873
549 904
549 953
549 957
549 972
551 652
551 831
551 833
551 867
551 871
551 883
551 909
551 937
551 945
551 958
551 964
551 965
551 971
551 974
551 976
551 998
552 633
552 711
552 776
552 788
552 792
552 800
552 826
552 844
552 860
552 872
552 898
552 911
552 919
552 925
552 931
552 940
553 565
553 569
554 572
554 645
554 699
554 741
554 773
554 790
554 828
554 849
554 874
554 889
554 944
554 995
554 996
554 1000
556 642
556 649
556 654
556 677
556 697
556 779
556 798
556 836
556 840
556 857
556 873
556 878
556 953
556 957
556 972
557 559
557 664
557 731
557 781
557 812
557 854
557 856
557 862
557 902
557 908
557 918
557 926
557 934
557 935
558 617
558 735
558 741
558 756
558 766
558 774
558 794
558 868
558 889
558 895
558 951
558 975
558 983
558 994
558 996
558 1000
559 578
559 625
559 678
559 689
559 753
559 781
559 812
559 854
559 856
559 862
559 888
559 908
559 915
559 926
561 590
561 627
561 742
561 901
561 917
561 941
561 969
561 977
561 979
561 980
561 981
561 982
561 984
561 997
563 594
563 703
563 722
563 837
564 589
564 630
564 716
564 765
564 770
564 819
564 835
564 847
564 859
564 896
564 914
565 569
566 616
566 627
566 816
566 917
566 927
566 941
566 947
566 967
566 969
566 980
566 981
566 982
566 984
566 997
567 572
567 606
567 617
567 749
567 774
567 775
567 794
567 828
567 843
567 846
567 887
567 944
567 975
567 987
567 994
567 995
568 583
568 690
568 891
568 941
568 947
568 969
568 977
568 980
568 981
568 984
568 997
570 572
570 749
570 766
570 773
570 849
570 887
570 944
570 951
570 975
570 987
570 995
570 996
570 1000
571 589
571 630
571 640
571 716
571 757
571 765
571 770
571 819
571 835
571 847
571 859
571 896
571 914
572 645
572 653
572 741
572 774
572 849
572 895
572 944
572 987
572 996
572 1000
573 666
573 702
573 714
573 797
573 799
573 853
573 900
573 922
573 924
573 928
573 932
573 939
573 948
573 959
573 968
574 579
574 662
574 670
574 672
574 785
574 832
574 863
574 876
574 880
574 882
574 912
574 920
574 929
574 954
574 956
574 963
574 970
575 693
575 712
575 740
575 752
575 936
576 634
576 635
576 672
576 785
576 817
576 832
576 863
576 876
576 880
576 912
576 920
576 954
576 956
576 963
576 970
577 621
577 663
577 747
577 771
577 802
577 807
577 809
577 814
577 838
577 861
577 875
577 885
577 910
577 921
577 942
578 664
578 678
578 729
578 854
578 856
578 862
578 888
578 902
578 908
578 918
578 926
578 934
578 935
579 634
579 662
579 670
579 672
579 785
579 817
579 876
579 880
579 882
579 912
579 929
579 954
579 956
579 963
579 970
580 639
580 764
580 808
580 831
580 867
580 871
580 883
580 909
580 937
580 945
580 958
580 964
580 965
580 971
580 974
580 976
580 998
581 642
581 654
581 677
581 697
581 717
581 737
581 779
581 829
581 836
581 840
581 850
581 857
581 873
581 904
581 953
581 972
582 628
582 638
582 661
582 663
582 755
582 771
582 796
582 802
582 809
582 838
582 869
582 875
582 885
582 910
582 942
582 943
583 590
583 627
583 816
583 917
583 941
583 947
583 967
583 969
583 977
583 979
583 981
583 982
583 984
583 997
584 619
584 636
584 673
584 707
584 907
584 930
584 973
585 586
585 603
585 761
586 603
586 761
587 614
587 708
587 899
587 933
588 642
588 697
588 717
588 737
588 779
588 798
588 829
588 850
588 857
588 873
588 904
588 953
588 957
588 972
589 716
589 757
589 770
589 819
589 835
589 847
589 859
589 896
589 914
590 644
590 816
590 824
590 891
590 941
590 947
590 967
590 969
590 980
590 981
590 984
591 647
591 905
592 612
592 675
592 739
592 759
592 864
593 733
593 777
593 793
593 795
593 830
593 842
593 978
593 985
593 986
593 988
593 989
593 990
593 991
593 992
593 993
593 999
594 668
594 703
594 722
594 837
595 660
595 696
595 709
595 748
595 769
595 772
595 787
595 813
595 818
595 839
595 841
595 955
595 961
596 665
596 766
596 775
596 794
596 825
596 843
596 846
596 868
596 895
596 944
596 975
596 983
596 996
596 1000
597 607
597 625
597 664
597 731
597 781
597 812
597 854
597 856
597 888
597 908
597 915
597 918
597 926
597 934
597 935
598 637
598 650
598 674
598 730
598 743
598 784
598 791
598 952
599 601
599 608
599 633
599 711
599 788
599 800
599 821
599 826
599 844
599 872
599 898
599 919
599 925
599 931
599 940
600 606
600 629
600 699
600 828
600 843
600 846
600 849
600 889
600 944
600 983
600 987
600 996
600 1000
601 684
601 705
601 800
601 821
601 826
601 860
601 872
601 898
601 911
601 919
601 925
601 931
601 940
602 685
602 688
602 702
602 704
602 719
602 797
602 881
602 900
602 922
602 924
602 928
602 932
602 939
602 948
602 959
603 761
604 610
604 618
604 620
604 622
604 669
604 691
604 725
604 736
604 751
604 767
604 780
604 803
604 845
604 848
604 851
604 949
605 623
605 687
605 738
605 760
605 806
605 913
605 916
605 923
605 966
606 624
606 665
606 699
606 766
606 774
606 782
606 790
606 825
606 828
606 868
606 874
606 895
606 944
606 983
606 1000
607 625
607 678
607 729
607 753
607 781
607 812
607 856
607 888
607 902
607 908
607 915
607 918
607 926
607 934
607 935
608 718
608 788
608 800
608 821
608 826
608 844
608 872
608 898
608 911
608 919
608 925
608 931
608 940
610 620
610 669
610 691
610 725
610 736
610 751
610 767
610 780
610 803
610 804
610 845
610 848
610 851
610 949
611 734
611 758
611 778
611 886
611 938
612 675
612 739
612 759
612 864
613 681
613 786
613 811
613 834
613 858
613 866
613 884
613 893
613 897
613 903
613 906
614 708
614 899
614 933
615 658
615 694
615 754
615 822
615 831
615 833
615 867
615 871
615 883
615 909
615 937
615 945
615 958
615 964
615 965
615 971
615 974
615 976
615 998
616 742
616 745
616 901
616 941
616 967
616 969
616 977
616 980
616 981
616 982
616 984
617 624
617 629
617 653
617 686
617 698
617 766
617 774
617 843
617 895
617 944
617 975
617 983
617 995
617 1000
618 620
618 622
618 669
618 691
618 725
618 736
618 751
618 767
618 780
618 804
618 845
618 848
618 851
618 949
619 636
619 673
619 707
619 907
619 930
619 973
620 622
620 669
620 736
620 751
620 767
620 803
620 804
620 845
620 848
620 851
620 949
621 638
621 661
621 727
621 747
621 763
621 771
621 783
621 802
621 814
621 838
621 861
621 869
621 875
621 910
621 921
621 942
621 943
622 669
622 691
622 725
622 736
622 751
622 767
622 780
622 803
622 804
622 845
622 848
622 851
622 949
623 671
623 687
623 768
623 801
623 806
623 892
623 913
623 916
623 923
623 966
624 646
624 698
624 749
624 773
624 825
624 855
624 868
624 874
624 887
624 889
624 975
624 983
624 994
624 996
625 664
625 689
625 729
625 781
625 812
625 854
625 856
625 862
625 888
625 915
625 918
625 934
626 692
626 713
626 720
626 744
626 805
626 815
626 820
626 852
626 877
626 890
626 946
627 644
627 690
627 745
627 816
627 891
627 927
627 947
627 960
627 967
627 979
627 982
627 997
628 638
628 710
628 727
628 747
628 783
628 796
628 802
628 807
628 861
628 869
628 875
628 885
628 910
628 921
628 942
628 943
629 686
629 782
629 790
629 828
629 846
629 868
629 874
629 889
629 895
629 975
629 987
629 994
629 995
629 1000
630 640
630 757
630 765
630 770
630 819
630 835
630 847
630 859
630 896
630 914
631 632
631 656
632 656
633 711
633 718
633 776
633 788
633 800
633 860
633 872
633 898
633 911
633 919
633 925
633 931
633 940
634 648
634 662
634 680
634 863
634 876
634 880
634 882
634 912
634 920
634 929
634 954
634 956
634 963
634 970
635 670
635 672
635 785
635 817
635 832
635 863
635 876
635 880
635 912
635 920
635 929
635 954
635 956
635 963
635 970
636 673
636 707
636 907
636 930
636 973
637 650
637 659
637 700
637 730
637 743
637 784
637 791
637 952
638 663
638 710
638 727
638 755
638 796
638 802
638 807
638 809
638 814
638 838
638 875
638 885
638 921
638 942
638 943
639 682
639 694
639 746
639 754
639 831
639 833
639 871
639 883
639 937
639 945
639 958
639 964
639 965
639 971
639 974
639 976
639 998
640 716
640 757
640 765
640 770
640 819
640 835
640 847
640 859
640 896
640 914
642 649
642 706
642 717
642 737
642 779
642 798
642 829
642 840
642 878
642 953
642 957
643 661
643 727
643 747
643 755
643 763
643 783
643 807
643 869
643 875
643 885
643 921
643 942
643 943
644 651
644 726
644 745
644 891
644 927
644 941
644 947
644 960
644 980
644 981
644 997
645 646
645 773
645 782
645 790
645 794
645 825
645 843
645 874
645 887
645 895
645 951
645 994
645 995
645 996
645 1000
646 686
646 741
646 749
646 773
646 775
646 782
646 868
646 887
646 944
646 975
646 983
646 987
646 994
646 995
646 996
646 1000
647 905
648 670
648 672
648 785
648 817
648 832
648 863
648 876
648 880
648 882
648 912
648 920
648 929
648 954
648 956
648 963
648 970
649 657
649 677
649 697
649 706
649 737
649 829
649 850
649 857
649 873
649 878
649 904
649 953
649 957
649 972
650 659
650 674
650 700
650 730
650 743
650 784
650 791
650 952
651 726
651 742
651 901
651 917
651 927
651 941
651 960
651 977
651 979
651 981
651 982
651 984
651 997
652 746
652 754
652 764
652 808
652 831
652 833
652 867
652 871
652 883
652 909
652 937
652 945
652 958
652 964
652 965
652 971
652 974
652 976
652 998
653 686
653 698
653 790
653 794
653 825
653 846
653 855
653 944
653 975
653 983
653 987
653 994
653 996
653 1000
654 657
654 697
654 717
654 737
654 750
654 762
654 779
654 829
654 836
654 850
654 873
654 904
654 953
654 957
654 972
655 666
655 667
655 685
655 688
655 702
655 728
655 797
655 799
655 881
655 900
655 922
655 924
655 939
655 948
655 959
655 968
657 677
657 706
657 750
657 779
657 798
657 836
657 840
657 850
657 857
657 873
657 878
657 904
657 953
657 957
657 972
658 682
658 746
658 754
658 808
658 822
658 831
658 833
658 867
658 871
658 883
658 909
658 937
658 945
658 958
658 964
658 965
658 971
658 974
658 976
658 998
659 674
659 700
659 730
659 743
659 784
659 791
659 952
660 696
660 709
660 715
660 732
660 748
660 787
660 813
660 818
660 839
660 841
660 955
660 961
661 663
661 727
661 747
661 771
661 783
661 796
661 802
661 814
661 838
661 861
661 885
661 910
661 942
661 943
662 680
662 701
662 785
662 817
662 832
662 876
662 880
662 882
662 912
662 920
662 929
662 954
662 956
662 963
662 970
663 710
663 747
663 755
663 771
663 783
663 807
663 809
663 814
663 838
663 861
663 921
663 942
663 943
664 678
664 689
664 731
664 753
664 781
664 812
664 856
664 902
664 915
664 918
664 926
664 934
664 935
665 698
665 735
665 774
665 794
665 843
665 849
665 895
665 951
665 983
665 994
665 995
665 996
665 1000
666 667
666 728
666 797
666 799
666 881
666 900
666 922
666 928
666 932
666 939
666 948
666 959
666 968
667 685
667 688
667 704
667 714
667 719
667 728
667 853
667 900
667 922
667 924
667 928
667 932
667 939
667 948
667 959
667 968
668 703
668 722
668 837
669 736
669 767
669 780
669 803
669 804
669 845
669 848
669 851
669 949
670 672
670 785
670 832
670 863
670 880
670 882
670 912
670 920
670 929
670 954
670 956
670 963
670 970
671 687
671 738
671 760
671 768
671 801
671 892
671 913
671 916
671 923
671 966
672 680
672 785
672 817
672 882
672 912
672 920
672 929
672 954
672 956
672 963
672 970
673 707
673 907
673 930
673 973
674 700
674 730
674 743
674 784
674 791
674 952
675 739
675 759
675 864
677 737
677 779
677 798
677 840
677 850
677 873
677 878
677 904
677 953
677 957
677 972
678 689
678 729
678 731
678 753
678 856
678 862
678 888
678 902
678 908
678 915
678 934
679 681
679 683
679 721
679 786
679 789
679 810
679 834
679 858
679 865
679 866
679 879
679 884
679 893
679 897
679 906
680 701
680 785
680 817
680 832
680 863
680 876
680 880
680 882
680 912
680 920
680 929
680 954
680 956
680 963
680 970
681 683
681 786
681 789
681 810
681 811
681 834
681 858
681 866
681 879
681 884
681 893
681 897
681 903
681 906
682 746
682 754
682 822
682 831
682 867
682 871
682 883
682 909
682 937
682 945
682 958
682 964
682 965
682 971
682 974
682 976
682 998
683 721
683 786
683 789
683 810
683 811
683 834
683 858
683 866
683 879
683 884
683 893
683 897
683 903
683 906
684 705
684 776
684 788
684 792
684 821
684 826
684 860
684 872
684 898
684 919
684 925
684 931
684 940
685 688
685 702
685 719
685 799
685 853
685 881
685 900
685 922
685 924
685 928
685 932
685 939
685 948
685 959
685 968
686 698
686 741
686 775
686 828
686 846
686 855
686 868
686 874
686 889
686 944
686 983
686 987
686 994
686 995
686 1000
687 738
687 801
687 806
687 892
687 913
687 916
687 923
687 966
688 719
688 728
688 797
688 853
688 881
688 900
688 922
688 924
688 928
688 932
688 939
688 948
688 959
689 729
689 753
689 781
689 812
689 854
689 856
689 888
689 915
689 918
689 926
689 934
689 935
690 726
690 824
690 891
690 901
690 917
690 960
690 967
690 969
690 977
690 979
690 981
690 984
691 725
691 736
691 751
691 767
691 780
691 803
691 804
691 845
691 848
691 851
691 949
692 713
692 720
692 744
692 805
692 815
692 820
692 852
692 877
692 890
692 946
693 712
693 740
693 752
693 936
694 746
694 808
694 822
694 831
694 833
694 867
694 871
694 909
694 937
694 945
694 958
694 964
694 965
694 971
694 974
694 976
694 998
695 724
695 870
695 894
696 732
696 748
696 769
696 772
696 787
696 813
696 818
696 839
696 841
696 955
696 961
697 706
697 717
697 750
697 762
697 798
697 829
697 836
697 840
697 850
697 953
697 957
697 972
698 699
698 749
698 794
698 828
698 843
698 846
698 855
698 889
698 895
698 975
698 983
698 987
698 995
698 996
698 1000
699 741
699 773
699 774
699 794
699 843
699 849
699 868
699 874
699 889
699 944
699 951
699 983
699 994
699 996
700 730
700 743
700 784
700 791
700 952
701 785
701 817
701 832
701 863
701 876
701 880
701 882
701 912
701 920
701 929
701 954
701 956
701 963
701 970
702 704
702 719
702 728
702 797
702 881
702 900
702 922
702 924
702 928
702 932
702 939
702 948
702 959
702 968
703 722
703 837
704 714
704 728
704 797
704 799
704 853
704 881
704 900
704 928
704 932
704 939
704 948
704 959
704 968
705 718
705 776
705 788
705 792
705 800
705 821
705 826
705 844
705 872
705 898
705 911
705 919
705 925
705 931
705 940
706 717
706 750
706 762
706 798
706 829
706 840
706 857
706 873
706 878
706 904
706 957
706 972
707 907
707 930
707 973
708 899
708 933
709 715
709 732
709 769
709 772
709 787
709 813
709 818
709 839
709 841
709 955
709 961
710 747
710 755
710 763
710 771
710 783
710 796
710 807
710 809
710 814
710 861
710 869
710 875
710 885
710 942
710 943
711 718
711 788
711 792
711 800
711 821
711 826
711 844
711 860
711 911
711 919
711 925
711 931
712 740
712 752
712 936
713 720
713 744
713 805
713 815
713 820
713 852
713 877
713 890
713 946
714 728
714 797
714 799
714 853
714 881
714 922
714 924
714 928
714 932
714 939
714 959
714 968
715 732
715 748
715 769
715 772
715 787
715 818
715 839
715 841
715 955
715 961
716 757
716 765
716 770
716 819
716 835
716 847
716 859
716 896
716 914
717 750
717 798
717 836
717 850
717 857
717 904
717 953
717 957
717 972
718 792
718 800
718 821
718 844
718 860
718 872
718 911
718 919
718 925
718 931
718 940
719 797
719 799
719 853
719 881
719 900
719 922
719 924
719 928
719 932
719 939
719 948
719 959
719 968
720 744
720 805
720 815
720 820
720 852
720 877
720 890
720 946
721 786
721 789
721 810
721 811
721 834
721 858
721 865
721 879
721 884
721 893
721 897
721 903
721 906
722 837
724 870
724 894
725 736
725 751
725 767
725 780
725 803
725 804
725 845
725 848
725 851
725 949
726 742
726 816
726 824
726 901
726 917
726 927
726 941
726 977
726 979
726 980
726 984
726 997
727 747
727 755
727 763
727 802
727 807
727 809
727 838
727 861
727 885
727 910
727 921
727 942
727 943
728 797
728 799
728 853
728 881
728 900
728 922
728 924
728 928
728 932
728 939
728 948
728 959
728 968
729 731
729 753
729 854
729 856
729 862
729 888
729 902
729 908
729 915
729 918
729 926
729 934
729 935
730 743
730 784
730 791
730 952
731 753
731 781
731 854
731 856
731 862
731 888
731 908
731 915
731 918
731 926
731 935
732 748
732 772
732 787
732 813
732 839
732 841
732 955
732 961
733 777
733 793
733 795
733 830
733 842
733 978
733 985
733 986
733 988
733 989
733 990
733 991
733 992
733 993
733 999
734 758
734 778
734 886
734 938
735 741
735 749
735 766
735 855
735 868
735 874
735 887
735 889
735 944
735 951
735 975
735 987
735 994
735 995
736 751
736 767
736 780
736 803
736 804
736 845
736 848
736 949
737 750
737 762
737 798
737 840
737 850
737 857
737 873
737 878
737 904
737 957
737 972
738 760
738 768
738 801
738 806
738 892
738 913
738 916
738 923
738 966
739 759
739 864
740 752
740 936
741 766
741 775
741 790
741 825
741 855
741 889
741 944
741 975
741 983
741 995
741 996
742 816
742 917
742 927
742 941
742 960
742 967
742 969
742 977
742 979
742 980
742 981
742 982
742 984
742 997
743 784
743 791
743 952
744 805
744 815
744 820
744 852
744 877
744 890
744 946
745 816
745 901
745 917
745 941
745 947
745 960
745 977
745 979
745 980
745 981
745 982
745 984
745 997
746 754
746 764
746 808
746 822
746 831
746 833
746 867
746 883
746 909
746 937
746 945
746 958
746 964
746 965
746 971
746 974
746 976
746 998
747 755
747 763
747 783
747 796
747 802
747 807
747 809
747 814
747 838
747 861
747 875
747 885
747 910
747 921
748 769
748 772
748 787
748 813
748 818
748 839
748 841
748 955
748 961
749 773
749 782
749 828
749 855
749 868
749 944
749 951
749 975
749 994
749 995
749 996
750 779
750 798
750 836
750 840
750 873
750 878
750 904
750 953
750 957
750 972
751 780
751 803
751 804
751 845
751 848
751 851
751 949
752 936
753 781
753 854
753 856
753 862
753 902
753 908
753 915
753 918
753 934
753 935
754 764
754 808
754 822
754 831
754 833
754 867
754 871
754 883
754 909
754 937
754 945
754 958
754 964
754 965
754 971
754 974
754 976
754 998
755 783
755 802
755 809
755 838
755 861
755 875
755 885
755 910
755 921
755 942
755 943
756 766
756 773
756 774
756 790
756 825
756 846
756 849
756 855
756 868
756 874
756 887
756 944
756 951
756 983
756 987
756 994
756 995
757 770
757 835
757 847
757 859
757 896
757 914
758 778
758 886
758 938
759 864
760 768
760 801
760 806
760 892
760 913
760 916
760 923
760 966
762 829
762 836
762 840
762 850
762 857
762 873
762 878
762 904
762 953
762 957
762 972
763 771
763 783
763 802
763 807
763 809
763 814
763 838
763 869
763 885
763 910
763 921
763 942
763 943
764 808
764 822
764 831
764 833
764 867
764 871
764 883
764 909
764 937
764 945
764 958
764 964
764 965
764 971
764 974
764 976
764 998
765 819
765 835
765 847
765 859
765 896
765 914
766 773
766 775
766 825
766 849
766 887
766 889
766 895
766 951
766 975
766 994
766 996
766 1000
767 780
767 803
767 804
767 845
767 848
767 851
767 949
768 801
768 806
768 892
768 913
768 916
768 923
768 966
769 772
769 787
769 813
769 818
769 839
769 841
769 955
769 961
770 819
770 835
770 847
770 859
770 896
770 914
771 783
771 796
771 807
771 809
771 838
771 861
771 869
771 875
771 885
771 910
771 921
771 942
771 943
772 813
772 818
772 839
772 841
772 955
772 961
773 843
773 868
773 887
773 895
773 975
773 987
773 994
773 995
773 996
773 1000
774 775
774 828
774 846
774 868
774 887
774 889
774 951
774 975
774 983
774 987
774 994
774 1000
775 790
775 794
775 825
775 843
775 855
775 874
775 887
775 895
775 951
775 983
775 987
775 995
775 996
776 792
776 800
776 821
776 826
776 844
776 860
776 872
776 898
776 911
776 925
776 931
776 940
777 793
777 795
777 830
777 842
777 978
777 985
777 986
777 988
777 989
777 990
777 991
777 992
777 993
777 999
778 886
778 938
779 798
779 829
779 840
779 850
779 873
779 878
779 904
779 953
779 957
779 972
780 803
780 804
780 845
780 848
780 851
780 949
781 856
781 862
781 888
781 902
781 908
781 918
781 926
781 934
781 935
782 790
782 794
782 825
782 843
782 855
782 887
782 951
782 983
782 987
782 994
782 995
783 796
783 802
783 809
783 814
783 838
783 861
783 869
783 875
783 885
783 910
783 921
783 942
783 943
784 791
784 952
785 817
785 832
785 863
785 876
785 880
785 882
785 912
785 920
785 929
785 954
785 956
785 963
785 970
786 789
786 810
786 811
786 834
786 858
786 865
786 866
786 879
786 884
786 893
786 897
786 903
786 906
787 813
787 818
787 839
787 841
787 955
787 961
788 792
788 800
788 821
788 826
788 860
788 872
788 898
788 911
788 919
788 931
788 940
789 810
789 834
789 858
789 866
789 884
789 893
789 897
789 903
789 906
790 794
790 828
790 855
790 868
790 944
790 951
790 975
790 994
790 995
790 996
790 1000
791 952
792 821
792 826
792 860
792 872
792 898
792 911
792 919
792 925
792 940
793 795
793 830
793 842
793 978
793 985
793 986
793 988
793 989
793 990
793 991
793 992
793 993
793 999
794 843
794 849
794 855
794 887
794 889
794 895
794 951
794 983
794 987
794 995
794 1000
795 830
795 842
795 978
795 985
795 986
795 988
795 989
795 990
795 991
795 992
795 993
795 999
796 802
796 807
796 814
796 838
796 861
796 869
796 875
796 885
796 921
796 943
797 853
797 881
797 900
797 922
797 924
797 928
797 939
797 948
797 959
797 968
798 829
798 836
798 850
798 878
798 904
798 953
798 972
799 853
799 881
799 900
799 922
799 924
799 928
799 932
799 939
799 948
799 959
799 968
800 821
800 826
800 844
800 860
800 872
800 898
800 919
800 925
800 931
800 940
801 806
801 892
801 913
801 916
801 923
801 966
802 807
802 809
802 838
802 861
802 869
802 885
802 910
802 921
802 942
802 943
803 804
803 845
803 848
803 851
803 949
804 845
804 848
804 851
804 949
805 815
805 820
805 852
805 877
805 890
805 946
806 892
806 913
806 923
806 966
807 809
807 814
807 838
807 869
807 875
807 910
807 921
807 942
807 943
808 822
808 831
808 833
808 867
808 871
808 909
808 945
808 958
808 964
808 965
808 971
808 974
808 976
808 998
809 814
809 861
809 869
809 885
809 910
809 921
809 942
809 943
810 811
810 834
810 858
810 865
810 879
810 884
810 893
810 897
810 903
810 906
811 834
811 858
811 865
811 866
811 879
811 884
811 893
811 897
811 906
812 856
812 862
812 888
812 902
812 915
812 918
812 934
812 935
813 818
813 839
813 841
813 955
813 961
814 838
814 861
814 869
814 875
814 885
814 910
814 921
814 942
814 943
815 820
815 852
815 877
815 890
815 946
816 824
816 891
816 901
816 917
816 927
816 941
816 947
816 977
816 979
816 982
816 984
816 997
817 832
817 863
817 882
817 912
817 920
817 929
817 954
817 956
817 963
817 970
818 841
818 955
818 961
819 835
819 847
819 859
819 896
819 914
820 852
820 877
820 890
820 946
821 826
821 844
821 860
821 872
821 898
821 911
821 925
821 931
821 940
822 831
822 833
822 867
822 871
822 883
822 909
822 937
822 945
822 958
822 964
822 965
822 971
822 974
822 976
822 998
824 901
824 927
824 941
824 947
824 960
824 967
824 969
824 977
824 979
824 980
824 982
824 984
824 997
825 846
825 849
825 855
825 868
825 895
825 951
825 975
825 983
825 987
825 994
825 995
826 872
826 898
826 911
826 919
826 925
826 931
826 940
828 846
828 855
828 887
828 895
828 983
828 987
828 994
828 995
828 996
828 1000
829 836
829 840
829 857
829 878
829 904
829 953
829 957
829 972
830 842
830 978
830 985
830 986
830 988
830 989
830 990
830 991
830 992
830 993
830 999
831 833
831 867
831 871
831 883
831 909
831 937
831 945
831 958
831 964
831 965
831 971
831 974
831 976
831 998
832 863
832 876
832 882
832 912
832 929
832 954
832 956
832 963
832 970
833 867
833 871
833 909
833 937
833 945
833 958
833 965
833 971
833 974
833 976
833 998
834 858
834 865
834 866
834 879
834 884
834 893
834 897
834 903
834 906
835 859
835 896
835 914
836 840
836 857
836 878
836 953
836 957
838 861
838 869
838 875
838 885
838 910
838 921
839 841
839 955
839 961
840 850
840 857
840 878
840 904
840 953
840 957
840 972
841 955
841 961
842 978
842 985
842 986
842 988
842 989
842 990
842 991
842 992
842 993
842 999
843 874
843 887
843 944
843 951
843 975
843 987
843 995
844 860
844 872
844 898
844 911
844 919
844 925
844 931
844 940
845 848
845 851
845 949
846 849
846 874
846 887
846 889
846 944
846 951
846 983
846 987
846 994
846 995
846 996
847 896
847 914
848 851
848 949
849 868
849 887
849 889
849 944
849 951
849 975
849 987
849 994
849 996
849 1000
850 857
850 873
850 904
850 953
850 957
850 972
851 949
852 877
852 890
852 946
853 881
853 900
853 922
853 924
853 928
853 932
853 939
853 948
853 959
853 968
854 856
854 862
854 888
854 902
854 915
854 918
854 926
854 934
854 935
855 887
855 951
855 975
855 987
855 994
855 995
855 996
856 888
856 908
856 915
856 926
856 934
856 935
857 873
857 904
857 953
857 957
857 972
858 865
858 866
858 879
858 884
858 893
858 897
858 903
858 906
859 896
859 914
860 872
860 898
860 911
860 919
860 925
860 931
860 940
861 869
861 875
861 910
861 942
861 943
862 888
862 902
862 908
862 918
862 926
862 934
862 935
863 876
863 880
863 882
863 912
863 920
863 929
863 954
863 956
863 963
863 970
865 866
865 879
865 884
865 893
865 897
865 903
865 906
866 879
866 884
866 893
866 903
866 906
867 883
867 909
867 937
867 945
867 958
867 964
867 965
867 971
867 974
867 976
867 998
868 895
868 975
868 983
868 987
868 996
868 1000
869 875
869 885
869 910
869 942
869 943
870 894
871 883
871 909
871 937
871 945
871 958
871 964
871 965
871 971
871 974
871 976
871 998
872 898
872 911
872 919
872 925
872 940
873 878
873 904
873 953
873 957
873 972
874 887
874 895
874 944
874 951
874 975
874 987
874 994
875 910
875 921
875 942
875 943
876 880
876 882
876 912
876 920
876 929
876 954
876 956
876 963
876 970
877 890
877 946
878 904
878 953
878 957
878 972
879 893
879 897
879 903
879 906
880 882
880 912
880 920
880 929
880 954
880 956
880 963
880 970
881 900
881 922
881 924
881 928
881 932
881 939
881 959
881 968
882 912
882 929
882 954
882 956
882 963
882 970
883 909
883 937
883 945
883 958
883 964
883 965
883 971
883 974
883 976
883 998
884 893
884 897
884 903
884 906
885 910
885 921
885 942
885 943
886 938
887 895
887 987
887 994
887 995
887 996
888 902
888 908
888 915
888 926
888 934
888 935
889 895
889 944
889 951
889 987
889 994
889 995
889 996
889 1000
890 946
891 927
891 947
891 960
891 969
891 977
891 979
891 980
891 982
891 984
891 997
892 913
892 916
892 923
892 966
893 903
893 906
895 944
895 987
895 995
895 1000
896 914
897 903
897 906
898 911
898 931
898 940
899 933
900 922
900 928
900 932
900 939
900 948
900 959
900 968
901 917
901 927
901 947
901 960
901 967
901 969
901 979
901 980
901 981
901 982
901 984
902 908
902 915
902 926
902 934
902 935
903 906
904 953
904 972
907 930
907 973
908 915
908 918
908 926
908 934
909 937
909 945
909 958
909 964
909 965
909 971
909 974
909 976
909 998
910 921
910 942
910 943
911 919
911 925
911 931
911 940
912 920
912 929
912 954
912 956
912 963
912 970
913 916
913 923
913 966
915 918
915 926
915 934
915 935
916 923
916 966
917 947
917 960
917 967
917 977
917 979
917 980
917 981
917 982
917 997
918 926
918 934
918 935
919 925
919 931
920 929
920 954
920 956
920 963
920 970
921 942
921 943
922 924
922 928
922 932
922 939
922 948
922 959
922 968
923 966
924 932
924 939
924 948
924 959
924 968
925 931
925 940
926 934
926 935
927 941
927 960
927 967
927 977
927 979
927 980
927 981
927 982
927 984
927 997
928 932
928 939
928 948
928 959
928 968
929 954
929 956
929 963
929 970
930 973
931 940
932 939
932 948
932 959
932 968
934 935
937 945
937 958
937 964
937 965
937 971
937 974
937 976
937 998
939 948
939 959
939 968
941 947
941 960
941 967
941 969
941 977
941 980
941 981
941 982
941 984
942 943
944 951
944 975
944 987
944 994
944 1000
945 958
945 964
945 965
945 971
945 974
945 976
945 998
947 960
947 967
947 969
947 977
947 980
947 981
947 982
947 997
948 959
948 968
951 975
951 987
951 995
951 1000
953 957
953 972
954 956
954 963
954 970
955 961
956 963
956 970
957 972
958 964
958 965
958 971
958 974
958 976
958 998
959 968
960 967
960 969
960 977
960 980
960 981
960 982
960 997
963 970
964 965
964 971
964 974
964 976
964 998
965 971
965 974
965 976
965 998
967 969
967 977
967 980
967 981
967 984
967 997
969 977
969 979
969 980
969 981
969 982
969 984
969 997
971 974
971 976
971 998
974 976
974 998
975 983
975 987
975 994
975 995
975 996
975 1000
976 998
977 979
977 980
977 981
977 997
978 985
978 986
978 988
978 989
978 990
978 991
978 992
978 993
978 999
979 980
979 982
979 984
979 997
980 982
980 984
981 982
981 997
982 984
982 997
983 987
983 996
983 1000
984 997
985 986
985 988
985 989
985 990
985 991
985 992
985 993
985 999
986 988
986 989
986 990
986 991
986 992
986 993
986 999
987 994
987 995
987 1000
988 989
988 990
988 991
988 992
988 993
988 999
989 990
989 991
989 992
989 993
989 999
990 991
990 992
990 993
990 999
991 992
991 993
991 999
992 993
992 999
993 999
994 996
994 1000
995 996
996 1000
