1 207
1 324
1 335
1 339
1 417
1 484
1 734
1 758
1 778
1 938
2 78
2 440
2 530
2 691
2 751
2 804
2 848
2 851
2 870
2 949
3 622
3 669
3 691
3 725
3 804
3 845
3 848
3 851
3 870
3 949
4 304
4 321
4 462
4 513
4 592
4 612
4 739
4 759
4 864
4 947
5 606
5 645
5 735
5 773
5 790
5 825
5 843
5 983
5 994
5 1000
6 555
6 609
6 763
6 814
6 838
6 865
6 885
6 892
6 910
6 921
7 713
7 744
7 805
7 815
7 820
7 852
7 877
7 890
7 924
7 946
8 377
8 598
8 674
8 675
8 730
8 743
8 784
8 791
8 932
8 952
9 38
9 98
9 123
9 181
9 300
9 338
9 385
9 418
9 511
9 827
10 428
10 528
10 542
10 587
10 614
10 667
10 708
10 803
10 899
10 933
11 431
11 590
11 824
11 927
11 960
11 967
11 980
11 982
11 984
11 997
12 581
12 717
12 750
12 829
12 836
12 840
12 850
12 878
12 957
12 972
13 30
13 160
13 368
13 386
13 451
13 475
13 594
13 703
13 722
13 837
14 480
14 655
14 685
14 714
14 799
14 853
14 922
14 928
14 939
14 959
15 138
15 148
15 214
15 384
15 623
15 801
15 913
15 916
15 923
15 966
16 713
16 744
16 805
16 815
16 820
16 852
16 877
16 890
16 924
16 946
17 345
17 462
17 513
17 592
17 612
17 739
17 759
17 864
17 947
18 608
18 711
18 826
18 860
18 872
18 898
18 911
18 919
18 931
18 940
19 96
19 145
19 324
19 348
19 494
19 611
19 734
19 758
19 778
19 938
20 428
20 528
20 542
20 587
20 614
20 667
20 708
20 803
20 899
20 933
21 54
21 97
21 337
21 907
22 191
22 194
22 228
22 236
22 263
22 393
22 491
22 516
22 676
22 769
23 115
23 190
23 229
23 275
23 359
23 378
23 404
23 631
23 632
23 823
24 43
24 780
24 822
24 909
24 937
24 945
24 958
24 964
24 976
24 998
25 430
25 678
25 689
25 753
25 812
25 854
25 856
25 918
25 934
25 935
26 123
26 175
26 181
26 218
26 300
26 338
26 385
26 418
26 511
26 827
27 108
27 120
27 169
27 224
27 379
27 585
27 586
27 704
27 761
27 809
28 713
28 744
28 805
28 815
28 820
28 852
28 877
28 890
28 924
28 946
29 455
29 600
29 629
29 653
29 749
29 889
29 895
29 995
29 996
29 1000
30 75
30 255
30 543
30 594
30 641
30 668
30 688
30 703
30 837
31 71
31 169
31 224
31 361
31 379
31 585
31 586
31 704
31 761
31 809
32 283
32 600
32 665
32 782
32 825
32 887
32 895
32 951
32 975
32 994
33 595
33 616
33 732
33 748
33 787
33 813
33 839
33 936
33 955
33 961
34 159
34 658
34 746
34 754
34 808
34 867
34 871
34 937
34 958
34 974
35 978
35 985
35 986
35 988
35 989
35 990
35 991
35 992
35 993
35 999
36 395
36 564
36 630
36 716
36 765
36 835
36 847
36 859
36 896
36 914
37 789
37 817
37 880
37 912
37 920
37 929
37 954
37 956
37 963
37 970
38 123
38 218
38 300
38 338
38 385
38 418
38 511
38 827
39 189
39 644
39 742
39 891
39 917
39 960
39 979
39 980
39 981
39 997
40 530
40 736
40 751
40 767
40 804
40 845
40 848
40 851
40 870
40 949
41 226
41 308
41 372
41 464
41 492
41 502
41 517
41 553
41 565
41 569
42 581
42 798
42 829
42 836
42 850
42 878
42 886
42 904
42 957
42 972
43 694
43 754
43 867
43 964
43 965
43 971
43 974
43 976
43 998
44 81
44 84
44 150
44 187
44 212
44 278
44 295
44 336
44 562
44 858
45 100
45 162
45 640
45 757
45 765
45 770
45 835
45 859
45 896
45 914
46 978
46 985
46 986
46 988
46 989
46 990
46 991
46 992
46 993
46 999
47 428
47 528
47 542
47 587
47 614
47 667
47 708
47 803
47 899
47 933
48 135
48 628
48 723
48 763
48 802
48 869
48 892
48 910
48 921
48 942
49 493
49 607
49 731
49 856
49 862
49 888
49 908
49 918
49 934
49 935
50 514
50 658
50 871
50 883
50 909
50 945
50 958
50 964
50 965
50 974
51 380
51 442
51 718
51 776
51 792
51 898
51 911
51 919
51 925
51 931
52 90
52 145
52 170
52 417
52 494
52 611
52 734
52 758
52 778
52 938
53 58
53 103
53 116
53 117
53 220
53 276
53 315
53 529
53 695
53 894
54 97
54 337
54 907
55 538
55 608
55 718
55 792
55 826
55 860
55 872
55 911
55 925
55 940
56 461
56 524
56 714
56 719
56 799
56 853
56 922
56 928
56 939
56 959
57 154
57 255
57 368
57 451
57 563
57 594
57 668
57 688
57 703
57 837
58 63
58 216
58 267
58 315
58 334
58 346
58 529
58 695
58 894
59 524
59 655
59 685
59 702
59 714
59 853
59 922
59 928
59 939
59 959
60 86
60 564
60 630
60 716
60 770
60 835
60 847
60 859
60 896
60 914
61 439
61 560
61 728
61 783
61 819
61 865
61 885
61 921
61 942
61 943
62 578
62 662
62 789
62 832
62 876
62 929
62 954
62 956
62 963
62 970
63 116
63 216
63 220
63 267
63 276
63 334
63 529
63 695
63 894
64 131
64 260
64 390
64 401
64 504
64 547
64 575
64 649
64 930
65 90
65 250
65 339
65 348
65 394
65 611
65 734
65 758
65 778
65 938
66 445
66 450
66 824
66 917
66 941
66 967
66 969
66 979
66 981
66 997
67 256
67 598
67 637
67 650
67 659
67 700
67 784
67 791
67 932
67 952
68 480
68 655
68 702
68 719
68 799
68 853
68 922
68 928
68 939
68 959
69 431
69 816
69 927
69 960
69 969
69 980
69 981
69 982
69 984
69 997
70 568
70 690
70 901
70 917
70 969
70 977
70 980
70 982
70 984
70 997
71 108
71 120
71 224
71 379
71 585
71 586
71 704
71 761
71 809
73 978
73 985
73 986
73 988
73 989
73 990
73 991
73 992
73 993
73 999
74 134
74 165
74 486
74 523
74 532
74 550
74 693
74 712
74 740
75 319
75 386
75 414
75 446
75 641
75 688
75 703
75 722
75 837
76 115
76 190
76 229
76 292
76 359
76 378
76 404
76 631
76 632
76 823
78 476
78 604
78 691
78 767
78 845
78 848
78 851
78 870
78 949
79 140
79 548
79 623
79 738
79 768
79 806
79 913
79 916
79 923
79 966
80 978
80 985
80 986
80 988
80 989
80 990
80 991
80 992
80 993
80 999
81 84
81 150
81 187
81 212
81 278
81 295
81 336
81 562
81 858
82 595
82 660
82 715
82 772
82 813
82 818
82 841
82 936
82 955
82 961
83 183
83 507
83 557
83 731
83 862
83 888
83 908
83 918
83 934
83 935
84 150
84 187
84 212
84 278
84 295
84 336
84 562
84 858
85 603
85 605
85 671
85 687
85 801
85 806
85 913
85 916
85 923
85 966
86 564
86 571
86 716
86 757
86 770
86 847
86 859
86 896
86 914
87 608
87 711
87 792
87 800
87 821
87 872
87 919
87 925
87 931
87 940
88 162
88 369
88 533
88 640
88 765
88 835
88 847
88 859
88 896
88 914
89 572
89 617
89 629
89 699
89 741
89 843
89 846
89 849
89 951
89 987
90 250
90 452
90 484
90 611
90 734
90 758
90 778
90 938
91 416
91 659
91 674
91 700
91 730
91 743
91 784
91 791
91 932
91 952
92 459
92 514
92 746
92 831
92 867
92 909
92 958
92 964
92 971
92 974
93 564
93 630
93 640
93 716
93 770
93 835
93 847
93 859
93 896
93 914
94 481
94 696
94 748
94 813
94 818
94 839
94 841
94 936
94 955
94 961
95 776
95 821
95 826
95 844
95 872
95 898
95 911
95 919
95 931
95 940
96 324
96 335
96 484
96 508
96 611
96 734
96 758
96 778
96 938
97 337
97 907
98 175
98 181
98 218
98 300
98 338
98 385
98 418
98 511
98 827
99 648
99 785
99 789
99 832
99 920
99 929
99 954
99 956
99 963
99 970
100 540
100 640
100 757
100 765
100 835
100 847
100 859
100 896
100 914
101 110
101 622
101 725
101 736
101 751
101 767
101 848
101 851
101 870
101 949
102 227
102 567
102 596
102 645
102 774
102 782
102 825
102 849
102 951
102 1000
103 117
103 216
103 220
103 276
103 334
103 346
103 529
103 695
103 894
104 445
104 479
104 816
104 824
104 941
104 967
104 969
104 977
104 980
104 997
105 217
105 637
105 659
105 675
105 700
105 784
105 791
105 932
105 952
106 423
106 698
106 699
106 887
106 944
106 951
106 983
106 987
106 996
106 1000
107 416
107 460
107 637
107 650
107 674
107 700
107 743
107 784
107 791
107 932
107 952
108 120
108 169
108 224
108 379
108 585
108 586
108 704
108 761
108 809
109 160
109 255
109 362
109 368
109 414
109 473
109 563
109 668
109 688
109 722
109 837
110 518
110 604
110 610
110 725
110 736
110 751
110 804
110 845
110 851
110 949
111 420
111 577
111 728
111 771
111 783
111 802
111 865
111 869
111 910
111 943
111 950
113 580
113 636
113 831
113 833
113 867
113 883
113 958
113 965
113 971
113 976
113 998
115 275
115 282
115 292
115 359
115 378
115 404
115 631
115 632
115 823
116 117
116 216
116 267
116 315
116 334
116 346
116 529
116 695
116 894
117 267
117 276
117 315
117 334
117 346
117 529
117 695
117 894
118 495
118 679
118 683
118 811
118 834
118 879
118 884
118 893
118 897
118 903
118 906
119 416
119 460
119 598
119 637
119 650
119 659
119 700
119 784
119 791
119 932
119 952
120 169
120 224
120 379
120 585
120 586
120 704
120 761
120 809
121 190
121 229
121 275
121 282
121 292
121 359
121 378
121 404
121 631
121 632
121 823
122 436
122 551
122 808
122 831
122 867
122 945
122 964
122 971
122 974
122 976
122 998
123 175
123 218
123 300
123 338
123 385
123 418
123 511
123 827
124 377
124 637
124 650
124 674
124 675
124 700
124 730
124 743
124 791
124 932
124 952
125 177
125 398
125 429
125 715
125 732
125 748
125 839
125 841
125 936
125 955
125 961
126 535
126 608
126 633
126 788
126 792
126 844
126 898
126 919
126 925
126 931
126 940
127 249
127 648
127 863
127 876
127 882
127 912
127 920
127 954
127 956
127 963
127 970
128 271
128 461
128 573
128 702
128 719
128 799
128 853
128 922
128 928
128 939
128 959
129 530
129 618
129 620
129 669
129 736
129 804
129 845
129 848
129 851
129 870
129 949
130 496
130 679
130 721
130 786
130 866
130 879
130 884
130 893
130 897
130 903
130 906
131 260
131 390
131 401
131 504
131 547
131 575
131 649
131 930
132 143
132 384
132 623
132 671
132 687
132 768
132 806
132 913
132 916
132 923
132 966
133 665
133 756
133 773
133 782
133 868
133 889
133 983
133 987
133 994
133 995
133 996
134 165
134 486
134 523
134 532
134 550
134 693
134 712
134 740
135 444
135 723
135 727
135 796
135 802
135 807
135 838
135 875
135 910
135 950
136 566
136 816
136 891
136 901
136 917
136 960
136 979
136 980
136 981
136 984
136 997
137 533
137 540
137 640
137 716
137 765
137 770
137 835
137 847
137 859
137 896
137 914
138 246
138 413
138 605
138 671
138 768
138 801
138 913
138 916
138 923
138 966
139 239
139 686
139 774
139 775
139 846
139 951
139 975
139 983
139 987
139 995
139 996
140 161
140 364
140 548
140 623
140 687
140 806
140 913
140 916
140 923
140 966
141 608
141 684
141 792
141 821
141 844
141 872
141 911
141 919
141 925
141 931
141 940
142 429
142 481
142 709
142 748
142 787
142 818
142 839
142 841
142 936
142 955
142 961
143 246
143 605
143 687
143 768
143 801
143 806
143 913
143 916
143 923
143 966
144 538
144 552
144 711
144 776
144 788
144 792
144 800
144 826
144 911
144 919
144 940
145 309
145 324
145 335
145 394
145 417
145 734
145 758
145 778
145 938
146 830
146 978
146 985
146 986
146 988
146 989
146 990
146 991
146 992
146 993
146 999
147 752
147 831
147 833
147 842
147 909
147 945
147 964
147 971
147 974
147 976
147 998
148 352
148 671
148 687
148 738
148 768
148 806
148 913
148 916
148 923
148 966
149 610
149 622
149 669
149 725
149 751
149 767
149 845
149 848
149 851
149 870
149 949
150 187
150 212
150 278
150 295
150 336
150 562
150 858
151 179
151 199
151 261
151 381
151 510
151 591
151 647
151 828
151 905
151 962
152 600
152 699
152 773
152 790
152 887
152 944
152 975
152 983
152 995
152 996
152 1000
153 252
153 533
153 540
153 571
153 716
153 770
153 835
153 847
153 859
153 896
153 914
154 244
154 446
154 473
154 543
154 641
154 668
154 688
154 703
154 722
154 837
155 157
155 609
155 727
155 819
155 838
155 865
155 875
155 892
155 921
155 943
155 950
156 599
156 711
156 718
156 860
156 872
156 898
156 911
156 919
156 925
156 931
156 940
157 444
157 621
157 771
157 807
157 814
157 838
157 869
157 885
157 943
157 950
158 306
158 682
158 831
158 833
158 867
158 945
158 958
158 971
158 974
158 976
158 998
159 580
159 652
159 831
159 871
159 945
159 958
159 964
159 965
159 971
159 976
160 362
160 368
160 473
160 543
160 563
160 594
160 668
160 703
160 837
161 246
161 352
161 364
161 603
161 738
161 801
161 913
161 916
161 923
161 966
162 564
162 716
162 765
162 770
162 835
162 847
162 859
162 896
162 914
164 677
164 737
164 762
164 798
164 829
164 840
164 850
164 878
164 886
164 957
164 972
165 486
165 523
165 532
165 550
165 693
165 712
165 740
166 752
166 754
166 780
166 822
166 842
166 909
166 958
166 964
166 971
166 976
166 998
167 576
167 789
167 863
167 876
167 880
167 912
167 920
167 954
167 956
167 963
167 970
168 296
168 312
168 372
168 464
168 492
168 502
168 517
168 553
168 565
168 569
169 224
169 379
169 585
169 586
169 704
169 761
169 809
170 250
170 309
170 324
170 452
170 494
170 508
170 734
170 758
170 778
170 938
171 349
171 395
171 474
171 540
171 640
171 757
171 835
171 847
171 859
171 896
171 914
172 420
172 527
172 628
172 755
172 796
172 875
172 892
172 921
172 942
172 943
172 950
173 294
173 689
173 729
173 812
173 854
173 862
173 888
173 908
173 918
173 934
173 935
174 681
174 786
174 811
174 834
174 866
174 879
174 884
174 893
174 897
174 903
174 906
175 181
175 218
175 300
175 338
175 385
175 418
175 511
175 827
176 633
176 684
176 788
176 800
176 821
176 872
176 911
176 919
176 925
176 931
176 940
177 616
177 732
177 748
177 813
177 818
177 839
177 841
177 936
177 955
177 961
178 343
178 581
178 737
178 836
178 850
178 857
178 878
178 886
178 904
178 957
178 972
179 199
179 261
179 381
179 510
179 591
179 647
179 828
179 905
179 962
181 218
181 300
181 338
181 385
181 418
181 511
181 827
182 211
182 415
182 468
182 507
182 812
182 854
182 888
182 908
182 918
182 934
182 935
183 268
183 812
183 854
183 856
183 862
183 888
183 908
183 918
183 934
183 935
184 505
184 600
184 790
184 794
184 887
184 944
184 951
184 987
184 995
184 996
184 1000
185 445
185 589
185 901
185 941
185 960
185 967
185 969
185 977
185 982
185 984
185 997
186 285
186 428
186 528
186 542
186 587
186 614
186 667
186 708
186 803
186 899
186 933
187 212
187 278
187 295
187 336
187 562
187 858
188 317
188 374
188 742
188 960
188 967
188 969
188 977
188 979
188 981
188 982
188 997
189 363
189 651
189 891
189 927
189 941
189 967
189 969
189 977
189 981
189 984
190 282
190 292
190 359
190 378
190 404
190 631
190 632
190 823
191 194
191 228
191 236
191 263
191 393
191 491
191 516
191 676
191 769
192 214
192 364
192 544
192 548
192 623
192 738
192 806
192 913
192 916
192 923
192 966
193 629
193 699
193 756
193 773
193 782
193 889
193 951
193 975
193 987
193 996
194 228
194 236
194 263
194 393
194 491
194 516
194 676
194 769
195 425
195 644
195 816
195 927
195 960
195 969
195 977
195 979
195 980
195 982
195 984
196 373
196 456
196 522
196 927
196 960
196 979
196 980
196 981
196 982
196 984
196 997
197 530
197 669
197 736
197 751
197 767
197 804
197 845
197 848
197 851
197 870
197 949
198 298
198 480
198 685
198 714
198 719
198 799
198 853
198 922
198 928
198 939
198 959
199 261
199 381
199 510
199 591
199 647
199 828
199 905
199 962
200 745
200 891
200 917
200 941
200 967
200 977
200 979
200 981
200 982
200 984
200 997
201 488
201 501
201 545
201 816
201 927
201 967
201 969
201 977
201 979
201 984
201 997
202 296
202 312
202 330
202 372
202 464
202 492
202 502
202 517
202 553
202 565
202 569
203 745
203 891
203 901
203 917
203 960
203 969
203 977
203 979
203 980
203 982
203 984
204 658
204 780
204 822
204 833
204 842
204 867
204 937
204 964
204 965
204 971
204 998
205 566
205 589
205 742
205 917
205 960
205 967
205 969
205 979
205 981
205 982
205 984
206 692
206 713
206 744
206 805
206 815
206 820
206 852
206 877
206 890
206 924
206 946
207 250
207 309
207 394
207 452
207 484
207 508
207 734
207 758
207 778
207 938
208 301
208 388
208 621
208 628
208 807
208 814
208 865
208 875
208 885
208 910
208 942
209 253
209 403
209 573
209 714
209 719
209 799
209 853
209 922
209 928
209 939
209 959
210 447
210 456
210 627
210 891
210 927
210 960
210 979
210 981
210 982
210 984
210 997
211 500
211 689
211 731
211 753
211 854
211 888
211 908
211 918
211 934
211 935
212 278
212 295
212 336
212 562
212 858
213 544
213 548
213 605
213 623
213 687
213 738
213 768
213 801
213 913
213 916
213 923
213 966
214 311
214 384
214 623
214 687
214 738
214 801
214 913
214 916
214 923
214 966
215 392
215 453
215 570
215 645
215 665
215 735
215 846
215 889
215 975
215 995
215 996
215 1000
216 220
216 267
216 276
216 315
216 346
216 529
216 695
216 894
217 460
217 598
217 650
217 659
217 700
217 730
217 743
217 784
217 791
217 932
217 952
218 300
218 338
218 385
218 418
218 511
218 827
219 615
219 658
219 746
219 752
219 822
219 883
219 909
219 945
219 958
219 971
219 974
219 976
220 267
220 276
220 315
220 334
220 346
220 529
220 695
220 894
221 643
221 661
221 723
221 763
221 807
221 814
221 819
221 865
221 875
221 910
221 942
221 950
222 406
222 557
222 678
222 689
222 753
222 812
222 856
222 862
222 908
222 918
222 934
222 935
223 271
223 298
223 655
223 685
223 714
223 719
223 799
223 853
223 922
223 928
223 939
223 959
224 379
224 585
224 586
224 704
224 761
224 809
225 626
225 692
225 713
225 744
225 805
225 815
225 820
225 852
225 877
225 890
225 924
225 946
226 296
226 308
226 312
226 330
226 464
226 492
226 502
226 517
226 553
226 565
226 569
227 389
227 505
227 617
227 699
227 773
227 775
227 895
227 983
227 987
227 994
227 1000
228 236
228 263
228 393
228 491
228 516
228 676
228 769
229 275
229 282
229 292
229 359
229 378
229 404
229 631
229 632
229 823
230 231
230 463
230 598
230 650
230 659
230 675
230 700
230 730
230 743
230 784
230 932
230 952
231 463
231 598
231 650
231 659
231 675
231 730
231 743
231 784
231 791
231 932
231 952
232 322
232 351
232 467
232 482
232 499
232 521
232 583
232 619
232 673
232 707
232 902
232 973
233 366
233 652
233 658
233 780
233 808
233 909
233 937
233 945
233 965
233 971
233 974
233 998
234 235
234 238
234 307
234 347
234 482
234 521
234 583
234 619
234 673
234 707
234 902
234 973
235 307
235 351
235 482
235 499
235 521
235 583
235 619
235 673
235 707
235 902
235 973
236 263
236 393
236 491
236 516
236 676
236 769
237 279
237 304
237 321
237 345
237 462
237 513
237 592
237 612
237 739
237 759
237 864
237 947
238 322
238 347
238 467
238 499
238 521
238 583
238 619
238 673
238 707
238 902
238 973
239 558
239 596
239 766
239 775
239 843
239 849
239 874
239 895
239 944
239 995
239 1000
240 436
240 551
240 764
240 780
240 808
240 909
240 937
240 958
240 964
240 965
240 974
240 998
241 449
241 601
241 705
241 788
241 821
241 844
241 860
241 898
241 911
241 919
241 931
241 940
242 254
242 305
242 754
242 764
242 780
242 833
242 909
242 945
242 964
242 971
242 976
242 998
243 387
243 527
243 577
243 723
243 747
243 755
243 783
243 865
243 869
243 875
243 921
243 950
244 319
244 326
244 368
244 475
244 543
244 594
244 641
244 688
244 703
244 722
244 837
245 448
245 610
245 622
245 725
245 736
245 767
245 804
245 845
245 848
245 851
245 870
245 949
246 548
246 738
246 768
246 801
246 806
246 913
246 916
246 923
246 966
247 595
247 616
247 709
247 715
247 787
247 813
247 818
247 839
247 841
247 936
247 955
247 961
248 440
248 604
248 618
248 669
248 691
248 725
248 751
248 804
248 845
248 848
248 870
248 949
249 458
249 576
249 760
249 832
249 882
249 912
249 920
249 954
249 956
249 963
249 970
250 339
250 394
250 417
250 508
250 611
250 758
250 778
250 938
251 423
251 606
251 735
251 774
251 843
251 868
251 874
251 889
251 951
251 975
251 987
251 995
252 293
252 533
252 716
252 757
252 765
252 770
252 835
252 847
252 859
252 896
252 914
253 265
253 573
253 685
253 702
253 714
253 799
253 853
253 922
253 928
253 939
253 959
254 551
254 652
254 754
254 822
254 831
254 871
254 958
254 964
254 965
254 976
254 998
255 319
255 386
255 414
255 475
255 563
255 594
255 688
255 722
255 837
256 460
256 650
256 674
256 675
256 700
256 730
256 743
256 784
256 791
256 932
256 952
257 382
257 544
257 603
257 605
257 623
257 671
257 738
257 801
257 913
257 916
257 923
257 966
258 581
258 654
258 750
258 798
258 829
258 840
258 857
258 878
258 886
258 904
258 957
258 972
259 285
259 428
259 528
259 542
259 587
259 614
259 667
259 708
259 803
259 899
259 933
260 390
260 401
260 504
260 547
260 575
260 649
260 930
261 381
261 510
261 591
261 647
261 828
261 905
261 962
263 393
263 491
263 516
263 676
263 769
264 490
264 577
264 638
264 661
264 755
264 771
264 807
264 819
264 838
264 875
264 892
264 950
265 524
265 573
265 655
265 702
265 714
265 799
265 853
265 922
265 928
265 939
265 959
266 354
266 400
266 654
266 717
266 737
266 779
266 798
266 857
266 886
266 904
266 957
266 972
267 315
267 334
267 346
267 529
267 695
267 894
268 434
268 731
268 753
268 812
268 854
268 856
268 888
268 908
268 918
268 934
268 935
269 635
269 789
269 832
269 863
269 876
269 880
269 912
269 929
269 954
269 956
269 963
269 970
270 331
270 423
270 505
270 766
270 782
270 794
270 825
270 868
270 887
270 975
270 994
270 996
271 655
271 702
271 714
271 719
271 799
271 853
271 922
271 928
271 939
271 959
272 461
272 524
272 655
272 685
272 702
272 719
272 799
272 853
272 922
272 928
272 939
272 959
273 554
273 570
273 584
273 624
273 686
273 774
273 855
273 874
273 944
273 975
273 983
273 995
275 282
275 292
275 359
275 378
275 404
275 631
275 632
275 823
276 315
276 334
276 346
276 529
276 695
276 894
277 361
277 679
277 786
277 810
277 834
277 866
277 879
277 884
277 893
277 897
277 903
277 906
278 295
278 336
278 562
278 858
279 304
279 321
279 345
279 462
279 513
279 592
279 612
279 739
279 759
279 864
279 947
280 478
280 534
280 556
280 750
280 762
280 798
280 840
280 878
280 886
280 904
280 957
280 972
281 681
281 721
281 810
281 811
281 834
281 866
281 879
281 884
281 893
281 897
281 903
281 906
282 292
282 359
282 378
282 404
282 631
282 632
282 823
283 284
283 653
283 686
283 756
283 773
283 790
283 843
283 849
283 944
283 951
283 983
283 995
284 554
284 567
284 686
284 775
284 825
284 846
284 849
284 874
284 887
284 951
284 994
284 996
285 428
285 528
285 542
285 587
285 614
285 667
285 708
285 803
285 899
285 933
286 413
286 544
286 548
286 603
286 605
286 671
286 738
286 768
286 806
286 913
286 916
286 923
286 966
287 433
287 455
287 477
287 525
287 766
287 782
287 868
287 889
287 895
287 983
287 994
287 996
287 1000
288 639
288 694
288 764
288 842
288 883
288 937
288 945
288 958
288 964
288 971
288 974
288 976
288 998
289 439
289 577
289 582
289 628
289 663
289 710
289 796
289 802
289 819
289 865
289 910
289 942
289 943
290 373
290 431
290 824
290 917
290 927
290 941
290 960
290 969
290 977
290 979
290 981
290 982
290 997
291 419
291 660
291 732
291 748
291 772
291 787
291 813
291 818
291 839
291 841
291 936
291 955
291 961
292 359
292 378
292 404
292 631
292 632
292 823
293 320
293 533
293 564
293 630
293 640
293 716
293 757
293 765
293 835
293 859
293 896
293 914
294 557
294 597
294 689
294 753
294 812
294 854
294 862
294 888
294 908
294 918
294 934
294 935
295 336
295 562
295 858
296 308
296 330
296 372
296 464
296 492
296 502
296 517
296 553
296 565
296 569
297 626
297 692
297 713
297 744
297 805
297 815
297 820
297 852
297 877
297 890
297 924
297 946
298 461
298 685
298 702
298 714
298 719
298 799
298 853
298 922
298 928
298 939
298 959
299 369
299 395
299 474
299 533
299 571
299 630
299 757
299 770
299 835
299 847
299 859
299 896
299 914
300 338
300 385
300 418
300 511
300 827
301 387
301 661
301 728
301 771
301 802
301 807
301 838
301 869
301 885
301 892
301 943
301 950
302 380
302 711
302 776
302 788
302 792
302 826
302 860
302 872
302 898
302 919
302 925
302 931
302 940
303 392
303 421
303 686
303 749
303 790
303 794
303 849
303 868
303 874
303 887
303 895
303 987
303 994
304 321
304 345
304 462
304 513
304 592
304 612
304 739
304 759
304 864
304 947
305 551
305 615
305 639
305 694
305 752
305 822
305 842
305 871
305 945
305 971
305 974
305 976
306 441
306 682
306 831
306 842
306 867
306 871
306 909
306 937
306 965
306 971
306 976
306 998
307 347
307 467
307 482
307 499
307 521
307 583
307 619
307 673
307 707
307 902
307 973
308 312
308 330
308 372
308 464
308 492
308 502
308 517
308 553
308 565
308 569
309 324
309 335
309 417
309 484
309 508
309 611
309 734
309 758
309 778
309 938
310 363
310 409
310 742
310 745
310 891
310 901
310 960
310 967
310 969
310 977
310 980
310 981
310 982
311 382
311 605
311 671
311 687
311 738
311 768
311 801
311 806
311 913
311 916
311 923
311 966
312 330
312 372
312 464
312 492
312 502
312 517
312 553
312 565
312 569
314 601
314 684
314 705
314 718
314 776
314 788
314 800
314 821
314 860
314 911
314 919
314 931
314 940
315 334
315 346
315 529
315 695
315 894
316 460
316 463
316 598
316 650
316 659
316 675
316 700
316 730
316 743
316 784
316 791
316 932
316 952
317 445
317 450
317 456
317 742
317 816
317 901
317 941
317 960
317 977
317 980
317 981
317 997
318 579
318 672
318 785
318 817
318 876
318 882
318 912
318 920
318 929
318 954
318 956
318 963
318 970
319 362
319 446
319 473
319 543
319 594
319 641
319 688
319 703
319 722
319 837
320 349
320 395
320 564
320 571
320 630
320 757
320 765
320 835
320 847
320 859
320 896
320 914
321 345
321 462
321 513
321 592
321 612
321 739
321 759
321 864
321 947
322 351
322 467
322 482
322 499
322 521
322 583
322 619
322 673
322 707
322 902
322 973
323 468
323 493
323 507
323 597
323 729
323 854
323 856
323 862
323 888
323 908
323 918
323 934
323 935
324 417
324 452
324 611
324 734
324 758
324 778
324 938
325 408
325 568
325 690
325 891
325 901
325 927
325 967
325 969
325 977
325 979
325 980
325 981
325 997
326 368
326 414
326 446
326 451
326 473
326 543
326 594
326 641
326 668
326 703
326 722
326 837
327 648
327 789
327 817
327 832
327 863
327 876
327 880
327 882
327 920
327 929
327 956
327 963
327 970
328 601
328 684
328 718
328 776
328 800
328 821
328 826
328 844
328 872
328 898
328 911
328 925
328 931
329 398
329 506
329 660
329 709
329 732
329 772
329 787
329 813
329 841
329 936
329 955
329 961
330 372
330 464
330 492
330 502
330 517
330 553
330 565
330 569
331 350
331 558
331 825
331 849
331 855
331 895
331 944
331 975
331 983
331 987
331 995
331 996
332 396
332 642
332 677
332 737
332 779
332 829
332 836
332 850
332 878
332 886
332 904
332 957
332 972
334 346
334 529
334 695
334 894
335 394
335 452
335 484
335 494
335 611
335 734
335 758
335 778
335 938
336 562
336 858
337 907
338 385
338 418
338 511
338 827
339 348
339 394
339 417
339 484
339 494
339 611
339 734
339 758
339 778
339 938
340 506
340 696
340 715
340 748
340 772
340 787
340 813
340 818
340 839
340 841
340 936
340 955
340 961
342 419
342 509
342 595
342 696
342 709
342 715
342 772
342 818
342 839
342 841
342 936
342 955
342 961
343 396
343 400
343 549
343 677
343 717
343 829
343 850
343 857
343 878
343 886
343 957
343 972
344 354
344 556
344 654
344 737
344 762
344 779
344 829
344 840
344 857
344 886
344 904
344 957
344 972
345 462
345 513
345 592
345 612
345 739
345 759
345 864
345 947
346 529
346 695
346 894
347 467
347 482
347 499
347 521
347 583
347 619
347 673
347 707
347 902
347 973
348 394
348 452
348 484
348 494
348 508
348 611
348 734
348 758
348 778
348 938
349 571
349 630
349 640
349 716
349 757
349 765
349 770
349 847
349 859
349 896
349 914
350 558
350 584
350 646
350 653
350 665
350 874
350 951
350 983
350 987
350 994
350 995
350 1000
351 467
351 482
351 499
351 521
351 583
351 619
351 673
351 707
351 902
351 973
352 413
352 544
352 603
352 605
352 671
352 768
352 806
352 913
352 916
352 923
352 966
353 777
353 795
353 830
353 978
353 985
353 986
353 988
353 989
353 990
353 991
353 992
353 993
353 999
354 534
354 677
354 762
354 836
354 840
354 850
354 857
354 878
354 904
354 957
354 972
355 561
355 644
355 745
355 824
355 891
355 901
355 917
355 960
355 967
355 969
355 977
355 980
355 981
356 557
356 597
356 607
356 689
356 729
356 753
356 812
356 856
356 862
356 888
356 908
356 918
356 934
356 935
357 526
357 579
357 785
357 789
357 832
357 863
357 880
357 912
357 920
357 929
357 954
357 956
357 963
357 970
358 485
358 546
358 626
358 692
358 713
358 744
358 805
358 815
358 820
358 852
358 877
358 890
358 924
358 946
359 378
359 404
359 631
359 632
359 823
360 581
360 654
360 677
360 779
360 829
360 836
360 840
360 850
360 857
360 878
360 886
360 904
360 957
360 972
361 541
361 613
361 683
361 786
361 834
361 866
361 879
361 884
361 893
361 897
361 903
361 906
362 446
362 451
362 473
362 543
362 563
362 594
362 641
362 668
362 688
362 722
362 837
363 437
363 450
363 568
363 690
363 824
363 941
363 967
363 969
363 977
363 980
363 981
363 984
364 382
364 548
364 605
364 738
364 768
364 801
364 806
364 913
364 916
364 923
364 966
365 777
365 793
365 795
365 830
365 978
365 985
365 986
365 988
365 989
365 990
365 991
365 992
365 993
365 999
366 636
366 639
366 752
366 764
366 822
366 842
366 867
366 883
366 937
366 958
366 964
366 965
366 976
367 498
367 546
367 626
367 692
367 713
367 744
367 805
367 815
367 820
367 852
367 877
367 890
367 924
367 946
368 446
368 451
368 473
368 475
368 641
368 688
368 722
368 837
369 533
369 571
369 630
369 716
369 757
369 765
369 770
369 835
369 847
369 859
369 896
369 914
370 483
370 537
370 541
370 613
370 681
370 786
370 834
370 866
370 879
370 884
370 893
370 897
370 903
370 906
372 464
372 492
372 502
372 517
372 553
372 565
372 569
373 437
373 522
373 590
373 644
373 651
373 816
373 917
373 927
373 969
373 980
373 982
373 984
374 627
374 745
374 824
374 901
374 917
374 927
374 941
374 960
374 967
374 977
374 981
374 982
374 997
375 465
375 472
375 681
375 721
375 786
375 810
375 834
375 866
375 879
375 884
375 893
375 897
375 903
375 906
376 410
376 490
376 638
376 710
376 802
376 807
376 814
376 885
376 892
376 910
376 921
376 942
376 943
376 950
377 460
377 598
377 637
377 650
377 674
377 675
377 730
377 743
377 784
377 791
377 932
377 952
378 404
378 631
378 632
378 823
379 585
379 586
379 704
379 761
379 809
380 684
380 705
380 711
380 788
380 860
380 872
380 898
380 911
380 919
380 925
380 931
380 940
381 510
381 591
381 647
381 828
381 905
381 962
382 384
382 413
382 603
382 623
382 671
382 801
382 806
382 913
382 916
382 923
382 966
383 535
383 633
383 684
383 705
383 711
383 718
383 788
383 844
383 860
383 911
383 919
383 925
383 931
383 940
384 413
384 623
384 687
384 738
384 801
384 806
384 913
384 916
384 923
384 966
385 418
385 511
385 827
386 414
386 446
386 473
386 475
386 594
386 641
386 668
386 688
386 703
386 722
386 837
387 638
387 643
387 710
387 727
387 747
387 763
387 771
387 875
387 892
387 910
387 943
387 950
388 420
388 439
388 444
388 621
388 638
388 710
388 747
388 755
388 763
388 819
388 875
388 921
388 943
389 558
389 584
389 741
389 782
389 794
389 843
389 846
389 889
389 895
389 944
389 983
389 994
389 995
390 401
390 504
390 547
390 575
390 649
390 930
391 420
391 577
391 582
391 609
391 628
391 638
391 723
391 728
391 755
391 783
391 869
391 910
391 921
391 943
392 477
392 665
392 741
392 774
392 794
392 868
392 887
392 895
392 951
392 987
392 995
392 1000
393 491
393 516
393 676
393 769
394 494
394 508
394 611
394 734
394 758
394 778
394 938
395 474
395 540
395 630
395 716
395 757
395 765
395 835
395 847
395 896
395 914
396 405
396 642
396 762
396 779
396 829
396 850
396 857
396 878
396 886
396 904
396 957
396 972
397 604
397 610
397 620
397 622
397 669
397 691
397 725
397 736
397 767
397 804
397 845
397 851
397 870
397 949
398 616
398 660
398 696
398 748
398 772
398 787
398 813
398 839
398 841
398 936
398 955
398 961
399 679
399 681
399 721
399 786
399 810
399 811
399 834
399 866
399 879
399 884
399 893
399 897
399 903
399 906
400 478
400 549
400 737
400 750
400 798
400 836
400 850
400 857
400 886
400 904
400 957
400 972
401 504
401 547
401 575
401 649
401 930
402 777
402 793
402 795
402 830
402 978
402 985
402 986
402 988
402 989
402 990
402 991
402 992
402 993
402 999
403 480
403 524
403 655
403 685
403 702
403 714
403 719
403 799
403 853
403 922
403 928
403 939
403 959
404 631
404 632
404 823
405 534
405 717
405 750
405 762
405 779
405 836
405 840
405 850
405 857
405 878
405 904
405 957
405 972
406 441
406 500
406 557
406 607
406 689
406 729
406 731
406 753
406 854
406 856
406 908
406 934
406 935
408 409
408 445
408 501
408 545
408 561
408 627
408 742
408 745
408 917
408 927
408 941
408 980
408 984
409 450
409 501
409 522
409 545
409 816
409 824
409 927
409 941
409 977
409 981
409 982
409 997
410 527
410 621
410 755
410 771
410 802
410 807
410 814
410 869
410 885
410 910
410 921
410 942
410 943
413 603
413 738
413 768
413 801
413 806
413 913
413 916
413 923
413 966
414 446
414 451
414 475
414 563
414 641
414 668
414 703
414 722
414 837
415 500
415 507
415 515
415 731
415 753
415 854
415 856
415 862
415 888
415 908
415 918
415 934
415 935
416 463
416 598
416 637
416 674
416 675
416 700
416 730
416 743
416 784
416 791
416 932
416 952
417 452
417 484
417 494
417 508
417 734
417 758
417 778
417 938
418 511
418 827
419 481
419 616
419 715
419 732
419 748
419 772
419 787
419 813
419 818
419 839
419 936
419 955
419 961
420 723
420 814
420 865
420 869
420 875
420 892
420 910
420 921
420 942
420 943
420 950
421 438
421 453
421 455
421 645
421 686
421 741
421 766
421 849
421 889
421 944
421 983
421 994
421 996
421 1000
422 752
422 754
422 822
422 833
422 871
422 883
422 909
422 937
422 945
422 958
422 965
422 971
422 974
422 976
422 998
423 525
423 572
423 698
423 774
423 825
423 849
423 874
423 887
423 889
423 975
423 994
423 996
424 488
424 566
424 568
424 590
424 742
424 745
424 824
424 891
424 941
424 967
424 979
424 980
424 981
424 984
424 997
425 512
425 561
425 651
425 745
425 824
425 891
425 927
425 941
425 960
425 980
425 981
425 982
425 984
425 997
426 576
426 634
426 635
426 672
426 760
426 789
426 817
426 832
426 863
426 880
426 929
426 954
426 956
426 963
426 970
427 537
427 541
427 679
427 681
427 683
427 721
427 810
427 811
427 866
427 879
427 884
427 893
427 897
427 903
427 906
428 528
428 542
428 587
428 614
428 667
428 708
428 803
428 899
428 933
429 506
429 509
429 616
429 709
429 732
429 772
429 787
429 813
429 818
429 839
429 936
429 955
429 961
430 457
430 468
430 597
430 678
430 731
430 753
430 854
430 856
430 862
430 888
430 908
430 918
430 934
430 935
431 742
431 816
431 891
431 941
431 967
431 969
431 979
431 980
431 981
431 982
431 984
431 997
432 536
432 574
432 578
432 635
432 760
432 817
432 832
432 880
432 882
432 920
432 929
432 954
432 956
432 963
432 970
433 572
433 596
433 653
433 766
433 794
433 846
433 855
433 868
433 874
433 887
433 983
433 987
433 995
433 996
434 468
434 507
434 515
434 607
434 678
434 729
434 731
434 854
434 862
434 888
434 908
434 918
434 934
434 935
435 485
435 498
435 546
435 626
435 692
435 713
435 744
435 805
435 815
435 820
435 852
435 877
435 890
435 924
435 946
436 514
436 694
436 754
436 808
436 833
436 842
436 945
436 964
436 965
436 971
436 974
436 976
436 998
437 488
437 745
437 824
437 917
437 927
437 941
437 960
437 967
437 979
437 980
437 981
437 984
437 997
438 629
438 756
438 790
438 794
438 843
438 855
438 868
438 874
438 895
438 951
438 983
438 987
438 994
438 995
439 490
439 582
439 723
439 747
439 755
439 796
439 802
439 807
439 892
439 910
439 942
439 950
440 448
440 476
440 518
440 620
440 725
440 751
440 767
440 804
440 845
440 848
440 851
440 870
440 949
441 539
441 658
441 833
441 867
441 909
441 937
441 945
441 958
441 965
441 971
441 974
441 976
441 998
442 520
442 535
442 599
442 633
442 705
442 821
442 826
442 844
442 898
442 911
442 919
442 925
442 931
442 940
443 518
443 618
443 620
443 622
443 669
443 691
443 736
443 751
443 767
443 804
443 845
443 848
443 851
443 870
443 949
444 577
444 628
444 710
444 727
444 728
444 747
444 755
444 763
444 865
444 869
444 892
444 942
445 690
445 816
445 917
445 927
445 960
445 967
445 977
445 979
445 980
445 982
446 563
446 641
446 668
446 688
446 703
446 722
446 837
447 479
447 522
447 644
447 651
447 690
447 816
447 901
447 941
447 960
447 969
447 977
447 979
447 980
447 984
448 518
448 610
448 618
448 620
448 669
448 691
448 736
448 804
448 845
448 848
448 851
448 870
448 949
449 608
449 684
449 711
449 800
449 821
449 844
449 860
449 872
449 898
449 911
449 919
449 925
449 931
449 940
450 522
450 644
450 742
450 891
450 917
450 941
450 979
450 980
450 982
450 984
450 997
451 475
451 543
451 563
451 594
451 668
451 688
451 703
451 722
451 837
452 484
452 494
452 508
452 611
452 734
452 758
452 778
452 938
453 645
453 686
453 735
453 756
453 766
453 843
453 887
453 944
453 951
453 975
453 983
453 987
453 994
454 458
454 578
454 634
454 701
454 760
454 863
454 876
454 882
454 912
454 920
454 929
454 954
454 956
454 963
454 970
455 554
455 629
455 653
455 756
455 825
455 846
455 889
455 895
455 944
455 951
455 983
455 995
456 589
456 651
456 745
456 901
456 917
456 969
456 977
456 979
456 980
456 981
456 984
456 997
457 493
457 678
457 729
457 731
457 753
457 812
457 854
457 856
457 862
457 888
457 908
457 918
457 934
457 935
458 635
458 662
458 701
458 817
458 832
458 880
458 912
458 920
458 929
458 954
458 956
458 963
458 970
459 636
459 694
459 746
459 822
459 883
459 909
459 937
459 958
459 964
459 965
459 971
459 974
459 976
459 998
460 659
460 674
460 675
460 700
460 730
460 743
460 791
460 932
460 952
461 480
461 573
461 685
461 702
461 714
461 799
461 853
461 922
461 928
461 939
461 959
462 513
462 592
462 612
462 739
462 759
462 864
462 947
463 637
463 650
463 659
463 674
463 675
463 700
463 730
463 743
463 784
463 932
463 952
464 492
464 502
464 517
464 553
464 565
464 569
465 537
465 613
465 683
465 786
465 810
465 811
465 834
465 866
465 879
465 884
465 893
465 897
465 903
465 906
467 482
467 499
467 521
467 583
467 619
467 673
467 707
467 902
467 973
468 507
468 557
468 597
468 812
468 856
468 862
468 888
468 908
468 918
468 934
468 935
469 483
469 496
469 613
469 679
469 721
469 810
469 811
469 834
469 866
469 879
469 884
469 893
469 897
469 903
469 906
470 545
470 651
470 745
470 824
470 891
470 901
470 927
470 969
470 977
470 979
470 980
470 981
470 982
470 984
470 997
471 525
471 600
471 617
471 773
471 775
471 825
471 843
471 855
471 868
471 944
471 951
471 975
471 994
471 995
471 996
471 1000
472 483
472 541
472 613
472 679
472 683
472 786
472 810
472 811
472 866
472 879
472 884
472 893
472 897
472 903
472 906
473 563
473 594
473 641
473 668
473 688
473 703
473 722
473 837
474 540
474 571
474 630
474 640
474 716
474 757
474 765
474 770
474 835
474 847
474 859
474 896
474 914
475 543
475 563
475 594
475 641
475 668
475 688
475 703
475 722
475 837
476 604
476 610
476 618
476 620
476 622
476 691
476 725
476 751
476 804
476 845
476 848
476 851
476 870
476 949
477 596
477 645
477 699
477 735
477 790
477 794
477 825
477 846
477 855
477 889
477 994
477 995
477 996
477 1000
478 717
478 737
478 779
478 798
478 829
478 836
478 840
478 850
478 857
478 878
478 886
478 904
478 957
478 972
479 487
479 545
479 561
479 690
479 891
479 901
479 917
479 927
479 967
479 969
479 979
479 980
479 982
479 997
480 573
480 655
480 685
480 702
480 719
480 799
480 853
480 922
480 928
480 939
480 959
481 506
481 660
481 696
481 715
481 732
481 748
481 813
481 818
481 839
481 841
481 936
481 955
481 961
482 499
482 521
482 583
482 619
482 673
482 707
482 902
482 973
483 683
483 721
483 786
483 810
483 811
483 834
483 866
483 879
483 884
483 893
483 897
483 903
483 906
484 494
484 508
484 734
484 758
484 778
484 938
485 498
485 546
485 626
485 692
485 713
485 744
485 805
485 815
485 820
485 852
485 877
485 890
485 924
485 946
486 523
486 532
486 550
486 693
486 712
486 740
487 512
487 566
487 568
487 690
487 824
487 917
487 927
487 941
487 960
487 977
487 979
487 981
487 982
487 984
487 997
488 745
488 816
488 824
488 891
488 901
488 927
488 941
488 960
488 967
488 969
488 980
488 984
488 997
490 527
490 723
490 747
490 796
490 802
490 814
490 819
490 838
490 869
490 875
490 885
490 910
490 942
491 516
491 676
491 769
492 502
492 517
492 553
492 565
492 569
493 507
493 597
493 689
493 729
493 812
493 854
493 856
493 862
493 888
493 908
493 918
493 934
493 935
494 508
494 611
494 734
494 758
494 778
494 938
495 496
495 537
495 541
495 679
495 683
495 810
495 811
495 834
495 866
495 879
495 884
495 893
495 897
495 903
495 906
496 537
496 681
496 683
496 786
496 810
496 834
496 866
496 879
496 884
496 893
496 897
496 903
496 906
497 579
497 662
497 680
497 789
497 832
497 863
497 876
497 880
497 882
497 912
497 920
497 929
497 954
497 956
497 963
497 970
498 546
498 626
498 692
498 713
498 744
498 805
498 815
498 820
498 852
498 877
498 890
498 924
498 946
499 521
499 583
499 619
499 673
499 707
499 902
499 973
500 515
500 678
500 731
500 753
500 812
500 854
500 856
500 862
500 888
500 908
500 918
500 934
500 935
501 512
501 690
501 816
501 891
501 917
501 960
501 967
501 969
501 979
501 981
501 982
501 984
501 997
502 517
502 553
502 565
502 569
504 547
504 575
504 649
504 930
505 525
505 570
505 665
505 741
505 749
505 825
505 843
505 868
505 874
505 895
505 994
505 995
505 1000
506 509
506 660
506 696
506 709
506 772
506 787
506 818
506 839
506 841
506 936
506 955
506 961
507 753
507 812
507 854
507 862
507 888
507 908
507 918
507 934
507 935
508 611
508 734
508 758
508 778
508 938
509 595
509 616
509 660
509 709
509 715
509 772
509 787
509 813
509 818
509 841
509 936
509 955
509 961
510 591
510 647
510 828
510 905
510 962
511 827
512 522
512 561
512 590
512 627
512 816
512 824
512 901
512 927
512 941
512 960
512 977
512 981
512 997
513 592
513 612
513 739
513 759
513 864
513 947
514 580
514 636
514 746
514 754
514 764
514 808
514 822
514 833
514 945
514 958
514 971
514 974
514 998
515 557
515 597
515 678
515 731
515 753
515 854
515 856
515 862
515 888
515 908
515 918
515 934
515 935
516 676
516 769
517 553
517 565
517 569
518 604
518 610
518 669
518 691
518 725
518 736
518 751
518 767
518 845
518 848
518 870
518 949
519 652
519 694
519 808
519 833
519 842
519 883
519 909
519 937
519 945
519 958
519 964
519 965
519 971
519 974
519 976
519 998
520 535
520 608
520 633
520 711
520 718
520 776
520 788
520 792
520 800
520 844
520 860
520 872
520 898
520 925
520 931
520 940
521 583
521 619
521 673
521 707
521 902
521 973
522 568
522 891
522 901
522 927
522 960
522 969
522 977
522 979
522 980
522 982
522 984
523 532
523 550
523 693
523 712
523 740
524 573
524 655
524 685
524 702
524 714
524 719
524 799
524 853
524 922
524 928
524 939
524 959
525 584
525 606
525 629
525 645
525 735
525 773
525 775
525 825
525 944
525 975
525 987
525 996
525 1000
526 536
526 635
526 672
526 680
526 701
526 785
526 832
526 863
526 876
526 880
526 912
526 929
526 954
526 956
526 963
526 970
527 555
527 560
527 661
527 727
527 728
527 796
527 838
527 865
527 885
527 892
527 921
527 942
527 950
528 542
528 587
528 614
528 667
528 708
528 803
528 899
528 933
529 695
529 894
530 604
530 610
530 618
530 620
530 669
530 691
530 751
530 767
530 845
530 848
530 851
530 870
530 949
531 593
531 733
531 777
531 793
531 795
531 830
531 978
531 985
531 986
531 988
531 989
531 990
531 991
531 992
531 993
531 999
532 550
532 693
532 712
532 740
533 540
533 564
533 630
533 765
533 770
533 835
533 847
533 859
533 896
533 914
534 549
534 556
534 581
534 717
534 737
534 779
534 829
534 836
534 840
534 850
534 857
534 904
534 957
534 972
535 711
535 776
535 792
535 821
535 844
535 860
535 872
535 898
535 911
535 919
535 925
535 931
535 940
536 578
536 670
536 701
536 760
536 785
536 817
536 880
536 882
536 912
536 920
536 929
536 954
536 956
536 963
536 970
537 679
537 681
537 786
537 810
537 811
537 866
537 879
537 884
537 893
537 897
537 903
537 906
538 599
538 601
538 633
538 718
538 776
538 788
538 826
538 844
538 860
538 872
538 898
538 911
538 919
538 925
538 940
539 615
539 639
539 746
539 808
539 822
539 833
539 842
539 867
539 883
539 909
539 937
539 945
539 964
539 965
539 974
539 998
540 571
540 630
540 716
540 757
540 770
540 835
540 847
540 859
540 896
540 914
541 683
541 721
541 810
541 811
541 834
541 866
541 879
541 884
541 893
541 897
541 903
541 906
542 587
542 614
542 667
542 708
542 803
542 899
542 912
542 933
543 563
543 594
543 641
543 668
543 688
543 703
543 722
543 837
544 548
544 603
544 623
544 671
544 687
544 738
544 801
544 806
544 913
544 916
544 923
544 966
545 745
545 824
545 891
545 917
545 960
545 967
545 977
545 980
545 981
545 982
545 984
545 997
546 626
546 692
546 713
546 744
546 805
546 815
546 820
546 852
546 877
546 890
546 924
546 946
547 575
547 649
547 930
548 623
548 671
548 687
548 768
548 806
548 913
548 916
548 923
548 966
549 581
549 717
549 750
549 762
549 798
549 836
549 840
549 850
549 857
549 878
549 886
549 904
549 957
549 972
550 693
550 712
550 740
551 752
551 780
551 822
551 867
551 871
551 883
551 937
551 945
551 958
551 971
551 974
551 976
551 998
552 601
552 608
552 633
552 705
552 711
552 776
552 788
552 800
552 860
552 872
552 898
552 911
552 919
552 925
552 931
552 940
553 565
553 569
554 600
554 624
554 698
554 749
554 790
554 843
554 895
554 944
554 951
554 975
554 983
554 994
554 995
554 1000
555 577
555 663
555 710
555 723
555 763
555 783
555 796
555 802
555 819
555 875
555 910
555 921
555 942
555 943
555 950
556 642
556 677
556 717
556 737
556 750
556 779
556 798
556 829
556 840
556 857
556 878
556 886
556 904
556 957
556 972
557 607
557 729
557 812
557 854
557 856
557 862
557 888
557 908
557 918
557 934
557 935
558 645
558 735
558 741
558 773
558 774
558 825
558 849
558 887
558 889
558 895
558 944
558 994
558 995
558 1000
560 621
560 628
560 727
560 763
560 771
560 783
560 796
560 807
560 814
560 819
560 838
560 865
560 892
560 910
560 942
560 950
561 566
561 568
561 590
561 742
561 901
561 917
561 967
561 977
561 979
561 980
561 981
561 982
561 997
562 858
563 594
563 641
563 668
563 688
563 703
563 722
563 837
564 571
564 640
564 716
564 757
564 765
564 770
564 847
564 859
564 896
564 914
565 569
566 590
566 644
566 651
566 824
566 901
566 960
566 967
566 969
566 977
566 979
566 980
566 982
566 984
567 606
567 624
567 646
567 665
567 686
567 698
567 775
567 794
567 843
567 849
567 868
567 944
567 951
567 987
567 994
567 1000
568 644
568 651
568 816
568 901
568 917
568 927
568 941
568 967
568 969
568 979
568 982
570 596
570 624
570 699
570 756
570 766
570 775
570 790
570 825
570 846
570 887
570 895
570 975
570 995
570 996
570 1000
571 640
571 757
571 765
571 770
571 835
571 847
571 859
571 896
571 914
572 600
572 624
572 686
572 775
572 782
572 843
572 855
572 868
572 895
572 944
572 951
572 975
572 987
572 995
572 996
573 655
573 685
573 702
573 714
573 719
573 799
573 853
573 922
573 928
573 939
573 959
574 576
574 634
574 670
574 680
574 760
574 785
574 832
574 863
574 876
574 882
574 912
574 920
574 929
574 954
574 956
574 963
574 970
575 649
575 930
576 701
576 760
576 789
576 817
576 863
576 876
576 882
576 912
576 920
576 929
576 954
576 956
576 963
576 970
577 582
577 609
577 763
577 838
577 865
577 869
577 910
577 921
577 942
577 943
577 950
578 635
578 672
578 680
578 760
578 863
578 876
578 880
578 882
578 912
578 920
578 954
578 956
578 963
578 970
579 635
579 680
579 701
579 817
579 832
579 863
579 880
579 882
579 912
579 920
579 929
579 954
579 956
579 963
579 970
580 615
580 694
580 746
580 752
580 808
580 833
580 842
580 871
580 937
580 945
580 958
580 964
580 965
580 974
580 998
581 750
581 762
581 779
581 829
581 836
581 840
581 878
581 886
581 904
581 957
581 972
582 638
582 643
582 661
582 747
582 771
582 783
582 819
582 838
582 865
582 869
582 885
582 921
582 942
582 950
583 619
583 673
583 707
583 902
583 973
584 629
584 665
584 766
584 782
584 790
584 846
584 855
584 895
584 975
584 983
584 987
584 994
584 995
584 996
585 586
585 704
585 761
585 809
586 704
586 761
586 809
587 614
587 667
587 708
587 803
587 899
587 933
589 590
589 644
589 690
589 745
589 824
589 901
589 917
589 941
589 967
589 969
589 977
589 979
589 980
589 982
589 984
590 627
590 651
590 816
590 927
590 941
590 960
590 967
590 977
590 979
590 980
590 981
590 997
591 647
591 828
591 905
591 962
592 612
592 739
592 759
592 864
592 947
593 733
593 777
593 793
593 795
593 830
593 978
593 985
593 986
593 988
593 989
593 990
593 991
593 992
593 993
593 999
594 668
594 688
594 722
594 837
595 660
595 696
595 715
595 732
595 748
595 772
595 787
595 813
595 818
595 839
595 841
595 936
595 955
595 961
596 624
596 698
596 735
596 741
596 775
596 782
596 790
596 855
596 874
596 887
596 951
596 975
596 994
596 996
597 607
597 689
597 729
597 812
597 854
597 856
597 862
597 888
597 908
597 918
597 934
597 935
598 637
598 659
598 674
598 675
598 730
598 743
598 784
598 791
598 932
598 952
599 684
599 711
599 776
599 788
599 792
599 800
599 826
599 844
599 860
599 872
599 898
599 911
599 919
599 925
599 931
599 940
600 645
600 699
600 749
600 756
600 868
600 889
600 944
600 951
600 975
600 994
600 996
600 1000
601 633
601 705
601 718
601 792
601 800
601 826
601 844
601 860
601 898
601 911
601 919
601 925
601 931
601 940
603 605
603 671
603 687
603 738
603 768
603 801
603 806
603 913
603 916
603 923
603 966
604 618
604 620
604 622
604 691
604 725
604 736
604 751
604 804
604 848
604 851
604 870
604 949
605 623
605 671
605 687
605 768
605 801
605 913
605 916
605 923
605 966
606 629
606 646
606 773
606 774
606 775
606 794
606 849
606 855
606 874
606 887
606 975
606 987
606 994
606 996
606 1000
607 678
607 689
607 729
607 731
607 812
607 854
607 856
607 862
607 888
607 908
607 918
607 934
607 935
608 711
608 718
608 800
608 821
608 826
608 844
608 860
608 919
608 925
608 931
608 940
609 663
609 710
609 747
609 755
609 763
609 796
609 814
609 819
609 869
609 885
609 910
609 921
609 942
609 943
609 950
610 618
610 620
610 691
610 725
610 767
610 804
610 845
610 848
610 851
610 870
610 949
611 734
611 758
611 778
611 938
612 739
612 759
612 864
612 947
613 679
613 681
613 721
613 786
613 810
613 811
613 834
613 866
613 879
613 884
613 893
613 897
613 903
613 906
614 667
614 708
614 803
614 899
614 933
615 636
615 764
615 808
615 831
615 833
615 867
615 883
615 909
615 945
615 964
615 965
615 971
615 974
615 976
615 998
616 696
616 709
616 715
616 732
616 748
616 813
616 818
616 839
616 841
616 936
616 955
616 961
617 645
617 646
617 653
617 699
617 741
617 766
617 782
617 794
617 846
617 887
617 895
617 944
617 983
617 987
617 994
617 995
618 620
618 622
618 669
618 691
618 725
618 736
618 804
618 845
618 848
618 870
618 949
619 673
619 707
619 902
619 973
620 691
620 736
620 751
620 767
620 845
620 848
620 851
620 870
620 949
621 643
621 723
621 727
621 796
621 802
621 807
621 865
621 885
621 892
621 910
621 921
621 942
621 943
621 950
622 669
622 725
622 736
622 751
622 767
622 804
622 845
622 848
622 851
622 870
622 949
623 687
623 768
623 801
623 913
623 916
623 923
623 966
624 645
624 698
624 741
624 774
624 782
624 855
624 874
624 887
624 951
624 975
624 983
624 987
624 996
624 1000
626 692
626 713
626 744
626 805
626 815
626 820
626 852
626 877
626 890
626 924
626 946
627 745
627 816
627 824
627 891
627 917
627 927
627 941
627 967
627 969
627 977
627 979
627 981
627 982
627 984
627 997
628 638
628 643
628 728
628 802
628 807
628 814
628 869
628 875
628 885
628 892
628 921
628 943
628 950
629 653
629 735
629 741
629 756
629 766
629 825
629 944
629 951
629 975
629 983
629 987
629 1000
630 640
630 757
630 765
630 770
630 835
630 859
630 896
630 914
631 632
631 823
632 823
633 776
633 788
633 800
633 821
633 826
633 844
633 860
633 872
633 898
633 911
633 925
633 931
634 662
634 670
634 672
634 680
634 701
634 789
634 817
634 832
634 863
634 876
634 912
634 920
634 929
634 954
634 956
634 963
634 970
635 662
635 672
635 785
635 817
635 876
635 880
635 882
635 920
635 929
635 954
635 956
635 963
635 970
636 639
636 658
636 694
636 764
636 780
636 808
636 822
636 833
636 883
636 945
636 964
636 965
636 974
636 976
636 998
637 650
637 659
637 674
637 675
637 700
637 730
637 743
637 784
637 791
637 932
637 952
638 643
638 710
638 783
638 796
638 819
638 838
638 869
638 875
638 885
638 892
638 910
638 921
638 942
639 682
639 694
639 833
639 842
639 871
639 909
639 937
639 945
639 958
639 964
639 965
639 971
639 974
639 976
639 998
640 716
640 757
640 765
640 770
640 835
640 847
640 896
640 914
641 668
641 688
641 703
641 722
641 837
642 654
642 677
642 717
642 737
642 750
642 762
642 779
642 798
642 829
642 836
642 850
642 857
642 878
642 886
642 904
642 957
642 972
643 755
643 796
643 802
643 807
643 814
643 819
643 838
643 875
643 885
643 892
643 921
643 942
643 943
643 950
644 651
644 690
644 927
644 941
644 967
644 977
644 979
644 980
644 981
644 984
644 997
645 735
645 775
645 790
645 846
645 855
645 868
645 887
645 987
645 996
646 698
646 735
646 741
646 749
646 774
646 825
646 849
646 855
646 874
646 887
646 951
646 983
646 987
646 994
646 995
646 996
647 828
647 905
647 962
648 670
648 680
648 760
648 785
648 789
648 817
648 832
648 863
648 876
648 880
648 882
648 920
648 929
648 954
648 956
648 963
648 970
649 930
650 674
650 675
650 700
650 730
650 743
650 784
650 791
650 932
650 952
651 690
651 742
651 745
651 824
651 901
651 927
651 941
651 967
651 969
651 981
651 982
652 682
652 746
652 752
652 754
652 764
652 833
652 842
652 871
652 909
652 937
652 945
652 958
652 964
652 965
652 971
652 976
652 998
653 665
653 741
653 749
653 773
653 774
653 846
653 868
653 889
653 944
653 951
653 983
653 987
653 996
653 1000
654 677
654 737
654 750
654 762
654 779
654 798
654 829
654 836
654 840
654 850
654 857
654 878
654 886
654 904
654 957
654 972
655 685
655 702
655 714
655 719
655 799
655 853
655 922
655 928
655 939
655 959
658 746
658 752
658 754
658 780
658 842
658 867
658 883
658 937
658 958
658 965
658 971
658 974
658 976
658 998
659 674
659 675
659 700
659 730
659 743
659 784
659 791
659 932
659 952
660 696
660 709
660 715
660 732
660 772
660 787
660 813
660 818
660 839
660 841
660 936
660 955
660 961
661 663
661 723
661 727
661 728
661 747
661 763
661 783
661 796
661 802
661 865
661 885
661 892
661 921
661 942
661 943
661 950
662 670
662 701
662 760
662 789
662 832
662 863
662 876
662 880
662 882
662 912
662 920
662 929
662 954
662 956
662 963
662 970
663 723
663 727
663 747
663 771
663 783
663 802
663 807
663 814
663 819
663 838
663 865
663 892
663 910
663 921
663 942
663 943
663 950
665 698
665 775
665 790
665 843
665 849
665 868
665 889
665 975
665 983
665 994
665 996
665 1000
667 708
667 803
667 899
667 933
668 688
668 703
668 722
668 837
669 725
669 751
669 767
669 804
669 845
669 848
669 851
669 870
669 949
670 672
670 680
670 760
670 785
670 817
670 832
670 863
670 876
670 880
670 882
670 912
670 929
670 954
670 956
670 963
670 970
671 738
671 768
671 801
671 806
671 913
671 916
671 923
671 966
672 701
672 785
672 789
672 817
672 863
672 876
672 880
672 882
672 912
672 920
672 954
672 956
672 963
672 970
673 707
673 902
673 973
674 675
674 700
674 730
674 743
674 784
674 791
674 932
674 952
675 730
675 784
675 791
675 932
675 952
676 769
677 717
677 779
677 798
677 829
677 836
677 840
677 850
677 857
677 878
677 886
677 904
677 957
677 972
678 689
678 729
678 731
678 753
678 812
678 854
678 856
678 862
678 888
678 908
678 918
678 934
678 935
679 721
679 810
679 811
679 834
679 866
679 879
679 884
679 893
679 897
679 903
679 906
680 785
680 817
680 863
680 876
680 880
680 882
680 912
680 920
680 929
680 954
680 956
680 963
680 970
681 683
681 721
681 786
681 811
681 834
681 866
681 879
681 884
681 893
681 897
681 903
681 906
682 746
682 752
682 754
682 764
682 780
682 808
682 831
682 867
682 909
682 937
682 945
682 958
682 964
682 965
682 971
682 974
682 976
682 998
683 721
683 786
683 810
683 811
683 834
683 866
683 879
683 884
683 893
683 897
683 903
683 906
684 705
684 718
684 776
684 788
684 800
684 821
684 826
684 844
684 860
684 872
684 898
684 911
684 931
684 940
685 702
685 714
685 719
685 799
685 853
685 922
685 928
685 939
685 959
686 699
686 756
686 773
686 782
686 790
686 825
686 846
686 874
686 887
686 895
686 951
686 987
686 1000
687 738
687 768
687 801
687 806
687 913
687 916
687 923
687 966
688 703
688 837
689 729
689 731
689 812
689 854
689 856
689 862
689 888
689 908
689 918
689 934
689 935
690 742
690 816
690 891
690 901
690 917
690 927
690 967
690 979
690 982
690 984
690 997
691 725
691 736
691 767
691 804
691 845
691 848
691 851
691 949
692 713
692 744
692 805
692 815
692 820
692 852
692 877
692 890
692 924
692 946
693 712
693 740
694 764
694 808
694 831
694 842
694 867
694 871
694 909
694 937
694 945
694 958
694 974
694 976
694 998
695 894
696 709
696 715
696 732
696 748
696 772
696 787
696 813
696 818
696 839
696 841
696 936
696 955
696 961
698 749
698 756
698 766
698 773
698 774
698 782
698 849
698 855
698 887
698 889
698 944
698 983
698 987
698 1000
699 756
699 766
699 774
699 794
699 843
699 849
699 874
699 951
699 983
699 995
699 996
699 1000
700 743
700 784
700 791
700 932
700 952
701 760
701 785
701 789
701 876
701 880
701 882
701 912
701 920
701 929
701 954
701 956
701 963
701 970
702 719
702 799
702 853
702 922
702 928
702 939
702 959
703 722
703 837
704 761
704 809
705 711
705 718
705 792
705 800
705 821
705 826
705 844
705 860
705 872
705 898
705 919
705 925
705 931
705 940
707 902
707 973
708 803
708 899
708 933
709 715
709 732
709 748
709 772
709 787
709 813
709 818
709 839
709 841
709 936
709 955
709 961
710 723
710 727
710 728
710 755
710 763
710 771
710 838
710 865
710 869
710 875
710 910
710 921
710 942
710 950
711 792
711 821
711 826
711 860
711 872
711 911
711 925
711 931
711 940
712 740
713 744
713 805
713 815
713 820
713 852
713 877
713 890
713 924
713 946
714 719
714 799
714 853
714 922
714 928
714 939
714 959
715 732
715 772
715 787
715 813
715 818
715 839
715 841
715 936
715 955
715 961
716 757
716 765
716 835
716 847
716 859
716 896
716 914
717 737
717 750
717 762
717 779
717 798
717 829
717 836
717 840
717 878
717 886
717 904
717 957
717 972
718 776
718 792
718 821
718 826
718 844
718 898
718 911
718 919
718 925
718 931
718 940
719 799
719 853
719 922
719 928
719 939
719 959
721 786
721 810
721 811
721 834
721 866
721 879
721 884
721 893
721 897
721 903
721 906
722 837
723 727
723 755
723 796
723 838
723 885
723 910
723 921
723 942
723 943
723 950
725 736
725 767
725 845
725 848
725 851
725 870
725 949
727 747
727 771
727 807
727 819
727 838
727 869
727 885
727 892
727 910
727 921
727 942
727 943
728 755
728 783
728 796
728 814
728 819
728 838
728 865
728 869
728 875
728 885
728 892
728 910
728 921
728 943
729 731
729 753
729 812
729 854
729 856
729 862
729 888
729 908
729 918
729 934
729 935
730 743
730 784
730 791
730 932
730 952
731 753
731 812
731 856
731 862
731 888
731 918
731 934
731 935
732 748
732 772
732 787
732 813
732 818
732 839
732 841
732 936
732 955
732 961
733 777
733 793
733 795
733 830
733 978
733 985
733 986
733 988
733 989
733 990
733 991
733 992
733 993
733 999
734 758
734 778
734 938
735 741
735 775
735 843
735 849
735 855
735 874
735 887
735 889
735 983
735 987
735 994
735 995
735 1000
736 751
736 767
736 804
736 845
736 848
736 851
736 870
736 949
737 750
737 762
737 779
737 798
737 829
737 840
737 850
737 857
737 886
737 904
737 957
737 972
738 768
738 801
738 806
738 913
738 916
738 923
738 966
739 759
739 864
739 947
741 749
741 766
741 774
741 843
741 895
741 944
741 975
741 983
741 994
741 995
741 996
742 816
742 917
742 927
742 941
742 960
742 969
742 977
742 979
742 981
742 982
742 984
742 997
743 784
743 791
743 932
743 952
744 805
744 815
744 820
744 852
744 877
744 890
744 924
744 946
745 891
745 941
745 967
745 977
745 979
745 980
745 981
745 984
746 754
746 764
746 780
746 822
746 831
746 842
746 871
746 883
746 945
746 964
746 965
746 971
746 974
746 998
747 755
747 763
747 771
747 802
747 814
747 819
747 865
747 869
747 875
747 892
747 942
747 943
747 950
748 772
748 787
748 813
748 818
748 839
748 841
748 936
748 955
748 961
749 775
749 825
749 843
749 849
749 855
749 874
749 887
749 944
749 951
749 975
749 987
749 994
749 995
749 996
749 1000
750 762
750 798
750 829
750 836
750 840
750 850
750 857
750 878
750 886
750 904
750 957
750 972
751 767
751 804
751 845
751 848
751 851
751 870
751 949
752 754
752 831
752 842
752 867
752 871
752 883
752 937
752 958
752 964
752 965
752 971
752 974
752 998
753 812
753 854
753 856
753 862
753 888
753 908
753 918
753 934
753 935
754 808
754 831
754 867
754 871
754 883
754 937
754 958
754 964
754 965
754 971
754 976
754 998
755 763
755 783
755 807
755 819
755 838
755 875
755 885
755 892
755 921
755 942
755 943
756 773
756 782
756 794
756 855
756 868
756 874
756 944
756 951
756 975
756 987
756 994
756 996
756 1000
757 765
757 770
757 835
757 847
757 859
757 896
757 914
758 778
758 938
759 864
759 947
760 785
760 789
760 817
760 832
760 876
760 880
760 882
760 912
760 920
760 929
760 956
760 963
760 970
761 809
762 779
762 798
762 829
762 836
762 840
762 850
762 857
762 878
762 886
762 904
762 957
762 972
763 771
763 802
763 807
763 814
763 819
763 865
763 875
763 910
763 921
763 942
763 950
764 808
764 842
764 867
764 871
764 883
764 909
764 937
764 945
764 958
764 965
764 971
764 974
764 976
764 998
765 770
765 847
765 859
765 896
765 914
766 775
766 846
766 874
766 887
766 889
766 895
766 944
766 983
766 987
766 995
766 996
766 1000
767 804
767 845
767 848
767 851
767 870
767 949
768 801
768 806
768 913
768 916
768 923
768 966
770 835
770 847
770 859
770 896
770 914
771 783
771 796
771 802
771 807
771 814
771 819
771 838
771 865
771 875
771 892
771 942
771 943
772 787
772 813
772 818
772 839
772 841
772 936
772 955
772 961
773 782
773 846
773 874
773 887
773 889
773 895
773 983
773 987
773 994
773 995
773 996
773 1000
774 775
774 846
774 855
774 874
774 887
774 889
774 895
774 951
774 975
774 983
774 987
774 996
775 794
775 887
775 889
775 944
775 975
775 994
775 995
775 996
775 1000
776 788
776 792
776 821
776 826
776 860
776 872
776 898
776 911
776 919
776 925
776 931
776 940
777 793
777 795
777 830
777 978
777 985
777 986
777 988
777 989
777 990
777 991
777 992
777 993
777 999
778 938
779 798
779 836
779 840
779 850
779 857
779 878
779 886
779 904
779 957
779 972
780 822
780 831
780 833
780 842
780 867
780 883
780 909
780 937
780 945
780 964
780 965
780 971
780 974
780 976
780 998
782 825
782 868
782 889
782 944
782 975
782 983
782 987
782 994
782 995
782 1000
783 796
783 802
783 807
783 819
783 838
783 865
783 869
783 885
783 910
783 921
783 942
783 943
783 950
784 791
784 932
784 952
785 789
785 817
785 832
785 863
785 876
785 880
785 882
785 912
785 920
785 929
785 954
785 956
785 970
786 810
786 811
786 834
786 866
786 879
786 884
786 893
786 897
786 903
786 906
787 813
787 818
787 839
787 841
787 936
787 955
787 961
788 792
788 800
788 821
788 826
788 844
788 872
788 898
788 911
788 919
788 925
788 940
789 817
789 863
789 876
789 882
789 920
789 929
789 954
789 963
789 970
790 794
790 846
790 849
790 874
790 887
790 889
790 944
790 951
790 975
790 983
790 995
790 1000
791 932
791 952
792 800
792 826
792 844
792 860
792 872
792 898
792 919
792 925
792 931
792 940
793 795
793 830
793 978
793 985
793 986
793 988
793 989
793 990
793 991
793 992
793 993
793 999
794 843
794 846
794 849
794 868
794 887
794 895
794 951
794 975
794 983
794 987
794 1000
795 830
795 978
795 985
795 986
795 988
795 989
795 990
795 991
795 992
795 993
795 999
796 814
796 865
796 875
796 885
796 892
796 921
796 942
796 943
796 950
798 829
798 836
798 840
798 850
798 857
798 878
798 886
798 904
798 957
798 972
799 853
799 922
799 928
799 939
799 959
800 821
800 826
800 844
800 860
800 872
800 898
800 911
800 919
800 925
800 931
800 940
801 806
801 913
801 916
801 923
801 966
802 807
802 814
802 819
802 885
802 892
802 910
802 943
802 950
803 899
803 933
804 845
804 848
804 851
804 870
804 949
805 815
805 820
805 852
805 877
805 890
805 924
805 946
806 913
806 916
806 923
806 966
807 838
807 885
807 892
807 910
807 921
807 943
807 950
808 831
808 842
808 871
808 937
808 945
808 958
808 964
808 965
808 971
808 974
808 976
808 998
810 811
810 834
810 866
810 879
810 884
810 893
810 897
810 903
810 906
811 834
811 866
811 879
811 884
811 893
811 897
811 903
811 906
812 854
812 856
812 888
812 908
812 918
812 934
812 935
813 839
813 841
813 936
813 955
813 961
814 838
814 869
814 875
814 885
814 892
814 910
814 921
814 942
814 950
815 820
815 852
815 877
815 890
815 924
815 946
816 891
816 901
816 941
816 969
816 977
816 979
816 980
816 982
816 984
817 863
817 880
817 882
817 912
817 920
817 929
817 954
817 956
817 963
817 970
818 839
818 841
818 936
818 955
818 961
819 838
819 869
819 892
819 910
819 943
819 950
820 852
820 877
820 890
820 924
820 946
821 826
821 844
821 860
821 872
821 898
821 911
821 925
821 931
821 940
822 831
822 833
822 867
822 871
822 883
822 909
822 937
822 958
822 964
822 965
822 974
822 976
822 998
824 891
824 960
824 967
824 969
824 977
824 979
824 982
824 997
825 846
825 849
825 874
825 889
825 895
825 983
825 994
825 995
825 996
825 1000
826 844
826 860
826 872
826 898
826 911
826 919
826 925
826 940
828 905
828 962
829 836
829 840
829 850
829 857
829 878
829 904
829 957
829 972
830 978
830 985
830 986
830 988
830 989
830 990
830 991
830 992
830 993
830 999
831 833
831 842
831 867
831 871
831 883
831 909
831 937
831 945
831 958
831 964
831 965
831 974
832 863
832 876
832 880
832 912
832 920
832 929
832 954
832 956
832 963
832 970
833 871
833 883
833 909
833 937
833 945
833 958
833 964
833 974
833 976
833 998
834 866
834 879
834 884
834 893
834 897
834 903
834 906
835 847
835 859
835 896
835 914
836 840
836 850
836 857
836 878
836 886
836 904
836 957
836 972
838 869
838 875
838 885
838 942
838 943
838 950
839 841
839 936
839 955
839 961
840 850
840 857
840 878
840 886
840 904
840 957
840 972
841 936
841 955
841 961
842 867
842 871
842 883
842 937
842 958
842 964
842 965
842 971
842 998
843 849
843 868
843 874
843 895
843 951
843 975
843 983
843 994
843 995
843 996
843 1000
844 860
844 872
844 898
844 911
844 919
844 925
844 931
845 851
845 870
845 949
846 855
846 889
846 895
846 951
846 975
846 983
846 987
846 994
846 995
846 996
847 859
847 896
847 914
848 851
848 870
848 949
849 855
849 868
849 874
849 889
849 944
849 975
849 994
849 995
849 996
850 857
850 878
850 886
850 904
850 957
850 972
851 870
851 949
852 877
852 890
852 924
852 946
853 922
853 928
853 939
853 959
854 856
854 862
854 908
854 918
854 934
854 935
855 868
855 874
855 887
855 944
855 951
855 975
855 983
855 987
855 994
855 996
855 1000
856 862
856 888
856 908
856 918
856 934
856 935
857 878
857 886
857 904
857 957
857 972
859 896
859 914
860 898
860 919
860 925
860 931
860 940
862 888
862 908
862 918
862 934
862 935
863 876
863 880
863 882
863 912
863 929
863 954
863 956
863 963
863 970
864 947
865 869
865 875
865 885
865 892
865 910
865 921
865 943
865 950
866 879
866 884
866 893
866 897
866 903
866 906
867 871
867 883
867 909
867 937
867 964
867 965
867 974
867 976
867 998
868 889
868 895
868 951
868 975
868 983
868 987
868 994
868 995
868 996
868 1000
869 875
869 885
869 892
869 910
869 921
869 942
869 943
869 950
870 949
871 883
871 909
871 937
871 945
871 958
871 964
871 965
871 971
871 974
871 976
871 998
872 898
872 911
872 919
872 925
872 931
872 940
874 889
874 944
874 983
874 987
874 994
874 995
875 885
875 892
875 910
875 921
875 942
875 943
875 950
876 880
876 882
876 912
876 929
876 954
876 956
876 963
876 970
877 890
877 924
877 946
878 886
878 904
878 957
878 972
879 884
879 893
879 897
879 903
879 906
880 882
880 920
880 929
880 954
880 956
880 963
880 970
882 912
882 920
882 929
882 954
882 956
882 963
882 970
883 909
883 945
883 958
883 964
883 965
883 971
883 974
883 976
883 998
884 893
884 897
884 903
884 906
885 910
885 942
885 943
885 950
886 904
886 957
886 972
887 951
887 975
887 987
888 908
888 918
888 934
888 935
889 895
889 944
889 975
889 994
889 995
889 996
890 924
890 946
891 901
891 917
891 941
891 960
891 967
891 969
891 980
891 981
891 984
891 997
892 942
892 943
893 897
893 903
893 906
895 944
895 951
895 975
895 994
895 996
896 914
897 903
897 906
898 911
898 919
898 925
898 931
898 940
899 933
901 917
901 941
901 960
901 967
901 977
901 979
901 980
901 981
901 982
901 984
901 997
902 973
903 906
904 957
904 972
905 962
908 918
908 934
908 935
909 937
909 945
909 964
909 965
909 971
909 974
909 976
909 998
910 943
911 919
911 925
911 931
911 940
912 920
912 929
912 954
912 956
912 963
912 970
913 916
913 923
913 966
916 923
916 966
917 960
917 967
917 969
917 977
917 980
917 981
917 984
917 997
918 934
918 935
919 925
919 931
919 940
920 929
920 954
920 956
920 963
920 970
921 942
921 950
922 928
922 939
922 959
923 966
924 946
925 931
925 940
927 941
927 967
927 969
927 977
927 979
927 980
927 981
927 982
927 984
927 997
928 939
928 959
929 954
929 956
929 963
929 970
931 940
932 952
934 935
936 955
936 961
937 945
937 958
937 964
937 965
937 971
937 974
937 976
937 998
939 959
941 960
941 967
941 969
941 977
941 980
941 982
941 984
941 997
942 943
942 950
943 950
944 951
944 975
944 983
944 987
944 994
944 995
944 996
945 958
945 964
945 965
945 971
945 976
945 998
951 983
951 994
951 1000
954 956
954 963
954 970
955 961
956 963
956 970
957 972
958 964
958 965
958 971
958 974
958 976
958 998
960 967
960 969
960 977
960 979
960 980
960 981
960 982
960 984
960 997
963 970
964 965
964 971
964 976
964 998
965 971
965 974
965 976
965 998
967 969
967 980
967 981
967 982
967 984
969 977
969 979
969 981
969 982
969 997
971 974
971 976
974 976
974 998
975 983
975 987
975 994
975 995
975 1000
976 998
977 979
977 980
977 981
977 984
977 997
978 985
978 986
978 988
978 989
978 990
978 991
978 992
978 993
978 999
979 980
979 981
979 982
979 997
980 982
980 997
981 982
981 984
981 997
982 984
982 997
983 987
983 996
983 1000
985 986
985 988
985 989
985 990
985 991
985 992
985 993
985 999
986 988
986 989
986 990
986 991
986 992
986 993
986 999
987 994
987 995
987 996
987 1000
988 989
988 990
988 991
988 992
988 993
988 999
989 990
989 991
989 992
989 993
989 999
990 991
990 992
990 993
990 999
991 992
991 993
991 999
992 993
992 999
993 999
994 995
994 1000
995 996
995 1000
996 1000
