1 335
1 394
1 452
1 484
1 494
1 508
1 583
1 734
1 758
1 778
2 110
2 610
2 618
2 725
2 736
2 767
2 845
2 851
2 870
2 949
3 440
3 575
3 622
3 669
3 691
3 767
3 804
3 845
3 851
3 949
4 123
4 191
4 230
4 236
4 263
4 393
4 510
4 769
5 570
5 624
5 749
5 874
5 900
5 948
5 953
5 975
5 987
5 996
6 747
6 783
6 796
6 802
6 865
6 869
6 921
6 942
6 943
6 950
7 537
7 613
7 786
7 834
7 866
7 879
7 884
7 897
7 903
7 906
8 637
8 650
8 659
8 700
8 704
8 730
8 743
8 784
8 791
8 952
9 38
9 47
9 181
9 218
9 385
9 418
9 479
9 511
9 827
9 864
10 285
10 428
10 528
10 542
10 587
10 614
10 667
10 708
10 899
10 933
11 66
11 447
11 651
11 742
11 745
11 941
11 960
11 967
11 982
11 997
12 272
12 549
12 654
12 762
12 836
12 850
12 857
12 904
12 957
12 972
13 255
13 543
13 563
13 641
13 644
13 688
13 694
13 703
13 722
13 837
14 274
14 480
14 656
14 799
14 853
14 881
14 915
14 922
14 926
14 939
15 337
15 361
15 687
15 768
15 773
15 801
15 806
15 923
15 924
15 966
16 626
16 692
16 713
16 744
16 805
16 815
16 820
16 852
16 877
16 946
17 237
17 321
17 462
17 513
17 592
17 612
17 739
17 759
17 848
17 911
18 601
18 608
18 821
18 860
18 872
18 898
18 919
18 925
18 931
18 940
19 194
19 394
19 452
19 484
19 494
19 508
19 583
19 734
19 758
19 778
20 285
20 428
20 528
20 542
20 587
20 614
20 667
20 708
20 899
20 933
21 54
21 97
22 259
22 428
22 528
22 542
22 587
22 614
22 667
22 708
22 899
22 933
23 76
23 121
23 229
23 292
23 359
23 404
23 631
23 760
23 823
23 856
24 436
24 459
24 724
24 867
24 871
24 883
24 945
24 958
24 974
24 976
25 279
25 304
25 462
25 513
25 592
25 612
25 739
25 759
25 848
25 911
26 38
26 47
26 181
26 218
26 385
26 418
26 479
26 511
26 827
26 864
27 67
27 71
27 379
27 585
27 586
27 757
27 761
27 803
27 809
27 962
28 53
28 186
28 267
28 276
28 315
28 334
28 342
28 695
28 894
28 979
29 596
29 665
29 686
29 775
29 874
29 948
29 953
29 987
29 995
29 996
30 255
30 451
30 473
30 563
30 594
30 644
30 668
30 688
30 731
30 837
31 187
31 224
31 379
31 585
31 586
31 757
31 761
31 803
31 809
31 962
32 333
32 706
32 766
32 774
32 825
32 944
32 953
32 983
32 995
32 1000
33 506
33 595
33 709
33 772
33 787
33 813
33 818
33 839
33 936
33 955
34 407
34 559
34 752
34 883
34 937
34 958
34 964
34 971
34 974
34 998
35 978
35 985
35 986
35 988
35 989
35 990
35 991
35 992
35 993
35 999
36 137
36 153
36 501
36 540
36 765
36 859
36 896
36 914
36 928
36 947
37 670
37 701
37 817
37 832
37 880
37 920
37 954
37 956
37 963
37 970
38 181
38 218
38 385
38 418
38 479
38 511
38 827
38 864
39 891
39 901
39 927
39 941
39 977
39 980
39 981
39 982
39 984
39 997
40 110
40 575
40 622
40 736
40 751
40 804
40 845
40 851
40 870
40 949
41 492
41 502
41 517
41 553
41 565
41 569
41 632
41 693
41 890
42 779
42 798
42 840
42 850
42 857
42 878
42 886
42 904
42 957
42 972
43 112
43 366
43 441
43 519
43 559
43 746
43 945
43 974
43 976
43 998
44 288
44 539
44 559
44 842
44 861
44 958
44 964
44 971
44 974
44 976
45 162
45 293
45 369
45 564
45 640
45 770
45 896
45 914
45 928
45 947
46 978
46 985
46 986
46 988
46 989
46 990
46 991
46 992
46 993
46 999
47 181
47 218
47 385
47 418
47 479
47 511
47 827
47 864
48 609
48 638
48 661
48 747
48 755
48 763
48 802
48 910
48 943
48 950
49 678
49 753
49 812
49 854
49 862
49 888
49 908
49 918
49 934
49 935
50 147
50 180
50 658
50 746
50 752
50 781
50 833
50 842
50 964
50 965
51 676
51 684
51 776
51 800
51 844
51 860
51 919
51 925
51 931
51 940
52 345
52 462
52 513
52 592
52 612
52 739
52 759
52 848
52 911
53 58
53 117
53 164
53 186
53 346
53 529
53 695
53 894
53 979
54 97
55 442
55 449
55 538
55 599
55 718
55 776
55 792
55 898
55 925
55 931
56 265
56 685
56 714
56 719
56 853
56 881
56 915
56 922
56 926
56 939
57 244
57 368
57 451
57 475
57 563
57 644
57 694
57 722
57 731
57 837
58 164
58 220
58 250
58 315
58 334
58 529
58 695
58 894
58 979
59 480
59 573
59 655
59 714
59 799
59 881
59 915
59 922
59 926
59 939
60 338
60 448
60 620
60 622
60 669
60 691
60 767
60 851
60 870
60 949
61 401
61 643
61 728
61 747
61 865
61 869
61 910
61 921
61 942
61 943
62 526
62 670
62 817
62 863
62 876
62 920
62 954
62 956
62 963
62 970
63 139
63 421
63 653
63 741
63 775
63 846
63 868
63 889
63 900
63 975
64 131
64 207
64 227
64 260
64 390
64 504
64 961
65 324
65 394
65 452
65 484
65 494
65 508
65 583
65 734
65 758
65 778
66 69
66 437
66 907
66 917
66 941
66 967
66 977
66 980
66 982
67 165
67 486
67 523
67 532
67 550
67 712
67 740
67 930
67 959
68 533
68 573
68 655
68 685
68 702
68 881
68 915
68 922
68 926
68 939
69 589
69 891
69 907
69 969
69 977
69 980
69 982
69 984
69 997
70 155
70 301
70 376
70 527
70 727
70 796
70 807
70 814
70 885
70 892
71 187
71 379
71 585
71 586
71 757
71 761
71 803
71 809
71 962
72 463
72 558
72 606
72 698
72 790
72 843
72 948
72 953
72 987
72 996
73 978
73 985
73 986
73 988
73 989
73 990
73 991
73 992
73 993
73 999
74 337
74 605
74 738
74 768
74 801
74 913
74 916
74 923
74 924
74 966
75 362
75 368
75 473
75 475
75 543
75 644
75 688
75 703
75 722
75 837
76 125
76 275
76 359
76 378
76 404
76 631
76 760
76 823
76 856
77 92
77 503
77 746
77 842
77 861
77 867
77 937
77 945
77 964
77 965
78 245
78 440
78 476
78 575
78 691
78 736
78 751
78 851
78 870
78 949
79 289
79 361
79 382
79 384
79 764
79 768
79 913
79 916
79 923
79 966
80 978
80 985
80 986
80 988
80 989
80 990
80 991
80 992
80 993
80 999
81 84
81 150
81 212
81 295
81 562
81 847
81 858
82 509
82 696
82 709
82 748
82 787
82 813
82 818
82 839
82 936
82 955
83 507
83 678
83 753
83 841
83 854
83 888
83 908
83 918
83 934
83 935
84 150
84 212
84 295
84 562
84 847
84 858
85 384
85 623
85 687
85 764
85 806
85 913
85 916
85 923
85 924
85 966
86 153
86 474
86 551
86 564
86 640
86 859
86 896
86 914
86 928
86 947
87 520
87 684
87 792
87 826
87 844
87 898
87 919
87 925
87 931
87 940
88 299
88 540
88 564
88 630
88 716
88 835
88 896
88 914
88 928
88 947
89 333
89 438
89 558
89 720
89 749
89 868
89 873
89 900
89 995
89 996
90 194
90 339
90 348
90 484
90 494
90 508
90 583
90 734
90 758
90 778
91 650
91 674
91 675
91 700
91 704
91 730
91 743
91 784
91 791
91 952
92 519
92 780
92 808
92 822
92 833
92 937
92 971
92 976
92 998
93 369
93 564
93 770
93 810
93 835
93 859
93 896
93 914
93 928
93 947
94 597
94 616
94 715
94 748
94 787
94 813
94 818
94 839
94 936
94 955
95 676
95 788
95 792
95 800
95 821
95 860
95 872
95 898
95 919
95 925
96 335
96 348
96 394
96 484
96 494
96 508
96 583
96 734
96 758
96 778
98 403
98 656
98 719
98 799
98 853
98 881
98 915
98 922
98 926
98 939
99 309
99 536
99 789
99 832
99 876
99 882
99 954
99 956
99 963
99 970
100 540
100 640
100 716
100 810
100 835
100 859
100 896
100 914
100 928
100 947
101 338
101 547
101 610
101 622
101 669
101 736
101 804
101 845
101 851
101 949
102 505
102 584
102 706
102 735
102 849
102 951
102 987
102 995
102 996
102 1000
103 164
103 220
103 250
103 267
103 276
103 315
103 529
103 695
103 894
103 979
104 445
104 487
104 824
104 891
104 927
104 941
104 969
104 980
104 981
104 984
105 361
105 413
105 603
105 764
105 801
105 806
105 913
105 923
105 924
105 966
106 558
106 606
106 645
106 666
106 699
106 726
106 749
106 756
106 975
106 983
107 637
107 659
107 674
107 675
107 700
107 704
107 730
107 743
107 784
107 791
107 952
108 624
108 756
108 766
108 775
108 855
108 868
108 874
108 887
108 944
108 948
108 953
109 244
109 368
109 473
109 543
109 594
109 641
109 668
109 694
109 703
109 722
109 837
110 190
110 547
110 620
110 622
110 669
110 691
110 767
110 845
110 949
111 410
111 582
111 643
111 763
111 771
111 783
111 819
111 838
111 885
111 910
111 921
112 302
112 615
112 625
112 652
112 842
112 871
112 883
112 958
112 964
112 974
113 159
113 233
113 436
113 539
113 652
113 682
113 746
113 871
113 909
113 958
113 998
114 505
114 588
114 624
114 666
114 698
114 889
114 900
114 968
114 975
114 994
114 995
115 121
115 125
115 183
115 229
115 292
115 378
115 404
115 631
115 760
115 823
115 856
116 245
116 443
116 547
116 575
116 622
116 751
116 804
116 845
116 851
116 870
116 949
117 164
117 216
117 220
117 250
117 276
117 529
117 695
117 894
117 979
118 483
118 541
118 721
118 834
118 866
118 879
118 884
118 893
118 897
118 903
118 906
119 637
119 659
119 674
119 675
119 700
119 704
119 730
119 743
119 784
119 791
119 952
120 138
120 169
120 224
120 379
120 585
120 586
120 757
120 761
120 803
120 809
120 962
121 125
121 229
121 292
121 359
121 378
121 631
121 760
121 823
121 856
122 422
122 652
122 664
122 682
122 746
122 871
122 883
122 909
122 945
122 965
122 976
123 191
123 230
123 236
123 263
123 393
123 510
123 769
124 650
124 659
124 674
124 675
124 700
124 704
124 730
124 743
124 784
124 791
124 952
125 292
125 359
125 378
125 404
125 631
125 760
125 823
125 856
126 314
126 383
126 520
126 776
126 788
126 792
126 872
126 919
126 925
126 931
126 940
127 634
127 785
127 817
127 863
127 876
127 912
127 929
127 954
127 956
127 963
127 970
128 265
128 300
128 685
128 702
128 799
128 853
128 881
128 915
128 922
128 926
128 939
129 248
129 620
129 622
129 669
129 751
129 767
129 804
129 845
129 851
129 870
129 949
130 427
130 495
130 679
130 732
130 786
130 811
130 879
130 884
130 897
130 903
131 207
131 227
131 260
131 390
131 504
131 961
132 336
132 361
132 384
132 544
132 623
132 768
132 801
132 806
132 913
132 916
132 966
133 699
133 726
133 846
133 868
133 887
133 889
133 944
133 948
133 951
133 983
133 987
134 232
134 234
134 238
134 467
134 482
134 499
134 521
134 619
134 673
134 707
134 973
135 264
135 388
135 723
135 747
135 783
135 807
135 814
135 875
135 892
135 942
135 950
136 447
136 651
136 891
136 901
136 941
136 960
136 967
136 981
136 982
136 984
136 997
137 252
137 293
137 571
137 770
137 835
137 859
137 896
137 914
137 928
137 947
138 169
138 224
138 379
138 585
138 586
138 757
138 761
138 803
138 809
138 962
139 287
139 629
139 665
139 749
139 797
139 843
139 873
139 887
139 983
139 996
140 213
140 361
140 548
140 623
140 671
140 687
140 738
140 773
140 923
140 924
140 966
141 176
141 552
141 599
141 676
141 684
141 800
141 860
141 919
141 925
141 931
141 940
142 595
142 660
142 696
142 715
142 772
142 787
142 813
142 818
142 839
142 936
142 955
143 246
143 311
143 768
143 773
143 801
143 806
143 913
143 916
143 923
143 924
143 966
144 328
144 552
144 705
144 788
144 821
144 872
144 898
144 919
144 925
144 931
144 940
145 286
145 311
145 364
145 623
145 671
145 687
145 738
145 806
145 916
145 924
145 966
146 938
146 978
146 985
146 986
146 988
146 989
146 990
146 991
146 992
146 993
146 999
147 219
147 242
147 503
147 831
147 861
147 883
147 974
147 976
147 998
148 257
148 548
148 603
148 623
148 768
148 801
148 913
148 916
148 923
148 924
148 966
149 443
149 518
149 610
149 618
149 725
149 751
149 767
149 804
149 845
149 870
149 949
150 212
150 295
150 562
150 847
150 858
151 682
151 724
151 781
151 833
151 861
151 871
151 945
151 964
151 971
151 976
151 998
152 303
152 333
152 706
152 825
152 855
152 873
152 944
152 948
152 975
152 983
152 1000
153 299
153 349
153 423
153 540
153 859
153 896
153 914
153 928
153 947
154 255
154 414
154 451
154 543
154 563
154 594
154 641
154 644
154 694
154 722
154 837
155 609
155 643
155 727
155 755
155 771
155 796
155 802
155 921
155 943
155 950
156 383
156 633
156 776
156 788
156 792
156 826
156 844
156 898
156 925
156 931
156 940
157 221
157 388
157 555
157 582
157 710
157 814
157 838
157 910
157 921
157 943
157 950
158 682
158 724
158 781
158 808
158 822
158 883
158 945
158 964
158 965
158 974
158 998
159 664
159 754
159 833
159 883
159 909
159 958
159 965
159 971
159 974
159 998
160 255
160 326
160 386
160 473
160 594
160 668
160 688
160 694
160 703
160 722
160 837
161 299
161 320
161 349
161 630
161 640
161 810
161 835
161 896
161 914
161 928
161 947
162 365
162 501
162 571
162 716
162 810
162 835
162 896
162 914
162 928
162 947
163 808
163 833
163 842
163 871
163 909
163 937
163 964
163 965
163 974
163 976
163 998
164 267
164 276
164 346
164 529
164 695
164 894
164 979
165 486
165 523
165 532
165 550
165 712
165 740
165 930
165 959
166 366
166 580
166 724
166 780
166 833
166 861
166 909
166 945
166 958
166 964
166 971
167 432
167 458
167 635
167 701
167 882
167 912
167 920
167 929
167 956
167 963
167 970
168 299
168 564
168 630
168 716
168 765
168 835
168 859
168 896
168 914
168 928
168 947
169 187
169 224
169 585
169 586
169 757
169 761
169 803
169 809
169 962
170 173
170 434
170 516
170 678
170 689
170 854
170 888
170 908
170 918
170 934
170 935
171 369
171 423
171 474
171 571
171 640
171 810
171 835
171 859
171 914
171 928
171 947
172 208
172 579
172 727
172 807
172 838
172 865
172 869
172 892
172 910
172 921
172 942
173 493
173 729
173 812
173 854
173 862
173 888
173 908
173 918
173 934
173 935
174 416
174 495
174 604
174 683
174 732
174 866
174 879
174 893
174 897
174 903
174 906
175 274
175 656
175 702
175 719
175 799
175 853
175 881
175 915
175 922
175 926
175 939
176 383
176 676
176 718
176 800
176 821
176 826
176 844
176 898
176 925
176 940
177 616
177 696
177 709
177 748
177 772
177 787
177 813
177 818
177 839
177 936
177 955
178 365
178 423
178 474
178 630
178 716
178 765
178 770
178 810
178 896
178 928
178 947
179 199
179 222
179 261
179 381
179 591
179 647
179 677
179 828
179 905
180 366
180 724
180 780
180 808
180 822
180 871
180 937
180 945
180 958
180 964
181 218
181 385
181 418
181 479
181 511
181 827
181 864
182 406
182 507
182 515
182 557
182 841
182 862
182 888
182 908
182 918
182 934
182 935
183 229
183 275
183 292
183 359
183 378
183 404
183 631
183 760
183 823
183 856
184 193
184 665
184 697
184 706
184 726
184 749
184 846
184 895
184 900
184 996
184 1000
185 408
185 424
185 447
185 488
185 816
185 901
185 927
185 969
185 981
185 982
185 997
186 216
186 276
186 315
186 334
186 342
186 529
186 695
186 894
186 979
187 379
187 585
187 586
187 757
187 761
187 803
187 809
187 962
188 424
188 437
188 742
188 816
188 960
188 967
188 977
188 981
188 982
188 984
188 997
189 627
189 824
189 891
189 901
189 907
189 917
189 960
189 977
189 981
189 982
189 984
190 197
190 329
190 440
190 518
190 547
190 622
190 691
190 845
190 870
190 949
191 230
191 236
191 263
191 393
191 510
191 769
192 214
192 325
192 382
192 605
192 623
192 687
192 913
192 916
192 923
192 924
192 966
193 600
193 666
193 790
193 874
193 895
193 900
193 968
193 975
193 983
193 987
194 324
194 339
194 348
194 484
194 494
194 583
194 734
194 758
194 778
195 409
195 450
195 742
195 816
195 891
195 917
195 960
195 967
195 980
195 981
195 982
196 210
196 488
196 561
196 627
196 891
196 967
196 969
196 980
196 981
196 984
196 997
197 248
197 338
197 518
197 618
197 669
197 725
197 751
197 804
197 851
197 949
198 403
198 533
198 685
198 719
198 799
198 853
198 881
198 915
198 922
198 926
198 939
199 222
199 261
199 381
199 591
199 647
199 677
199 828
199 905
200 317
200 545
200 745
200 901
200 907
200 917
200 941
200 960
200 977
200 982
200 984
201 901
201 907
201 917
201 927
201 941
201 960
201 977
201 980
201 981
201 984
201 997
202 226
202 464
202 492
202 502
202 517
202 553
202 565
202 569
202 632
202 693
202 890
203 408
203 522
203 627
203 901
203 907
203 960
203 967
203 969
203 980
203 982
203 984
204 422
204 780
204 822
204 861
204 937
204 945
204 958
204 964
204 965
204 971
204 974
205 512
205 690
205 824
205 891
205 907
205 927
205 941
205 967
205 977
205 981
205 982
206 225
206 626
206 692
206 713
206 744
206 805
206 815
206 820
206 852
206 877
206 946
207 227
207 260
207 390
207 504
207 961
208 301
208 783
208 865
208 869
208 875
208 892
208 910
208 942
208 943
208 950
209 524
209 533
209 573
209 655
209 714
209 853
209 881
209 915
209 922
209 926
209 939
210 431
210 545
210 745
210 901
210 902
210 917
210 969
210 977
210 982
210 997
211 294
211 356
211 507
211 678
211 812
211 841
211 862
211 908
211 918
211 934
211 935
212 295
212 562
212 847
212 858
213 364
213 413
213 544
213 671
213 764
213 773
213 913
213 916
213 923
213 924
213 966
214 286
214 289
214 336
214 544
214 738
214 764
214 768
214 806
214 916
214 923
214 966
215 331
215 617
215 741
215 775
215 782
215 843
215 846
215 855
215 873
215 889
215 968
215 995
216 220
216 250
216 315
216 334
216 342
216 346
216 529
216 695
216 894
216 979
217 637
217 650
217 659
217 674
217 675
217 700
217 704
217 730
217 743
217 784
217 791
217 952
218 385
218 418
218 479
218 511
218 827
218 864
219 366
219 658
219 822
219 833
219 842
219 861
219 871
219 964
219 965
219 971
219 998
220 315
220 334
220 342
220 346
220 529
220 695
220 894
220 979
221 243
221 376
221 560
221 609
221 611
221 755
221 819
221 838
221 875
221 892
221 950
222 261
222 381
222 591
222 647
222 677
222 828
222 905
223 461
223 466
223 655
223 656
223 685
223 702
223 853
223 881
223 915
223 922
223 926
223 939
224 379
224 585
224 586
224 757
224 761
224 803
224 809
224 962
225 546
225 626
225 692
225 713
225 744
225 805
225 815
225 820
225 852
225 877
225 946
226 372
226 464
226 492
226 502
226 517
226 553
226 565
226 569
226 632
226 693
226 890
227 260
227 390
227 504
227 961
228 259
228 285
228 428
228 528
228 542
228 587
228 614
228 667
228 708
228 899
228 933
229 275
229 359
229 378
229 404
229 631
229 760
229 823
229 856
230 236
230 263
230 393
230 510
230 769
231 637
231 650
231 659
231 674
231 675
231 700
231 704
231 730
231 743
231 784
231 791
231 952
232 234
232 238
232 307
232 358
232 467
232 482
232 521
232 619
232 673
232 707
232 973
233 371
233 407
233 459
233 580
233 625
233 867
233 937
233 964
233 974
233 976
233 998
234 322
234 347
234 352
234 358
234 499
234 521
234 619
234 673
234 707
234 973
235 307
235 322
235 347
235 351
235 352
235 358
235 499
235 521
235 619
235 673
235 707
235 973
236 263
236 393
236 510
236 769
237 304
237 321
237 345
237 462
237 513
237 592
237 612
237 739
237 759
237 848
237 911
238 322
238 351
238 467
238 482
238 499
238 521
238 619
238 673
238 707
238 973
239 287
239 657
239 749
239 825
239 846
239 868
239 948
239 951
239 953
239 975
239 983
239 996
240 580
240 658
240 752
240 883
240 909
240 937
240 945
240 964
240 965
240 971
240 976
240 998
241 520
241 684
241 718
241 800
241 826
241 844
241 860
241 872
241 919
241 925
241 931
241 940
242 652
242 664
242 780
242 822
242 909
242 945
242 958
242 964
242 965
242 971
242 998
243 621
243 663
243 807
243 814
243 838
243 865
243 869
243 875
243 892
243 921
243 942
244 319
244 326
244 368
244 473
244 543
244 594
244 641
244 668
244 688
244 837
245 329
245 448
245 530
245 610
245 725
245 767
245 804
245 851
245 870
245 949
246 257
246 286
246 605
246 687
246 738
246 764
246 773
246 913
246 916
246 923
246 966
247 398
247 595
247 660
247 696
247 715
247 748
247 787
247 813
247 818
247 839
247 936
247 955
248 476
248 618
248 620
248 669
248 751
248 804
248 845
248 851
248 870
248 949
249 536
249 648
249 863
249 880
249 882
249 912
249 920
249 929
249 954
249 956
249 963
249 970
250 267
250 276
250 334
250 342
250 529
250 695
250 894
250 979
251 525
251 554
251 600
251 720
251 766
251 775
251 797
251 825
251 951
251 983
251 995
251 1000
252 369
252 551
252 630
252 765
252 770
252 810
252 859
252 896
252 914
252 928
252 947
253 403
253 480
253 655
253 702
253 714
253 719
253 799
253 853
253 915
253 922
253 926
253 939
254 436
254 636
254 658
254 664
254 808
254 867
254 883
254 937
254 964
254 971
254 976
254 998
255 319
255 362
255 594
255 644
255 668
255 694
255 703
255 837
256 637
256 650
256 659
256 674
256 675
256 700
256 704
256 730
256 743
256 784
256 791
256 952
257 325
257 384
257 491
257 801
257 806
257 913
257 916
257 923
257 924
257 966
258 478
258 779
258 798
258 829
258 836
258 840
258 850
258 878
258 886
258 904
258 957
258 972
259 285
259 428
259 528
259 542
259 587
259 614
259 667
259 708
259 899
259 933
260 390
260 504
260 961
261 381
261 591
261 647
261 677
261 828
261 905
262 333
262 584
262 646
262 855
262 889
262 900
262 951
262 968
262 975
262 987
262 995
262 996
263 393
263 510
263 769
264 376
264 387
264 710
264 723
264 728
264 783
264 875
264 910
264 942
264 943
264 950
265 300
265 573
265 656
265 685
265 714
265 881
265 915
265 922
265 926
265 939
266 280
266 737
266 750
266 779
266 829
266 836
266 850
266 857
266 878
266 904
266 957
266 972
267 315
267 334
267 342
267 346
267 529
267 695
267 894
267 979
268 607
268 729
268 812
268 841
268 854
268 862
268 888
268 908
268 918
268 934
268 935
269 635
269 785
269 789
269 863
269 876
269 912
269 920
269 929
269 954
269 956
269 963
269 970
270 453
270 596
270 665
270 686
270 741
270 756
270 775
270 790
270 846
270 944
270 968
270 995
271 412
271 461
271 573
271 655
271 702
271 719
271 853
271 881
271 915
271 922
271 926
271 939
272 556
272 737
272 779
272 829
272 836
272 840
272 850
272 886
272 904
272 957
272 972
273 389
273 570
273 596
273 602
273 629
273 749
273 766
273 797
273 849
273 948
273 953
273 994
274 412
274 655
274 714
274 719
274 799
274 881
274 915
274 922
274 926
274 939
275 292
275 359
275 378
275 404
275 631
275 760
275 823
275 856
276 342
276 346
276 529
276 695
276 894
276 979
277 537
277 604
277 679
277 786
277 834
277 866
277 879
277 884
277 893
277 897
277 903
277 906
278 582
278 611
278 723
278 727
278 802
278 814
278 869
278 885
278 892
278 921
278 942
278 943
279 304
279 321
279 345
279 462
279 513
279 592
279 612
279 739
279 759
279 848
279 911
280 642
280 654
280 737
280 750
280 779
280 836
280 878
280 886
280 904
280 957
280 972
281 469
281 472
281 681
281 683
281 732
281 811
281 866
281 879
281 884
281 893
281 897
281 906
282 458
282 635
282 832
282 863
282 876
282 912
282 920
282 929
282 954
282 956
282 963
282 970
283 570
283 657
283 699
283 735
283 794
283 846
283 855
283 887
283 895
283 983
283 987
283 994
283 1000
284 341
284 588
284 855
284 873
284 874
284 944
284 951
284 953
284 968
284 975
284 983
284 995
284 996
285 428
285 528
285 542
285 587
285 614
285 667
285 708
285 899
285 933
286 491
286 738
286 764
286 768
286 801
286 913
286 916
286 923
286 924
286 966
287 389
287 584
287 629
287 697
287 720
287 756
287 774
287 790
287 849
287 948
287 951
288 371
288 436
288 615
288 652
288 781
288 808
288 833
288 842
288 937
288 958
288 976
288 998
289 311
289 605
289 671
289 687
289 773
289 806
289 913
289 916
289 923
289 924
289 966
290 355
290 561
290 568
290 927
290 960
290 967
290 969
290 977
290 980
290 981
290 982
290 984
290 997
291 419
291 481
291 506
291 696
291 709
291 715
291 748
291 772
291 813
291 818
291 839
291 936
291 955
292 359
292 378
292 404
292 631
292 760
292 823
292 856
293 299
293 501
293 716
293 770
293 810
293 835
293 859
293 896
293 914
293 928
293 947
294 406
294 557
294 729
294 753
294 812
294 854
294 862
294 888
294 908
294 918
294 934
294 935
295 562
295 847
295 858
296 308
296 330
296 372
296 464
296 492
296 502
296 517
296 553
296 565
296 569
296 632
296 693
296 890
297 485
297 498
297 546
297 626
297 692
297 713
297 744
297 805
297 815
297 820
297 852
297 877
297 946
298 412
298 466
298 533
298 685
298 714
298 719
298 799
298 853
298 881
298 915
298 922
298 926
298 939
299 349
299 716
299 770
299 810
299 859
299 896
299 928
299 947
300 461
300 533
300 655
300 685
300 799
300 853
300 881
300 915
300 922
300 926
300 939
301 582
301 611
301 661
301 728
301 763
301 838
301 865
301 910
301 921
301 942
301 950
302 746
302 752
302 822
302 831
302 842
302 861
302 867
302 909
302 945
302 958
302 965
302 998
303 646
303 782
303 843
303 849
303 895
303 900
303 968
303 983
303 994
303 995
303 996
303 1000
304 321
304 345
304 462
304 513
304 592
304 612
304 739
304 759
304 848
304 911
305 539
305 580
305 636
305 639
305 658
305 781
305 808
305 833
305 871
305 909
305 964
305 976
305 998
306 313
306 371
306 514
306 639
306 682
306 724
306 780
306 808
306 909
306 958
306 971
306 976
306 998
307 322
307 358
307 467
307 482
307 499
307 521
307 619
307 673
307 707
307 973
308 330
308 372
308 464
308 492
308 502
308 517
308 553
308 565
308 569
308 632
308 693
308 890
309 670
309 789
309 832
309 880
309 882
309 912
309 920
309 929
309 954
309 956
309 963
309 970
310 373
310 431
310 824
310 902
310 907
310 917
310 927
310 941
310 967
310 981
310 982
310 984
310 997
311 364
311 544
311 548
311 687
311 738
311 773
311 916
311 923
311 924
311 966
312 830
312 932
312 938
312 978
312 985
312 986
312 988
312 989
312 990
312 991
312 992
312 993
312 999
313 411
313 639
313 780
313 822
313 861
313 871
313 909
313 945
313 964
313 971
313 974
313 976
314 676
314 711
314 788
314 792
314 821
314 826
314 872
314 898
314 919
314 925
314 931
314 940
315 342
315 346
315 529
315 695
315 894
315 979
316 598
316 637
316 650
316 659
316 674
316 675
316 700
316 704
316 730
316 743
316 784
316 791
316 952
317 374
317 487
317 566
317 902
317 917
317 927
317 967
317 969
317 977
317 980
317 981
317 984
318 497
318 662
318 701
318 817
318 880
318 882
318 912
318 920
318 929
318 954
318 956
318 963
318 970
319 362
319 386
319 446
319 475
319 563
319 688
319 694
319 703
319 722
319 731
319 837
320 540
320 551
320 571
320 640
320 765
320 810
320 835
320 859
320 896
320 914
320 928
320 947
321 345
321 462
321 513
321 592
321 612
321 739
321 759
321 848
321 911
322 351
322 467
322 482
322 499
322 521
322 619
322 673
322 707
322 973
323 500
323 557
323 689
323 729
323 812
323 841
323 854
323 862
323 888
323 908
323 918
323 934
323 935
324 335
324 339
324 394
324 452
324 484
324 494
324 508
324 583
324 734
324 758
324 778
325 544
325 603
325 687
325 768
325 773
325 806
325 913
325 916
325 923
325 924
325 966
326 362
326 368
326 414
326 563
326 641
326 668
326 688
326 694
326 703
326 722
326 731
327 574
327 672
327 680
327 817
327 863
327 876
327 880
327 920
327 929
327 954
327 956
327 963
327 970
328 705
328 711
328 718
328 788
328 821
328 826
328 844
328 898
328 919
328 925
328 931
328 940
329 338
329 448
329 476
329 618
329 669
329 691
329 736
329 767
329 851
329 870
329 949
330 372
330 464
330 492
330 502
330 517
330 553
330 565
330 569
330 632
330 693
330 890
331 463
331 505
331 699
331 790
331 825
331 843
331 855
331 889
331 944
331 987
331 994
331 995
332 717
332 737
332 762
332 798
332 829
332 836
332 840
332 857
332 878
332 886
332 904
332 957
332 972
333 477
333 600
333 629
333 666
333 895
333 944
333 948
333 953
333 987
334 342
334 346
334 529
334 695
334 894
334 979
335 339
335 348
335 394
335 452
335 484
335 508
335 583
335 734
335 758
335 778
336 337
336 491
336 603
336 671
336 738
336 764
336 768
336 801
336 806
336 924
336 966
337 603
337 623
337 738
337 768
337 773
337 801
337 916
337 923
337 924
337 966
338 530
338 547
338 618
338 669
338 691
338 725
338 751
338 845
338 949
339 348
339 394
339 452
339 484
339 494
339 583
339 734
339 758
339 778
340 595
340 597
340 616
340 696
340 709
340 748
340 772
340 787
340 813
340 818
340 839
340 936
340 955
341 471
341 505
341 567
341 588
341 645
341 653
341 699
341 774
341 900
341 951
341 968
341 995
342 346
342 695
342 894
342 979
343 581
343 642
343 654
343 717
343 762
343 829
343 840
343 850
343 857
343 878
343 886
343 957
343 972
344 534
344 654
344 737
344 798
344 836
344 840
344 850
344 857
344 878
344 886
344 904
344 957
344 972
345 462
345 513
345 592
345 612
345 739
345 759
345 848
345 911
346 529
346 695
346 894
346 979
347 351
347 352
347 358
347 467
347 482
347 499
347 521
347 619
347 673
347 707
347 973
348 394
348 452
348 494
348 508
348 583
348 734
348 758
348 778
349 369
349 551
349 630
349 716
349 765
349 810
349 835
349 914
349 928
349 947
350 389
350 455
350 572
350 588
350 666
350 699
350 726
350 735
350 766
350 794
350 948
350 987
350 1000
351 352
351 358
351 467
351 482
351 499
351 619
351 673
351 707
351 973
352 358
352 467
352 482
352 499
352 521
352 619
352 673
352 707
352 973
353 830
353 932
353 938
353 978
353 985
353 986
353 988
353 989
353 990
353 991
353 992
353 993
353 999
354 534
354 717
354 750
354 779
354 829
354 840
354 850
354 857
354 878
354 886
354 904
354 957
354 972
355 409
355 566
355 816
355 901
355 902
355 927
355 941
355 969
355 977
355 981
355 984
355 997
356 434
356 500
356 507
356 557
356 607
356 812
356 841
356 862
356 888
356 908
356 918
356 934
356 935
357 442
357 449
357 633
357 684
357 718
357 776
357 792
357 826
357 844
357 860
357 872
357 919
357 925
357 940
358 467
358 482
358 521
358 619
358 673
358 707
358 973
359 378
359 404
359 631
359 760
359 823
359 856
360 549
360 556
360 642
360 737
360 750
360 762
360 798
360 829
360 836
360 850
360 886
360 904
360 957
360 972
361 364
361 384
361 773
361 801
361 806
361 913
361 916
361 924
361 966
362 368
362 386
362 473
362 563
362 688
362 694
362 703
362 722
362 731
362 837
363 487
363 522
363 590
363 891
363 901
363 902
363 941
363 967
363 969
363 977
363 980
363 981
363 982
363 997
364 548
364 603
364 671
364 738
364 768
364 913
364 916
364 923
364 924
364 966
365 474
365 551
365 564
365 716
365 765
365 770
365 835
365 859
365 896
365 914
365 928
365 947
366 441
366 559
366 754
366 822
366 867
366 883
366 965
366 971
366 976
366 998
367 435
367 485
367 498
367 546
367 626
367 692
367 713
367 744
367 805
367 815
367 820
367 852
367 877
367 946
368 414
368 446
368 594
368 641
368 694
368 722
368 731
368 837
369 571
369 765
369 770
369 810
369 859
369 896
369 914
369 928
369 947
370 472
370 495
370 541
370 613
370 679
370 786
370 811
370 834
370 866
370 879
370 884
370 893
370 903
370 906
371 411
371 754
371 867
371 909
371 937
371 945
371 964
371 965
371 971
371 974
371 998
372 464
372 492
372 502
372 517
372 553
372 565
372 569
372 632
372 693
372 890
373 425
373 690
373 824
373 902
373 907
373 927
373 960
373 967
373 969
373 977
373 982
373 984
373 997
374 437
374 590
374 690
374 901
374 902
374 907
374 917
374 960
374 967
374 980
374 981
374 982
374 997
375 399
375 472
375 537
375 613
375 681
375 721
375 732
375 786
375 866
375 884
375 893
375 897
375 903
375 906
376 401
376 579
376 755
376 771
376 802
376 807
376 865
376 875
376 885
376 892
376 921
377 549
377 654
377 750
377 762
377 798
377 829
377 836
377 850
377 857
377 878
377 886
377 904
377 957
377 972
378 404
378 631
378 760
378 823
378 856
379 585
379 586
379 757
379 761
379 803
379 809
379 962
380 520
380 633
380 676
380 705
380 711
380 718
380 821
380 826
380 844
380 860
380 872
380 898
380 925
380 931
381 591
381 647
381 677
381 828
381 905
382 384
382 491
382 548
382 605
382 671
382 738
382 801
382 806
382 913
382 916
382 924
382 966
383 535
383 601
383 608
383 705
383 821
383 860
383 872
383 898
383 919
383 925
383 940
384 491
384 623
384 764
384 913
384 916
384 923
384 924
384 966
385 418
385 479
385 511
385 827
385 864
386 398
386 451
386 594
386 641
386 644
386 668
386 694
386 703
386 722
386 731
386 837
387 621
387 643
387 663
387 755
387 783
387 802
387 814
387 819
387 865
387 869
387 921
387 942
387 950
388 410
388 490
388 582
388 621
388 643
388 783
388 796
388 838
388 869
388 875
388 885
388 950
389 471
389 554
389 699
389 735
389 766
389 825
389 887
389 895
389 987
389 995
389 1000
390 504
390 961
391 410
391 555
391 628
391 661
391 728
391 755
391 796
391 802
391 814
391 838
391 875
391 885
391 942
391 943
392 624
392 653
392 720
392 774
392 782
392 790
392 825
392 843
392 849
392 874
392 887
392 953
392 983
392 995
393 510
393 769
394 452
394 508
394 583
394 734
394 758
394 778
395 435
395 485
395 498
395 546
395 626
395 692
395 713
395 744
395 805
395 815
395 820
395 852
395 877
395 946
396 405
396 556
396 737
396 750
396 762
396 779
396 829
396 850
396 857
396 878
396 886
396 904
396 957
396 972
397 476
397 518
397 530
397 610
397 618
397 620
397 725
397 736
397 751
397 804
397 845
397 851
397 870
397 949
398 595
398 616
398 660
398 715
398 772
398 787
398 813
398 818
398 839
398 936
398 955
399 469
399 679
399 681
399 683
399 811
399 834
399 866
399 879
399 884
399 893
399 897
399 903
399 906
400 478
400 482
400 717
400 750
400 779
400 829
400 836
400 840
400 857
400 878
400 886
400 904
400 957
400 972
401 439
401 609
401 621
401 723
401 796
401 814
401 819
401 885
401 892
401 910
401 921
401 943
402 777
402 830
402 932
402 938
402 978
402 985
402 986
402 988
402 989
402 990
402 991
402 992
402 993
402 999
403 533
403 573
403 656
403 685
403 714
403 799
403 853
403 915
403 922
403 926
403 939
404 631
404 760
404 823
404 856
405 654
405 717
405 750
405 779
405 829
405 836
405 840
405 850
405 857
405 878
405 904
405 957
405 972
406 457
406 607
406 729
406 753
406 841
406 854
406 862
406 888
406 908
406 918
406 934
406 935
407 436
407 539
407 615
407 746
407 752
407 808
407 937
407 945
407 958
407 965
407 974
407 998
408 447
408 566
408 742
408 816
408 917
408 941
408 960
408 967
408 977
408 980
408 981
408 997
409 470
409 561
409 891
409 901
409 902
409 927
409 941
409 967
409 969
409 981
409 984
409 997
410 420
410 611
410 723
410 728
410 747
410 783
410 865
410 869
410 910
410 943
410 950
411 559
411 639
411 780
411 822
411 831
411 871
411 883
411 909
411 937
411 964
411 965
411 998
412 533
412 656
412 702
412 719
412 799
412 853
412 881
412 915
412 922
412 926
412 939
413 544
413 548
413 605
413 671
413 738
413 764
413 768
413 773
413 806
413 913
413 924
413 966
414 446
414 451
414 475
414 563
414 594
414 644
414 668
414 688
414 722
414 731
414 837
415 430
415 500
415 689
415 729
415 753
415 812
415 841
415 854
415 862
415 888
415 908
415 918
415 934
415 935
416 483
416 604
416 681
416 721
416 732
416 786
416 811
416 834
416 866
416 884
416 893
416 897
416 903
416 906
417 469
417 472
417 496
417 537
417 721
417 786
417 811
417 834
417 866
417 879
417 884
417 893
417 897
417 903
417 906
418 479
418 511
418 827
418 864
419 481
419 597
419 616
419 660
419 709
419 715
419 748
419 772
419 787
419 813
419 818
419 839
419 936
419 955
420 439
420 527
420 609
420 621
420 638
420 710
420 727
420 747
420 783
420 838
420 865
420 910
420 942
420 943
421 570
421 572
421 697
421 735
421 775
421 790
421 843
421 846
421 887
421 975
421 987
421 994
421 995
421 996
422 580
422 615
422 724
422 822
422 831
422 861
422 871
422 883
422 937
422 965
422 971
422 974
422 998
423 501
423 564
423 640
423 716
423 765
423 770
423 835
423 859
423 896
423 914
423 928
423 947
424 522
424 816
424 901
424 902
424 907
424 917
424 941
424 960
424 977
424 980
424 982
424 984
424 997
425 447
425 522
425 568
425 590
425 651
425 745
425 816
425 902
425 927
425 960
425 967
425 977
425 980
425 997
426 432
426 574
426 672
426 680
426 817
426 876
426 880
426 882
426 912
426 920
426 929
426 954
426 956
426 963
426 970
427 496
427 679
427 681
427 683
427 732
427 786
427 811
427 834
427 879
427 884
427 893
427 897
427 903
427 906
428 528
428 542
428 587
428 614
428 667
428 708
428 899
428 933
429 506
429 509
429 597
429 616
429 660
429 696
429 715
429 748
429 772
429 787
429 813
429 818
429 839
429 936
429 955
430 434
430 468
430 507
430 557
430 729
430 812
430 841
430 854
430 862
430 888
430 908
430 918
430 934
430 935
431 512
431 690
431 824
431 891
431 917
431 960
431 967
431 969
431 977
431 980
431 982
431 984
431 997
432 634
432 648
432 672
432 789
432 832
432 863
432 880
432 912
432 929
432 954
432 956
432 963
432 970
433 455
433 567
433 741
433 774
433 846
433 873
433 874
433 889
433 944
433 948
433 953
433 983
433 994
433 995
433 1000
434 689
434 729
434 753
434 812
434 841
434 854
434 862
434 888
434 908
434 918
434 934
434 935
435 485
435 498
435 546
435 626
435 692
435 713
435 744
435 805
435 815
435 820
435 852
435 877
435 946
436 459
436 503
436 625
436 652
436 867
436 871
436 937
436 958
436 976
436 998
437 487
437 561
437 651
437 891
437 902
437 907
437 967
437 969
437 980
437 981
437 984
437 997
438 572
438 698
438 706
438 726
438 735
438 756
438 790
438 849
438 874
438 895
438 948
438 975
438 987
438 994
439 628
439 643
439 710
439 723
439 727
439 747
439 771
439 796
439 802
439 865
439 910
439 942
439 950
440 448
440 610
440 618
440 622
440 669
440 691
440 725
440 804
440 845
440 851
440 870
440 949
441 682
441 752
441 754
441 780
441 781
441 808
441 822
441 861
441 909
441 937
441 958
441 965
441 998
442 633
442 705
442 711
442 718
442 788
442 800
442 821
442 860
442 872
442 898
442 925
442 931
442 940
443 518
443 547
443 575
443 610
443 669
443 725
443 736
443 751
443 804
443 851
443 870
443 949
444 560
444 579
444 638
444 728
444 755
444 763
444 771
444 802
444 819
444 869
444 885
444 892
444 942
444 943
444 950
445 522
445 627
445 745
445 816
445 907
445 917
445 927
445 960
445 967
445 977
445 980
445 982
445 984
445 997
446 451
446 473
446 475
446 543
446 594
446 641
446 668
446 688
446 694
446 703
446 731
446 837
447 568
447 742
447 891
447 901
447 960
447 969
447 980
447 981
447 984
447 997
448 518
448 575
448 618
448 725
448 736
448 751
448 767
448 804
448 845
448 870
448 949
449 520
449 535
449 599
449 633
449 705
449 800
449 821
449 844
449 860
449 872
449 898
449 919
449 940
450 470
450 566
450 742
450 816
450 902
450 941
450 960
450 969
450 977
450 980
450 981
450 982
450 984
450 997
451 475
451 594
451 644
451 668
451 688
451 703
451 722
451 731
451 837
452 484
452 494
452 508
452 583
452 734
452 758
452 778
453 463
453 477
453 572
453 596
453 646
453 756
453 855
453 873
453 874
453 889
453 944
453 951
453 975
453 1000
454 672
454 680
454 701
454 785
454 817
454 832
454 863
454 880
454 882
454 920
454 929
454 954
454 956
454 963
454 970
455 463
455 629
455 646
455 686
455 698
455 756
455 775
455 794
455 797
455 868
455 953
455 987
455 1000
456 487
456 545
456 589
456 690
456 824
456 891
456 901
456 902
456 960
456 967
456 969
456 977
456 982
456 984
456 997
457 468
457 493
457 607
457 678
457 689
457 753
457 841
457 854
457 862
457 888
457 908
457 918
457 934
457 935
458 701
458 817
458 832
458 863
458 876
458 882
458 912
458 920
458 929
458 954
458 956
458 963
458 970
459 514
459 664
459 781
459 808
459 842
459 871
459 909
459 945
459 964
459 974
459 976
459 998
460 598
460 637
460 650
460 659
460 674
460 675
460 700
460 704
460 730
460 743
460 784
460 791
460 952
461 524
461 655
461 656
461 702
461 719
461 799
461 853
461 881
461 915
461 922
461 926
461 939
462 513
462 592
462 612
462 739
462 759
462 848
462 911
463 477
463 653
463 666
463 726
463 887
463 889
463 948
463 968
463 975
463 994
463 995
464 492
464 502
464 517
464 553
464 565
464 569
464 632
464 693
464 890
465 496
465 541
465 613
465 679
465 683
465 721
465 786
465 834
465 866
465 879
465 884
465 893
465 897
465 903
465 906
466 524
466 533
466 685
466 702
466 714
466 719
466 799
466 853
466 881
466 915
466 922
466 926
466 939
467 499
467 521
467 619
467 673
467 707
467 973
468 515
468 607
468 689
468 753
468 812
468 841
468 854
468 862
468 888
468 908
468 918
468 934
468 935
469 681
469 683
469 721
469 786
469 811
469 834
469 879
469 884
469 893
469 897
469 903
469 906
470 488
470 690
470 816
470 824
470 907
470 917
470 941
470 960
470 969
470 977
470 980
470 981
470 984
471 629
471 706
471 726
471 741
471 794
471 849
471 873
471 874
471 951
471 953
471 994
471 995
471 996
471 1000
472 537
472 681
472 721
472 811
472 834
472 866
472 879
472 884
472 893
472 897
472 903
472 906
473 475
473 543
473 563
473 641
473 644
473 688
473 703
473 731
473 837
474 540
474 551
474 630
474 640
474 765
474 770
474 835
474 859
474 896
474 914
474 928
474 947
475 594
475 641
475 644
475 668
475 688
475 694
475 703
475 731
475 837
476 530
476 575
476 618
476 620
476 622
476 691
476 767
476 804
476 845
476 851
476 870
476 949
477 584
477 657
477 666
477 846
477 874
477 887
477 895
477 900
477 944
477 948
477 953
477 968
477 994
478 642
478 654
478 717
478 762
478 779
478 798
478 829
478 850
478 857
478 878
478 886
478 904
478 957
478 972
479 511
479 827
479 864
480 524
480 573
480 655
480 702
480 714
480 719
480 799
480 853
480 881
480 915
480 922
480 926
480 939
481 509
481 595
481 660
481 696
481 709
481 715
481 748
481 772
481 787
481 813
481 818
481 839
481 936
481 955
482 499
482 521
482 619
482 673
482 707
482 973
483 496
483 541
483 683
483 721
483 732
483 786
483 811
483 834
483 866
483 879
483 893
483 897
483 903
483 906
484 494
484 508
484 583
484 734
484 758
484 778
485 498
485 546
485 626
485 692
485 713
485 744
485 805
485 815
485 820
485 852
485 877
485 946
486 523
486 532
486 550
486 712
486 740
486 930
486 959
487 742
487 891
487 902
487 917
487 927
487 960
487 969
487 977
487 980
487 981
487 997
488 566
488 824
488 902
488 917
488 927
488 941
488 967
488 969
488 977
488 980
488 981
488 982
488 984
489 505
489 600
489 602
489 629
489 666
489 720
489 782
489 868
489 873
489 944
489 948
489 975
489 987
489 994
489 996
489 1000
490 577
490 628
490 661
490 747
490 763
490 771
490 814
490 838
490 865
490 875
490 892
490 910
490 921
490 943
490 950
491 548
491 605
491 623
491 671
491 764
491 773
491 801
491 913
491 923
491 924
491 966
492 502
492 517
492 553
492 565
492 569
492 632
492 693
492 890
493 507
493 515
493 516
493 607
493 689
493 729
493 841
493 854
493 862
493 888
493 908
493 918
493 934
493 935
494 508
494 583
494 734
494 758
494 778
495 541
495 613
495 679
495 681
495 721
495 732
495 811
495 834
495 879
495 884
495 893
495 903
495 906
496 604
496 613
496 683
496 811
496 834
496 866
496 879
496 884
496 893
496 897
496 903
496 906
497 576
497 662
497 701
497 789
497 832
497 863
497 880
497 882
497 912
497 920
497 929
497 954
497 956
497 963
497 970
498 546
498 626
498 692
498 713
498 744
498 805
498 815
498 820
498 852
498 877
498 946
499 521
499 619
499 673
499 707
499 973
500 557
500 678
500 689
500 753
500 812
500 841
500 854
500 862
500 888
500 908
500 918
500 934
500 935
501 630
501 640
501 716
501 765
501 770
501 810
501 835
501 859
501 896
501 914
501 928
501 947
502 517
502 553
502 565
502 569
502 632
502 693
502 890
503 519
503 746
503 831
503 833
503 842
503 861
503 871
503 945
503 958
503 964
503 971
503 974
503 976
504 961
505 645
505 825
505 855
505 868
505 887
505 889
505 948
505 987
505 994
505 995
505 1000
506 597
506 616
506 660
506 709
506 715
506 748
506 772
506 787
506 813
506 818
506 839
506 936
506 955
507 689
507 812
507 841
507 854
507 862
507 888
507 908
507 918
507 934
507 935
508 583
508 734
508 758
508 778
509 595
509 660
509 696
509 709
509 715
509 748
509 772
509 787
509 813
509 818
509 839
509 936
509 955
510 769
511 827
511 864
512 568
512 589
512 824
512 891
512 901
512 902
512 927
512 967
512 969
512 977
512 980
512 981
512 982
512 997
513 592
513 612
513 739
513 759
513 848
513 911
514 625
514 682
514 752
514 781
514 831
514 833
514 842
514 861
514 867
514 937
514 964
514 971
514 976
514 998
515 557
515 689
515 729
515 753
515 812
515 841
515 854
515 862
515 888
515 908
515 918
515 934
515 935
516 557
516 607
516 678
516 689
516 729
516 753
516 812
516 841
516 854
516 888
516 908
516 918
516 934
516 935
517 553
517 565
517 569
517 632
517 693
517 890
518 547
518 622
518 669
518 736
518 751
518 767
518 804
518 845
518 870
518 949
519 539
519 780
519 831
519 861
519 867
519 871
519 883
519 909
519 937
519 958
519 964
519 971
519 998
520 538
520 608
520 633
520 676
520 718
520 788
520 792
520 821
520 844
520 872
520 931
520 940
521 619
521 673
521 707
521 973
522 568
522 627
522 824
522 901
522 917
522 927
522 941
522 960
522 977
522 982
522 984
522 997
523 532
523 550
523 712
523 740
523 930
523 959
524 573
524 650
524 656
524 702
524 714
524 719
524 799
524 853
524 881
524 915
524 922
524 926
524 939
525 554
525 567
525 600
525 720
525 766
525 794
525 825
525 868
525 873
525 895
525 944
525 951
525 953
525 968
525 995
525 996
526 574
526 635
526 670
526 701
526 785
526 789
526 817
526 832
526 863
526 876
526 920
526 929
526 954
526 956
526 963
526 970
527 577
527 628
527 638
527 661
527 663
527 727
527 796
527 802
527 869
527 875
527 885
527 910
527 921
527 942
527 943
528 542
528 587
528 614
528 667
528 708
528 899
528 933
529 695
529 894
529 979
530 547
530 618
530 620
530 669
530 691
530 725
530 736
530 751
530 804
530 845
530 851
530 870
530 949
531 733
531 777
531 793
531 795
531 830
531 932
531 938
531 978
531 985
531 986
531 988
531 989
531 990
531 991
531 992
531 993
531 999
532 550
532 712
532 740
532 930
532 959
533 656
533 714
533 719
533 853
533 881
533 915
533 922
533 926
533 939
534 581
534 654
534 717
534 762
534 779
534 798
534 829
534 836
534 840
534 850
534 878
534 886
534 904
534 957
534 972
535 552
535 599
535 633
535 776
535 788
535 821
535 826
535 844
535 860
535 872
535 898
535 919
535 925
535 931
535 940
536 576
536 578
536 634
536 648
536 680
536 789
536 832
536 876
536 880
536 920
536 929
536 954
536 956
536 963
536 970
537 541
537 681
537 721
537 732
537 811
537 866
537 879
537 884
537 893
537 897
537 903
537 906
538 552
538 633
538 684
538 705
538 711
538 776
538 792
538 800
538 844
538 860
538 872
538 898
538 919
538 931
538 940
539 636
539 724
539 808
539 833
539 909
539 937
539 958
539 964
539 965
539 971
539 974
539 998
540 564
540 630
540 640
540 716
540 765
540 770
540 835
540 859
540 914
540 928
540 947
541 681
541 721
541 786
541 811
541 866
541 879
541 884
541 893
541 897
541 903
541 906
542 587
542 614
542 667
542 708
542 899
542 933
543 563
543 594
543 641
543 644
543 668
543 688
543 694
543 703
543 731
543 837
544 603
544 605
544 623
544 764
544 768
544 773
544 913
544 916
544 923
544 924
544 966
545 590
545 742
545 891
545 901
545 917
545 927
545 941
545 960
545 969
545 977
545 980
545 981
545 982
545 997
546 626
546 692
546 713
546 744
546 805
546 815
546 820
546 852
546 877
546 946
547 575
547 622
547 691
547 725
547 736
547 751
547 767
547 851
547 949
548 605
548 671
548 687
548 764
548 801
548 806
548 913
548 916
548 923
548 966
549 581
549 642
549 717
549 737
549 798
549 829
549 840
549 850
549 857
549 878
549 886
549 904
549 957
549 972
550 712
550 740
550 930
550 959
551 571
551 630
551 716
551 765
551 770
551 810
551 835
551 896
551 914
551 928
551 947
552 684
552 711
552 776
552 788
552 792
552 826
552 860
552 872
552 898
552 919
552 925
552 931
552 940
553 565
553 569
553 632
553 693
553 890
554 600
554 646
554 697
554 741
554 756
554 797
554 825
554 843
554 887
554 944
554 953
554 968
554 994
554 996
555 560
555 579
555 621
555 663
555 763
555 796
555 807
555 869
555 875
555 885
555 910
555 921
555 942
555 943
555 950
556 737
556 750
556 762
556 779
556 798
556 829
556 836
556 840
556 850
556 857
556 878
556 886
556 904
556 957
556 972
557 678
557 753
557 841
557 854
557 862
557 888
557 908
557 918
557 934
557 935
558 570
558 645
558 756
558 774
558 790
558 874
558 889
558 895
558 900
558 948
558 968
558 983
558 994
558 996
558 1000
559 652
559 658
559 754
559 822
559 833
559 867
559 871
559 909
559 958
559 965
559 974
559 976
559 998
560 579
560 663
560 710
560 727
560 771
560 807
560 814
560 865
560 869
560 885
560 892
560 921
560 942
560 943
560 950
561 568
561 589
561 745
561 824
561 917
561 927
561 941
561 960
561 969
561 977
561 980
561 982
561 984
561 997
562 847
562 858
563 594
563 641
563 668
563 694
563 703
563 722
563 731
563 837
564 571
564 716
564 770
564 810
564 835
564 859
564 896
564 914
564 928
564 947
565 569
565 632
565 693
565 890
566 568
566 651
566 816
566 891
566 907
566 927
566 941
566 960
566 977
566 980
566 981
566 982
566 984
567 596
567 602
567 617
567 653
567 706
567 726
567 735
567 790
567 855
567 887
567 889
567 895
567 968
567 975
567 983
568 816
568 902
568 907
568 917
568 927
568 967
568 969
568 977
568 980
568 984
568 997
569 632
569 693
569 890
570 572
570 602
570 698
570 741
570 774
570 846
570 855
570 887
570 944
570 994
570 995
570 996
570 1000
571 630
571 716
571 765
571 770
571 810
571 835
571 859
571 896
571 914
571 928
571 947
572 606
572 697
572 782
572 825
572 873
572 889
572 895
572 968
572 983
572 994
572 995
572 996
572 1000
573 655
573 702
573 719
573 799
573 853
573 881
573 915
573 922
573 926
573 939
574 662
574 672
574 785
574 789
574 817
574 832
574 880
574 882
574 912
574 920
574 929
574 954
574 956
574 963
574 970
575 610
575 618
575 691
575 725
575 736
575 804
575 845
575 851
575 870
575 949
576 634
576 680
576 789
576 817
576 832
576 863
576 876
576 880
576 882
576 912
576 920
576 929
576 954
576 956
576 963
576 970
577 579
577 638
577 723
577 763
577 796
577 802
577 807
577 814
577 838
577 869
577 875
577 885
577 921
577 942
577 943
577 950
578 662
578 670
578 672
578 785
578 789
578 817
578 832
578 863
578 876
578 880
578 882
578 912
578 920
578 954
578 956
578 963
578 970
579 628
579 638
579 663
579 747
579 755
579 814
579 819
579 875
579 885
579 921
579 943
579 950
580 636
580 639
580 664
580 724
580 754
580 781
580 871
580 883
580 937
580 971
580 974
580 976
580 998
581 642
581 654
581 717
581 762
581 798
581 829
581 836
581 840
581 850
581 857
581 878
581 886
581 904
581 957
581 972
582 628
582 663
582 728
582 747
582 763
582 802
582 814
582 819
582 865
582 869
582 885
582 921
582 942
583 734
583 758
583 778
584 720
584 726
584 775
584 782
584 794
584 825
584 889
584 953
584 968
584 975
584 983
584 987
584 994
584 995
585 586
585 757
585 761
585 803
585 809
585 962
586 757
586 761
586 803
586 809
586 962
587 614
587 667
587 708
587 899
587 933
588 617
588 646
588 653
588 741
588 797
588 846
588 855
588 887
588 944
588 951
588 953
588 987
588 994
588 1000
589 627
589 742
589 745
589 901
589 907
589 917
589 927
589 960
589 969
589 977
589 980
589 981
589 982
589 984
590 651
590 742
590 816
590 824
590 891
590 901
590 907
590 927
590 969
590 977
590 980
590 981
590 982
590 984
590 997
591 647
591 677
591 828
591 905
592 612
592 739
592 759
592 848
592 911
593 649
593 733
593 777
593 793
593 795
593 830
593 932
593 938
593 978
593 985
593 986
593 988
593 989
593 990
593 991
593 992
593 993
593 999
594 641
594 688
594 722
594 731
594 837
595 597
595 660
595 696
595 709
595 748
595 772
595 787
595 813
595 818
595 839
595 936
595 955
596 624
596 665
596 706
596 849
596 868
596 874
596 887
596 889
596 900
596 951
596 983
596 995
596 996
596 1000
597 616
597 660
597 696
597 709
597 715
597 748
597 772
597 787
597 813
597 818
597 839
597 936
597 955
598 637
598 650
598 659
598 674
598 675
598 700
598 704
598 730
598 743
598 784
598 791
598 952
599 601
599 608
599 676
599 684
599 711
599 776
599 792
599 800
599 826
599 860
599 872
599 898
599 919
599 931
599 940
600 653
600 698
600 775
600 846
600 873
600 900
600 944
600 948
600 951
600 975
600 994
600 995
600 1000
601 608
601 633
601 684
601 705
601 711
601 718
601 788
601 800
601 826
601 844
601 860
601 872
601 919
601 925
601 931
601 940
602 617
602 657
602 741
602 794
602 855
602 887
602 889
602 895
602 944
602 953
602 983
602 987
602 994
602 996
602 1000
603 623
603 671
603 687
603 764
603 768
603 773
603 801
603 806
603 913
603 923
603 924
603 966
604 613
604 679
604 681
604 683
604 732
604 786
604 811
604 834
604 866
604 879
604 884
604 893
604 897
604 903
604 906
605 671
605 738
605 764
605 768
605 801
605 913
605 916
605 923
605 924
605 966
606 624
606 646
606 653
606 699
606 741
606 756
606 774
606 790
606 843
606 846
606 873
606 889
606 944
606 948
606 987
606 994
607 678
607 689
607 753
607 812
607 841
607 854
607 862
607 888
607 908
607 918
607 934
607 935
608 676
608 705
608 718
608 788
608 792
608 800
608 821
608 826
608 844
608 860
608 898
608 925
608 931
608 940
609 643
609 710
609 727
609 728
609 755
609 771
609 783
609 802
609 807
609 814
609 838
609 875
609 942
609 950
610 620
610 622
610 691
610 725
610 736
610 751
610 767
610 845
610 851
610 870
610 949
611 621
611 643
611 661
611 723
611 755
611 771
611 783
611 802
611 865
611 869
611 875
611 885
611 892
611 910
611 950
612 739
612 759
612 848
612 911
613 679
613 721
613 732
613 786
613 834
613 866
613 879
613 884
613 893
613 897
613 903
613 906
614 667
614 708
614 899
614 933
615 724
615 752
615 754
615 822
615 842
615 871
615 883
615 909
615 937
615 945
615 958
615 965
615 974
615 976
615 998
616 660
616 709
616 715
616 748
616 772
616 787
616 813
616 818
616 839
616 936
616 955
617 665
617 686
617 697
617 699
617 749
617 766
617 843
617 855
617 873
617 900
617 948
617 951
617 983
617 987
617 995
618 620
618 691
618 736
618 767
618 845
618 870
618 949
619 673
619 707
619 973
620 669
620 725
620 736
620 751
620 767
620 804
620 845
620 851
620 870
620 949
621 628
621 638
621 661
621 728
621 747
621 814
621 869
621 885
621 892
621 921
621 943
621 950
622 691
622 725
622 767
622 804
622 851
622 870
622 949
623 671
623 687
623 773
623 801
623 806
623 913
623 916
623 923
623 966
624 645
624 657
624 665
624 706
624 720
624 741
624 797
624 868
624 887
624 951
624 983
624 994
624 996
624 1000
625 636
625 652
625 658
625 682
625 780
625 781
625 867
625 871
625 937
625 945
625 958
625 965
625 971
625 974
625 976
625 998
626 692
626 713
626 744
626 805
626 815
626 820
626 852
626 877
626 946
627 651
627 745
627 824
627 902
627 907
627 927
627 960
627 967
627 969
627 977
627 980
627 981
627 984
627 997
628 643
628 710
628 728
628 755
628 783
628 796
628 802
628 819
628 838
628 892
628 910
628 921
628 942
629 790
629 797
629 846
629 873
629 874
629 895
629 900
629 944
629 951
629 975
629 994
629 995
629 996
630 640
630 765
630 770
630 810
630 835
630 859
630 914
630 928
630 947
631 760
631 823
631 856
632 693
632 890
633 711
633 718
633 776
633 788
633 800
633 826
633 860
633 872
633 898
633 919
633 931
634 648
634 680
634 701
634 785
634 789
634 832
634 863
634 876
634 882
634 912
634 920
634 929
634 954
634 956
634 963
634 970
635 648
635 662
635 672
635 785
635 817
635 863
635 876
635 880
635 882
635 912
635 920
635 929
635 954
635 956
635 963
635 970
636 639
636 682
636 754
636 780
636 781
636 831
636 867
636 909
636 937
636 945
636 958
636 964
636 965
636 974
636 998
637 650
637 659
637 674
637 675
637 700
637 704
637 730
637 743
637 784
637 791
637 952
638 771
638 796
638 802
638 807
638 814
638 819
638 869
638 885
638 892
638 910
638 942
638 943
638 950
639 682
639 746
639 754
639 780
639 808
639 831
639 833
639 861
639 883
639 909
639 945
639 958
639 974
639 976
640 716
640 765
640 810
640 835
640 859
640 896
640 914
640 928
640 947
641 644
641 668
641 694
641 703
641 722
641 731
641 837
642 717
642 737
642 762
642 779
642 798
642 836
642 840
642 850
642 857
642 878
642 886
642 904
642 957
642 972
643 747
643 755
643 763
643 771
643 838
643 869
643 875
643 885
643 910
643 921
643 950
644 668
644 688
644 694
644 703
644 722
644 731
644 837
645 657
645 686
645 741
645 774
645 782
645 843
645 849
645 887
645 900
645 951
645 953
645 975
645 983
645 994
645 995
646 698
646 699
646 726
646 735
646 790
646 874
646 895
646 944
646 948
646 975
646 983
646 994
646 995
647 677
647 828
647 905
648 670
648 672
648 785
648 817
648 832
648 876
648 880
648 882
648 912
648 920
648 929
648 954
648 956
648 963
648 970
649 733
649 777
649 793
649 795
649 830
649 932
649 938
649 978
649 985
649 986
649 988
649 989
649 990
649 991
649 992
649 993
649 999
650 659
650 674
650 675
650 700
650 704
650 730
650 743
650 784
650 791
650 952
651 690
651 745
651 816
651 907
651 917
651 941
651 960
651 967
651 969
651 977
651 980
651 982
651 984
651 997
652 658
652 664
652 752
652 754
652 831
652 842
652 867
652 883
652 958
652 964
652 965
652 971
652 976
653 665
653 699
653 706
653 843
653 873
653 887
653 895
653 948
653 951
653 968
653 983
653 987
653 994
654 717
654 737
654 750
654 798
654 829
654 836
654 840
654 878
654 886
654 904
654 957
654 972
655 656
655 685
655 702
655 714
655 799
655 881
655 915
655 922
655 926
655 939
656 685
656 714
656 719
656 799
656 853
656 881
656 915
656 922
656 926
656 939
657 666
657 686
657 697
657 726
657 766
657 794
657 846
657 849
657 868
657 895
657 951
657 975
657 995
657 996
657 1000
658 724
658 752
658 754
658 808
658 831
658 861
658 867
658 871
658 945
658 964
658 971
658 974
658 976
659 674
659 675
659 700
659 704
659 730
659 743
659 784
659 791
659 952
660 696
660 709
660 715
660 748
660 772
660 813
660 818
660 839
660 936
660 955
661 663
661 723
661 727
661 728
661 763
661 771
661 783
661 838
661 869
661 885
661 910
661 921
661 942
661 943
662 670
662 672
662 785
662 789
662 817
662 832
662 863
662 876
662 880
662 882
662 912
662 929
662 954
662 956
662 963
662 970
663 727
663 728
663 796
663 819
663 838
663 869
663 875
663 885
663 892
663 910
663 921
663 943
663 950
664 754
664 781
664 808
664 822
664 831
664 842
664 867
664 871
664 937
664 945
664 958
664 964
664 971
664 976
665 735
665 775
665 797
665 846
665 849
665 874
665 889
665 948
665 968
665 983
665 987
665 994
665 996
666 686
666 697
666 756
666 873
666 874
666 895
666 944
666 968
666 975
666 983
666 995
666 996
667 708
667 899
667 933
668 688
668 694
668 703
668 722
668 731
668 837
669 725
669 751
669 767
669 804
669 845
669 870
669 949
670 680
670 701
670 785
670 832
670 863
670 876
670 882
670 912
670 920
670 929
670 954
670 956
670 963
670 970
671 768
671 773
671 801
671 806
671 913
671 923
671 924
671 966
672 832
672 863
672 876
672 880
672 882
672 912
672 920
672 929
672 954
672 956
672 963
672 970
673 707
673 973
674 675
674 700
674 704
674 730
674 743
674 784
674 791
674 952
675 700
675 704
675 730
675 743
675 784
675 791
675 952
676 684
676 705
676 718
676 776
676 792
676 800
676 826
676 860
676 919
676 925
676 931
676 940
677 828
677 905
678 689
678 729
678 753
678 812
678 841
678 854
678 862
678 888
678 908
678 918
678 934
678 935
679 721
679 732
679 786
679 811
679 834
679 866
679 879
679 884
679 893
679 897
679 903
679 906
680 701
680 785
680 789
680 832
680 863
680 876
680 880
680 912
680 920
680 929
680 954
680 956
680 963
680 970
681 683
681 721
681 732
681 866
681 879
681 884
681 893
681 897
681 903
681 906
682 746
682 754
682 781
682 831
682 842
682 861
682 883
682 945
682 958
682 971
682 974
682 976
683 721
683 732
683 786
683 811
683 834
683 866
683 879
683 884
683 893
683 897
683 903
683 906
684 711
684 776
684 788
684 800
684 821
684 826
684 844
684 872
684 898
684 919
684 931
684 940
685 702
685 714
685 719
685 799
685 853
685 881
685 915
685 922
685 926
685 939
686 698
686 775
686 790
686 794
686 825
686 849
686 855
686 900
686 944
686 948
686 953
686 968
686 994
686 995
686 1000
687 738
687 764
687 768
687 773
687 806
687 913
687 916
687 923
687 924
687 966
688 694
688 703
688 722
688 731
688 837
689 729
689 753
689 812
689 862
689 888
689 908
689 918
689 934
689 935
690 742
690 745
690 824
690 891
690 901
690 902
690 907
690 917
690 927
690 941
690 967
690 969
690 977
690 981
690 984
691 736
691 751
691 804
691 845
691 851
691 870
691 949
692 713
692 744
692 805
692 815
692 820
692 852
692 877
692 946
693 890
694 722
694 731
694 837
695 894
695 979
696 709
696 715
696 748
696 772
696 787
696 813
696 818
696 839
696 936
696 955
697 726
697 766
697 775
697 797
697 843
697 944
697 951
697 953
697 968
697 975
697 983
697 987
697 994
697 996
698 699
698 706
698 735
698 774
698 775
698 825
698 843
698 868
698 951
698 968
698 987
698 994
698 996
698 1000
699 735
699 790
699 846
699 889
699 951
699 968
699 975
699 994
699 995
699 1000
700 704
700 730
700 743
700 784
700 791
700 952
701 785
701 789
701 863
701 876
701 880
701 882
701 912
701 929
701 954
701 956
701 963
701 970
702 714
702 799
702 853
702 881
702 915
702 922
702 926
702 939
703 722
703 731
703 837
704 730
704 743
704 784
704 791
704 952
705 711
705 718
705 776
705 788
705 826
705 844
705 860
705 898
705 919
705 925
705 931
705 940
706 766
706 797
706 846
706 849
706 889
706 895
706 900
706 944
706 987
706 994
706 1000
707 973
708 899
708 933
709 715
709 772
709 787
709 813
709 818
709 839
709 936
709 955
710 723
710 728
710 802
710 807
710 814
710 819
710 869
710 875
710 885
710 892
710 910
710 921
710 942
710 943
710 950
711 776
711 792
711 800
711 821
711 844
711 860
711 872
711 898
711 919
711 925
711 931
711 940
712 740
712 930
712 959
713 744
713 805
713 815
713 820
713 852
713 877
713 946
714 719
714 853
714 881
714 915
714 922
714 926
714 939
715 748
715 772
715 787
715 813
715 818
715 839
715 936
715 955
716 765
716 810
716 859
716 896
716 914
716 928
716 947
717 750
717 762
717 779
717 798
717 836
717 840
717 857
717 878
717 886
717 904
717 957
717 972
718 788
718 821
718 826
718 844
718 872
718 898
718 919
718 925
718 931
718 940
719 853
719 915
719 922
719 926
719 939
720 735
720 766
720 790
720 855
720 868
720 889
720 895
720 948
720 951
720 953
720 968
720 975
720 994
720 996
720 1000
721 732
721 786
721 834
721 866
721 893
721 897
721 903
721 906
722 731
722 837
723 728
723 755
723 783
723 796
723 807
723 819
723 869
723 875
723 885
723 892
723 921
723 942
723 950
724 780
724 781
724 822
724 831
724 833
724 867
724 937
724 945
724 958
724 964
724 974
724 976
725 736
725 751
725 767
725 845
725 851
725 870
725 949
726 735
726 749
726 756
726 766
726 782
726 849
726 873
726 948
726 968
726 975
726 1000
727 728
727 747
727 771
727 783
727 802
727 814
727 819
727 838
727 869
727 921
727 942
727 943
728 763
728 807
728 819
728 869
728 875
728 892
728 910
728 943
729 753
729 812
729 841
729 854
729 862
729 888
729 908
729 918
729 934
729 935
730 743
730 784
730 791
730 952
731 837
732 811
732 834
732 866
732 879
732 884
732 893
732 897
732 903
732 906
733 777
733 793
733 795
733 830
733 932
733 938
733 978
733 985
733 986
733 988
733 989
733 990
733 991
733 992
733 993
733 999
734 758
734 778
735 843
735 846
735 868
735 873
735 874
735 895
735 900
735 953
735 968
735 983
735 987
736 751
736 767
736 804
736 845
736 851
736 870
736 949
737 750
737 762
737 779
737 798
737 829
737 836
737 840
737 850
737 857
737 878
737 886
737 957
737 972
738 764
738 768
738 773
738 801
738 806
738 913
738 916
738 923
738 924
738 966
739 759
739 848
739 911
740 930
740 959
741 766
741 774
741 794
741 846
741 849
741 900
741 953
741 975
741 983
741 987
741 996
741 1000
742 745
742 816
742 824
742 902
742 907
742 941
742 960
742 967
742 969
742 980
742 981
742 982
742 997
743 784
743 791
743 952
744 805
744 815
744 820
744 852
744 877
744 946
745 816
745 901
745 902
745 907
745 927
745 941
745 960
745 967
745 969
745 980
745 981
745 982
745 984
746 752
746 781
746 808
746 831
746 842
746 871
746 883
746 937
746 945
746 958
746 964
746 965
746 974
746 976
747 763
747 796
747 802
747 807
747 819
747 838
747 865
747 875
747 892
747 942
747 950
748 772
748 787
748 813
748 818
748 839
748 936
748 955
749 774
749 782
749 790
749 825
749 843
749 873
749 889
749 895
749 948
749 951
749 968
749 975
749 995
749 996
749 1000
750 762
750 779
750 798
750 829
750 840
750 850
750 857
750 878
750 886
750 904
750 957
750 972
751 767
751 851
751 870
751 949
752 754
752 781
752 831
752 833
752 842
752 871
752 883
752 909
752 964
752 965
752 971
752 976
752 998
753 812
753 841
753 854
753 862
753 888
753 908
753 918
753 934
753 935
754 780
754 831
754 833
754 909
754 937
754 945
754 958
754 964
754 971
754 976
754 998
755 763
755 771
755 783
755 796
755 819
755 838
755 865
755 885
755 892
755 910
755 942
755 943
756 790
756 794
756 846
756 868
756 874
756 889
756 951
756 953
756 968
756 975
756 987
756 994
756 1000
757 761
757 803
757 809
757 962
758 778
759 848
759 911
760 823
760 856
761 803
761 809
761 962
762 779
762 798
762 829
762 840
762 850
762 857
762 878
762 886
762 904
762 957
762 972
763 771
763 783
763 807
763 814
763 838
763 865
763 869
763 875
763 910
763 942
763 943
763 950
764 773
764 801
764 806
764 913
764 916
764 923
764 924
764 966
765 770
765 810
765 835
765 859
765 896
765 914
765 928
765 947
766 790
766 868
766 895
766 948
766 951
766 953
766 968
766 983
766 995
766 996
766 1000
767 804
767 845
767 851
767 870
767 949
768 801
768 806
768 916
768 923
768 924
768 966
770 810
770 835
770 859
770 896
770 914
770 928
770 947
771 783
771 796
771 802
771 819
771 838
771 869
771 875
771 910
771 942
771 943
772 787
772 813
772 818
772 839
772 936
772 955
773 801
773 806
773 913
773 916
773 923
773 924
773 966
774 782
774 790
774 794
774 797
774 849
774 874
774 895
774 948
774 951
774 975
774 983
774 987
774 994
774 995
775 782
775 797
775 843
775 874
775 895
775 951
775 953
775 975
775 983
775 987
775 996
775 1000
776 788
776 792
776 821
776 826
776 844
776 860
776 872
776 898
776 919
776 925
776 931
776 940
777 793
777 795
777 830
777 932
777 938
777 978
777 985
777 986
777 988
777 989
777 990
777 991
777 992
777 993
777 999
779 798
779 836
779 840
779 850
779 857
779 878
779 904
779 957
779 972
780 781
780 831
780 833
780 842
780 861
780 867
780 883
780 945
780 965
780 971
780 976
781 808
781 842
781 861
781 867
781 964
781 965
781 971
781 974
781 976
782 794
782 797
782 825
782 868
782 874
782 887
782 889
782 900
782 944
782 948
782 951
782 953
782 968
782 975
782 987
783 819
783 838
783 865
783 910
783 921
783 942
783 943
783 950
784 791
784 952
785 789
785 817
785 863
785 876
785 880
785 882
785 912
785 920
785 929
785 954
785 956
785 963
785 970
786 811
786 834
786 866
786 879
786 884
786 893
786 897
786 903
786 906
787 813
787 818
787 839
787 936
787 955
788 800
788 821
788 826
788 844
788 898
788 919
788 925
788 931
788 940
789 817
789 876
789 880
789 882
789 912
789 920
789 929
789 954
789 956
789 963
789 970
790 849
790 944
790 953
790 975
790 996
790 1000
791 952
792 800
792 821
792 826
792 844
792 860
792 872
792 898
792 919
792 925
792 931
792 940
793 795
793 830
793 932
793 938
793 978
793 985
793 986
793 988
793 989
793 990
793 991
793 992
793 993
793 999
794 855
794 873
794 889
794 900
794 948
794 951
794 953
794 983
794 987
794 994
794 995
794 996
794 1000
795 830
795 932
795 938
795 978
795 985
795 986
795 988
795 989
795 990
795 991
795 992
795 993
795 999
796 807
796 814
796 819
796 865
796 875
796 885
796 892
796 943
796 950
797 843
797 873
797 887
797 889
797 900
797 944
797 948
797 951
797 968
797 983
797 987
797 1000
798 836
798 840
798 850
798 857
798 878
798 886
798 904
798 957
798 972
799 853
799 881
799 915
799 922
799 926
799 939
800 821
800 826
800 844
800 860
800 872
800 898
800 919
800 925
800 931
800 940
801 913
801 916
801 923
801 924
801 966
802 807
802 814
802 838
802 865
802 910
802 943
802 950
803 809
803 962
804 845
804 851
804 870
804 949
805 815
805 820
805 852
805 877
805 946
806 913
806 916
806 924
806 966
807 819
807 838
807 865
807 875
807 885
807 892
807 910
807 942
807 943
807 950
808 842
808 867
808 883
808 909
808 937
808 945
808 965
808 971
808 976
808 998
809 962
810 835
810 859
810 896
810 914
810 928
810 947
811 834
811 866
811 879
811 884
811 893
811 897
811 903
811 906
812 841
812 854
812 862
812 888
812 908
812 918
812 934
812 935
813 818
813 839
813 936
813 955
814 865
814 885
814 910
814 921
814 942
814 943
814 950
815 820
815 852
815 877
815 946
816 901
816 902
816 907
816 927
816 941
816 960
816 967
816 969
816 977
816 982
816 984
816 997
817 863
817 876
817 880
817 882
817 912
817 920
817 929
817 954
817 956
817 963
817 970
818 839
818 936
818 955
819 838
819 865
819 875
819 885
819 892
819 910
819 921
819 943
820 852
820 877
820 946
821 826
821 860
821 872
821 898
821 919
821 925
821 931
821 940
822 831
822 842
822 861
822 867
822 883
822 937
822 945
822 964
822 965
822 971
822 974
822 976
823 856
824 901
824 902
824 907
824 927
824 941
824 960
824 967
824 969
824 980
824 981
824 982
824 984
825 843
825 868
825 874
825 900
825 944
825 951
825 953
825 968
825 975
825 983
825 987
825 994
825 996
826 844
826 872
826 919
826 925
826 931
826 940
827 864
828 905
829 836
829 840
829 850
829 857
829 878
829 886
829 904
829 957
829 972
830 932
830 938
830 978
830 985
830 986
830 988
830 989
830 990
830 991
830 992
830 993
830 999
831 867
831 883
831 909
831 937
831 945
831 958
831 965
831 971
831 974
831 998
832 863
832 876
832 880
832 882
832 912
832 929
832 954
832 956
832 963
832 970
833 842
833 861
833 867
833 909
833 945
833 958
833 965
833 971
833 974
833 976
833 998
834 866
834 879
834 884
834 893
834 897
834 903
834 906
835 859
835 896
835 914
835 928
835 947
836 840
836 850
836 857
836 878
836 886
836 904
836 957
836 972
838 875
838 885
838 892
838 921
838 943
839 936
839 955
840 850
840 857
840 878
840 886
840 904
840 957
840 972
841 854
841 862
841 888
841 908
841 918
841 934
841 935
842 871
842 909
842 945
842 964
842 965
842 974
842 976
842 998
843 849
843 855
843 873
843 874
843 887
843 900
843 944
843 948
843 951
843 968
843 1000
844 860
844 872
844 898
844 919
844 925
844 931
844 940
845 851
845 928
845 949
846 855
846 868
846 874
846 895
846 948
846 953
846 996
846 1000
847 858
848 911
849 855
849 868
849 873
849 887
849 895
849 944
849 948
849 951
849 968
849 983
849 987
849 995
849 1000
850 857
850 886
850 904
850 957
850 972
851 870
851 949
852 877
852 946
853 881
853 915
853 922
853 926
853 939
854 862
854 888
854 908
854 918
854 934
854 935
855 868
855 873
855 874
855 895
855 944
855 953
855 968
855 987
855 994
855 996
855 1000
857 878
857 886
857 904
857 957
857 972
859 896
859 914
859 928
859 947
860 872
860 898
860 919
860 925
860 931
860 940
861 867
861 871
861 883
861 909
861 937
861 964
861 965
861 971
861 974
861 976
861 998
862 888
862 908
862 918
862 934
862 935
863 880
863 882
863 912
863 920
863 929
863 954
863 956
863 963
863 970
865 869
865 875
865 885
865 892
865 921
865 942
865 943
865 950
866 879
866 884
866 893
866 897
866 903
866 906
867 871
867 883
867 909
867 937
867 958
867 964
867 971
867 974
868 874
868 887
868 895
868 900
868 953
868 975
868 983
868 994
868 995
868 996
869 875
869 885
869 942
869 950
870 949
871 883
871 958
871 964
871 965
871 974
871 998
872 898
872 919
872 925
872 931
872 940
873 889
873 895
873 900
873 968
873 975
873 983
873 995
873 996
874 887
874 944
874 948
874 968
874 975
874 996
875 885
875 892
875 921
875 950
876 880
876 882
876 912
876 920
876 929
876 954
876 956
876 963
876 970
877 946
878 886
878 904
878 957
878 972
879 884
879 893
879 897
879 903
879 906
880 882
880 912
880 920
880 929
880 954
880 956
880 963
880 970
881 915
881 922
881 926
881 939
882 912
882 920
882 929
882 954
882 956
882 963
882 970
883 937
883 945
883 958
883 965
883 971
883 998
884 893
884 897
884 903
884 906
885 892
885 942
886 904
886 957
886 972
887 889
887 944
887 951
887 975
887 987
887 994
887 995
887 996
888 908
888 918
888 934
888 935
889 944
889 948
889 994
889 995
889 996
889 1000
891 901
891 902
891 907
891 917
891 941
891 960
891 967
891 969
891 977
891 980
891 981
891 982
891 984
891 997
892 910
892 921
892 942
892 943
892 950
893 897
893 903
893 906
894 979
895 900
895 968
895 987
895 996
896 914
896 928
896 947
897 903
897 906
898 919
898 925
898 931
898 940
899 933
900 944
900 953
900 968
900 983
900 987
900 995
900 1000
901 907
901 927
901 941
901 960
901 969
901 980
901 981
901 982
901 984
901 997
902 917
902 927
902 941
902 967
902 969
902 977
902 980
902 981
902 982
902 984
902 997
903 906
904 957
904 972
907 917
907 927
907 941
907 967
907 977
907 981
907 982
907 984
907 997
908 918
908 934
908 935
909 937
909 945
909 958
909 965
909 971
909 974
909 998
910 921
910 942
910 943
910 950
912 920
912 929
912 954
912 956
912 963
912 970
913 916
913 923
913 924
913 966
914 928
914 947
915 922
915 926
915 939
916 923
916 924
916 966
917 941
917 960
917 967
917 969
917 977
917 980
917 981
917 982
917 984
917 997
918 934
918 935
919 925
919 931
919 940
920 929
920 954
920 956
920 963
920 970
921 942
921 950
922 926
922 939
923 924
923 966
924 966
925 931
925 940
926 939
927 941
927 960
927 969
927 977
927 980
927 982
927 984
927 997
928 947
929 954
929 956
929 963
929 970
930 959
931 940
932 938
932 978
932 985
932 986
932 988
932 989
932 990
932 991
932 992
932 993
932 999
934 935
936 955
937 945
937 958
937 965
937 971
937 974
937 976
938 978
938 985
938 986
938 988
938 989
938 990
938 991
938 992
938 993
938 999
941 960
941 967
941 969
941 980
941 981
941 982
941 984
942 943
942 950
943 950
944 948
944 975
944 983
944 995
944 996
945 958
945 964
945 965
945 971
945 974
948 953
948 987
948 994
951 953
951 968
951 975
951 994
951 995
951 1000
953 983
953 987
953 994
953 996
954 956
954 963
954 970
956 963
956 970
957 972
958 964
958 965
958 974
958 976
958 998
960 967
960 969
960 980
960 981
960 982
960 997
963 970
964 965
964 974
964 998
965 971
965 974
965 976
965 998
967 969
967 977
967 980
967 981
967 982
967 984
967 997
968 983
968 987
968 996
968 1000
969 977
969 980
969 997
971 974
971 976
971 998
974 976
974 998
975 983
975 987
975 994
975 995
975 1000
976 998
977 980
977 981
977 997
978 985
978 986
978 988
978 989
978 990
978 991
978 992
978 993
978 999
980 981
980 997
981 982
981 984
981 997
982 997
983 987
983 994
983 996
983 1000
984 997
985 986
985 988
985 989
985 990
985 991
985 992
985 993
985 999
986 988
986 989
986 990
986 991
986 992
986 993
986 999
987 994
987 1000
988 989
988 990
988 991
988 992
988 993
988 999
989 990
989 991
989 992
989 993
989 999
990 991
990 992
990 993
990 999
991 992
991 993
991 999
992 993
992 999
993 999
994 996
995 996
995 1000
