1 335
1 394
1 452
1 484
1 494
1 508
1 583
1 758
1 778
2 386
2 446
2 473
2 563
2 722
2 731
2 810
2 837
2 899
2 914
3 147
3 443
3 530
3 620
3 691
3 736
3 751
3 767
3 804
3 871
4 52
4 123
4 236
4 263
4 393
4 615
4 769
5 567
5 726
5 794
5 797
5 843
5 849
5 868
5 887
5 983
5 995
6 290
6 444
6 577
6 579
6 728
6 787
6 789
6 865
6 875
6 943
7 469
7 604
7 811
7 866
7 879
7 884
7 893
7 897
7 903
7 906
8 230
8 256
8 518
8 637
8 659
8 667
8 743
8 791
8 952
8 991
9 26
9 98
9 181
9 218
9 392
9 418
9 511
9 540
9 864
10 155
10 376
10 611
10 763
10 838
10 847
10 892
10 910
10 982
10 994
11 374
11 445
11 566
11 651
11 816
11 901
11 960
11 967
11 969
11 997
12 396
12 549
12 717
12 798
12 836
12 840
12 850
12 857
12 878
12 904
13 446
13 563
13 644
13 655
13 694
13 722
13 725
13 837
13 899
13 914
14 209
14 513
14 524
14 685
14 853
14 881
14 915
14 922
14 926
14 939
15 491
15 687
15 738
15 801
15 806
15 913
15 916
15 924
15 966
16 397
16 547
16 610
16 620
16 622
16 751
16 834
16 845
16 870
16 871
17 592
17 612
17 639
17 739
17 759
17 846
17 848
17 856
17 860
17 911
18 141
18 776
18 792
18 821
18 826
18 844
18 898
18 919
18 925
18 940
19 194
19 324
19 339
19 394
19 484
19 494
19 508
19 583
19 758
19 778
20 71
20 259
20 285
20 428
20 528
20 542
20 587
20 614
20 708
20 933
21 97
21 238
21 600
22 293
22 474
22 630
22 765
22 827
22 835
22 859
22 896
22 928
22 947
23 328
23 633
23 676
23 776
23 788
23 800
23 872
23 919
23 925
23 940
24 254
24 559
24 580
24 668
24 746
24 937
24 964
24 965
24 971
24 974
25 592
25 612
25 639
25 739
25 759
25 846
25 848
25 856
25 860
25 911
26 98
26 181
26 218
26 392
26 418
26 511
26 540
26 864
27 120
27 224
27 312
27 379
27 562
27 585
27 757
27 761
27 809
27 962
28 103
28 164
28 186
28 267
28 276
28 342
28 346
28 695
28 923
28 979
29 331
29 341
29 594
29 602
29 698
29 735
29 843
29 889
29 953
29 975
30 446
30 473
30 475
30 510
30 644
30 694
30 725
30 837
30 899
30 914
31 138
31 224
31 312
31 379
31 562
31 585
31 757
31 761
31 809
31 962
32 284
32 554
32 602
32 645
32 849
32 887
32 889
32 948
32 983
32 996
33 340
33 595
33 696
33 715
33 772
33 813
33 818
33 839
33 936
33 955
34 113
34 459
34 861
34 867
34 937
34 958
34 965
34 974
34 976
34 998
35 932
35 938
35 978
35 985
35 986
35 988
35 989
35 992
35 993
35 999
36 642
36 682
36 746
36 808
36 883
36 930
36 937
36 958
36 965
36 971
37 308
37 330
37 372
37 464
37 492
37 517
37 553
37 569
37 693
37 770
38 617
38 766
38 868
38 889
38 944
38 948
38 968
38 972
38 983
38 996
39 195
39 425
39 901
39 941
39 960
39 967
39 980
39 981
39 984
39 997
40 397
40 547
40 586
40 610
40 620
40 751
40 834
40 845
40 851
40 870
41 308
41 330
41 372
41 464
41 492
41 517
41 553
41 569
41 693
41 770
42 266
42 581
42 762
42 798
42 836
42 840
42 850
42 857
42 878
42 904
43 306
43 503
43 724
43 842
43 867
43 930
43 937
43 964
43 974
43 976
44 313
44 441
44 822
44 930
44 937
44 958
44 965
44 971
44 974
44 998
45 527
45 660
45 760
45 763
45 783
45 814
45 838
45 847
45 875
45 921
46 462
46 639
46 739
46 759
46 846
46 848
46 856
46 860
46 911
47 64
47 131
47 207
47 260
47 390
47 504
47 949
47 961
48 221
48 388
48 787
48 829
48 847
48 869
48 921
48 942
48 982
48 994
49 294
49 729
49 841
49 854
49 862
49 888
49 908
49 918
49 934
49 935
50 422
50 658
50 746
50 754
50 867
50 930
50 965
50 971
50 974
50 998
51 776
51 788
51 800
51 821
51 872
51 898
51 919
51 925
51 931
51 940
52 123
52 236
52 263
52 393
52 615
52 769
53 58
53 186
53 220
53 267
53 276
53 342
53 346
53 695
53 923
53 979
54 91
54 124
54 650
54 667
54 674
54 743
54 784
54 791
54 952
54 991
55 328
55 552
55 676
55 718
55 776
55 800
55 821
55 898
55 931
55 940
56 482
56 524
56 573
56 702
56 853
56 881
56 915
56 922
56 926
56 939
57 362
57 641
57 644
57 694
57 722
57 725
57 731
57 810
57 899
57 914
58 164
58 220
58 267
58 276
58 342
58 346
58 695
58 923
58 979
59 298
59 685
59 714
59 719
59 799
59 881
59 915
59 922
59 926
59 939
60 476
60 530
60 620
60 751
60 767
60 804
60 834
60 845
60 851
60 870
61 609
61 723
61 747
61 755
61 787
61 796
61 829
61 885
61 943
61 994
62 670
62 701
62 817
62 880
62 912
62 920
62 954
62 956
62 963
62 970
63 89
63 284
63 485
63 653
63 741
63 948
63 953
63 983
63 987
63 996
64 123
64 131
64 207
64 260
64 390
64 504
64 949
64 961
65 90
65 324
65 339
65 348
65 452
65 494
65 508
65 583
65 758
65 778
66 590
66 627
66 902
66 907
66 927
66 941
66 960
66 977
66 980
66 997
67 165
67 248
67 486
67 532
67 550
67 712
67 740
67 959
68 685
68 702
68 714
68 719
68 799
68 881
68 915
68 922
68 926
68 939
69 425
69 488
69 824
69 902
69 907
69 917
69 941
69 967
69 981
69 997
70 296
70 577
70 628
70 819
70 829
70 838
70 869
70 921
70 950
70 994
71 259
71 285
71 428
71 528
71 542
71 587
71 614
71 708
71 933
72 106
72 697
72 698
72 797
72 825
72 951
72 968
72 972
72 995
72 1000
73 932
73 938
73 978
73 985
73 986
73 988
73 989
73 992
73 993
73 999
74 311
74 456
74 523
74 623
74 671
74 773
74 913
74 916
74 924
74 966
75 451
75 473
75 475
75 694
75 725
75 731
75 810
75 837
75 899
75 914
76 559
76 752
76 833
76 867
76 945
76 964
76 965
76 971
76 976
76 998
77 254
77 559
77 682
77 831
77 861
77 867
77 930
77 958
77 964
77 998
78 476
78 501
78 586
78 610
78 622
78 767
78 845
78 851
78 870
78 871
79 456
79 544
79 548
79 619
79 623
79 764
79 773
79 801
79 924
79 966
80 932
80 938
80 978
80 985
80 986
80 988
80 989
80 992
80 993
80 999
81 84
81 150
81 212
81 385
81 669
81 768
81 990
82 696
82 709
82 715
82 748
82 772
82 813
82 818
82 839
82 936
82 955
83 182
83 557
83 729
83 854
83 862
83 888
83 908
83 918
83 934
83 935
84 150
84 212
84 385
84 669
84 768
84 990
85 214
85 246
85 286
85 384
85 605
85 619
85 764
85 801
85 806
85 966
86 564
86 630
86 716
86 827
86 835
86 858
86 859
86 896
86 928
86 947
87 144
87 703
87 718
87 788
87 800
87 826
87 844
87 872
87 925
87 931
88 409
88 564
88 765
88 827
88 835
88 858
88 859
88 896
88 928
88 947
89 453
89 525
89 572
89 665
89 774
89 968
89 983
89 987
89 996
90 339
90 348
90 394
90 452
90 484
90 508
90 583
90 758
90 778
91 217
91 309
91 578
91 650
91 743
91 784
91 791
91 952
91 991
92 219
92 658
92 724
92 779
92 833
92 861
92 929
92 937
92 945
92 958
93 551
93 571
93 716
93 765
93 835
93 858
93 859
93 896
93 928
93 947
94 696
94 709
94 748
94 772
94 813
94 818
94 839
94 936
94 955
95 535
95 538
95 599
95 633
95 844
95 872
95 919
95 925
95 931
95 940
96 194
96 324
96 339
96 452
96 484
96 494
96 508
96 583
96 758
96 778
97 238
97 600
98 181
98 218
98 392
98 418
98 511
98 540
98 864
99 634
99 863
99 876
99 880
99 882
99 920
99 954
99 956
99 963
99 970
100 423
100 564
100 571
100 630
100 835
100 858
100 859
100 896
100 928
100 947
101 245
101 404
101 443
101 691
101 767
101 804
101 834
101 845
101 870
101 871
102 287
102 570
102 624
102 686
102 699
102 766
102 855
102 873
102 895
102 948
103 164
103 186
103 220
103 342
103 346
103 695
103 923
103 979
104 355
104 470
104 901
104 902
104 907
104 941
104 967
104 977
104 980
104 984
105 246
105 361
105 548
105 619
105 764
105 773
105 806
105 913
105 916
105 966
106 350
106 653
106 698
106 849
106 855
106 895
106 953
106 995
106 1000
107 277
107 578
107 598
107 650
107 667
107 674
107 704
107 743
107 952
107 991
108 551
108 564
108 571
108 765
108 827
108 835
108 858
108 859
108 896
108 928
108 947
109 160
109 475
109 563
109 655
109 688
109 694
109 722
109 725
109 810
109 899
109 914
110 439
110 555
110 609
110 628
110 638
110 710
110 727
110 796
110 814
110 819
110 994
111 243
111 579
111 611
111 661
111 663
111 819
111 885
111 910
111 942
111 943
111 982
112 407
112 559
112 754
112 780
112 822
112 842
112 883
112 909
112 929
112 958
112 971
113 436
113 642
113 867
113 929
113 930
113 937
113 945
113 971
113 974
113 976
114 665
114 697
114 699
114 775
114 873
114 895
114 951
114 975
114 983
114 987
114 996
115 642
115 746
115 779
115 842
115 867
115 883
115 945
115 958
115 971
115 974
115 998
116 268
116 515
116 607
116 689
116 729
116 841
116 862
116 908
116 918
116 934
116 935
118 399
118 472
118 683
118 811
118 866
118 879
118 884
118 893
118 897
118 903
118 906
120 138
120 224
120 312
120 379
120 562
120 585
120 757
120 761
120 809
120 962
121 474
121 564
121 630
121 640
121 716
121 835
121 858
121 859
121 896
121 928
121 947
122 180
122 302
122 580
122 682
122 781
122 808
122 842
122 883
122 937
122 976
122 998
123 236
123 263
123 393
123 615
123 769
124 277
124 309
124 650
124 659
124 700
124 730
124 784
124 791
124 952
124 991
125 183
125 229
125 275
125 292
125 359
125 631
125 823
126 141
126 442
126 520
126 538
126 703
126 792
126 826
126 898
126 925
126 931
126 940
127 574
127 817
127 863
127 876
127 882
127 912
127 920
127 954
127 956
127 963
127 970
129 296
129 301
129 365
129 388
129 527
129 723
129 763
129 819
129 892
129 910
129 942
130 613
130 679
130 681
130 721
130 786
130 866
130 879
130 884
130 897
130 903
130 906
131 207
131 260
131 390
131 504
131 949
131 961
132 286
132 289
132 336
132 382
132 384
132 544
132 687
132 801
132 806
132 916
132 966
133 570
133 594
133 735
133 756
133 873
133 895
133 953
133 975
133 983
133 996
133 1000
134 232
134 307
134 322
134 347
134 351
134 449
134 467
134 499
134 673
134 707
134 973
135 387
135 628
135 760
135 771
135 787
135 814
135 869
135 885
135 942
135 950
135 982
136 373
136 522
136 742
136 901
136 902
136 927
136 960
136 969
136 981
136 984
136 997
137 713
137 744
137 805
137 815
137 820
137 852
137 877
137 886
137 894
137 946
137 957
138 224
138 312
138 379
138 562
138 585
138 757
138 761
138 809
138 962
139 284
139 596
139 698
139 797
139 868
139 889
139 895
139 944
139 951
139 996
139 1000
140 143
140 214
140 548
140 619
140 671
140 764
140 801
140 913
140 916
140 924
140 966
141 442
141 535
141 718
141 776
141 826
141 872
141 898
141 919
141 940
142 189
142 363
142 568
142 745
142 824
142 901
142 902
142 917
142 941
142 967
142 977
143 337
143 383
143 544
143 738
143 764
143 773
143 806
143 916
143 924
143 966
144 608
144 633
144 684
144 718
144 800
144 826
144 919
144 925
144 931
144 940
145 286
145 491
145 548
145 738
145 764
145 801
145 806
145 913
145 916
145 924
145 966
146 830
146 932
146 938
146 978
146 985
146 986
146 988
146 989
146 992
146 993
146 999
147 501
147 575
147 610
147 620
147 767
147 834
147 845
147 851
147 870
147 871
148 413
148 456
148 623
148 671
148 687
148 764
148 773
148 801
148 913
148 916
148 966
149 404
149 530
149 586
149 736
149 767
149 804
149 834
149 845
149 851
149 870
149 871
150 212
150 385
150 669
150 768
150 990
151 822
151 842
151 883
151 909
151 929
151 958
151 964
151 971
151 974
151 976
151 998
152 421
152 554
152 749
152 756
152 825
152 873
152 951
152 972
152 987
152 996
152 1000
154 255
154 326
154 362
154 655
154 688
154 722
154 731
154 810
154 837
154 899
154 914
155 221
155 490
155 611
155 747
155 819
155 892
155 910
155 950
155 982
155 994
156 684
156 711
156 776
156 788
156 800
156 872
156 898
156 919
156 925
156 931
156 940
157 264
157 376
157 420
157 638
157 728
157 787
157 789
157 819
157 875
157 892
157 994
158 163
158 366
158 407
158 459
158 779
158 780
158 831
158 842
158 883
158 958
158 971
159 833
159 842
159 909
159 929
159 937
159 945
159 958
159 964
159 965
159 974
159 976
160 319
160 451
160 543
160 641
160 655
160 722
160 810
160 837
160 899
160 914
161 296
161 663
161 789
161 829
161 865
161 875
161 885
161 892
161 921
161 982
161 994
162 252
162 369
162 571
162 765
162 827
162 835
162 858
162 859
162 896
162 928
162 947
163 204
163 519
163 580
163 636
163 652
163 831
163 861
163 929
163 958
163 998
164 220
164 267
164 276
164 342
164 346
164 695
164 923
164 979
165 248
165 486
165 532
165 550
165 712
165 740
165 959
166 580
166 636
166 664
166 724
166 808
166 822
166 833
166 861
166 958
166 964
166 971
167 518
167 598
167 659
167 667
167 700
167 704
167 730
167 743
167 791
167 952
167 991
168 320
168 349
168 630
168 716
168 827
168 835
168 858
168 859
168 896
168 928
168 947
170 678
170 689
170 812
170 841
170 854
170 862
170 888
170 908
170 918
170 934
170 935
171 222
171 338
171 381
171 521
171 591
171 603
171 647
171 753
171 828
171 905
172 376
172 527
172 710
172 728
172 734
172 796
172 865
172 885
172 921
172 982
172 994
173 468
173 516
173 607
173 841
173 854
173 862
173 888
173 908
173 918
173 934
173 935
174 604
174 677
174 681
174 732
174 866
174 879
174 884
174 893
174 897
174 903
174 906
175 253
175 271
175 466
175 533
175 656
175 853
175 881
175 915
175 922
175 926
175 939
176 314
176 633
176 703
176 718
176 800
176 821
176 826
176 898
176 919
176 931
176 940
177 597
177 696
177 709
177 715
177 748
177 772
177 813
177 818
177 839
177 936
177 955
178 252
178 564
178 716
178 765
178 827
178 835
178 858
178 859
178 896
178 928
178 947
179 199
179 222
179 338
179 381
179 521
179 591
179 603
179 647
179 753
179 828
179 905
180 288
180 407
180 441
180 682
180 781
180 831
180 909
180 945
180 974
180 976
181 218
181 392
181 418
181 511
181 540
181 864
182 457
182 689
182 812
182 854
182 862
182 888
182 908
182 918
182 934
182 935
183 229
183 275
183 292
183 359
183 631
183 823
184 646
184 657
184 790
184 868
184 874
184 889
184 948
184 968
184 972
184 975
184 983
185 424
185 651
185 891
185 941
185 967
185 969
185 977
185 980
185 981
185 984
185 997
186 220
186 267
186 276
186 342
186 346
186 695
186 923
186 979
187 400
187 654
187 717
187 750
187 762
187 836
187 840
187 850
187 857
187 878
187 904
188 355
188 445
188 512
188 816
188 824
188 891
188 927
188 960
188 977
188 980
188 997
189 824
189 891
189 927
189 941
189 967
189 969
189 977
189 980
189 981
189 997
190 404
190 575
190 586
190 622
190 691
190 736
190 751
190 804
190 845
190 870
190 871
191 724
191 822
191 833
191 929
191 958
191 964
191 965
191 971
191 974
191 976
191 998
192 257
192 413
192 456
192 544
192 619
192 687
192 764
192 773
192 916
192 924
192 966
193 657
193 699
193 756
193 775
193 874
193 895
193 944
193 972
193 975
193 987
193 995
194 335
194 394
194 452
194 484
194 494
194 508
194 583
194 758
194 778
195 437
195 522
195 566
195 902
195 941
195 969
195 977
195 980
195 984
195 997
196 522
196 690
196 742
196 917
196 941
196 960
196 967
196 969
196 980
196 981
196 984
197 547
197 618
197 622
197 691
197 736
197 751
197 804
197 845
197 851
197 870
197 871
198 265
198 573
198 685
198 719
198 799
198 853
198 881
198 915
198 922
198 926
198 939
199 222
199 338
199 381
199 521
199 591
199 603
199 647
199 753
199 828
199 905
200 627
200 816
200 891
200 902
200 907
200 960
200 967
200 969
200 980
200 984
200 997
201 424
201 487
201 568
201 891
201 902
201 907
201 960
201 967
201 969
201 977
201 980
202 226
202 308
202 330
202 372
202 464
202 492
202 517
202 553
202 569
202 693
202 770
203 816
203 902
203 907
203 917
203 927
203 960
203 967
203 969
203 981
203 984
203 997
204 652
204 668
204 682
204 752
204 842
204 930
204 937
204 958
204 964
204 998
205 363
205 374
205 627
205 745
205 816
205 901
205 917
205 967
205 969
205 977
205 984
206 713
206 744
206 805
206 815
206 820
206 852
206 877
206 886
206 894
206 946
206 957
207 260
207 390
207 504
207 949
207 961
208 439
208 727
208 771
208 783
208 796
208 802
208 847
208 942
208 943
208 982
208 994
209 298
209 573
209 714
209 799
209 853
209 881
209 915
209 922
209 926
209 939
210 487
210 512
210 745
210 891
210 901
210 907
210 927
210 941
210 977
210 981
210 997
211 406
211 415
211 434
211 689
211 812
211 841
211 854
211 908
211 918
211 934
211 935
212 385
212 669
212 768
212 990
213 257
213 336
213 523
213 544
213 605
213 623
213 671
213 687
213 738
213 916
213 924
213 966
214 605
214 619
214 623
214 687
214 738
214 801
214 913
214 916
214 924
214 966
215 331
215 617
215 666
215 749
215 849
215 868
215 951
215 953
215 968
215 987
215 996
215 1000
217 460
217 578
217 637
217 659
217 675
217 730
217 743
217 784
217 791
217 952
217 991
218 392
218 418
218 511
218 540
218 864
219 625
219 746
219 779
219 831
219 861
219 909
219 937
219 945
219 964
219 965
219 971
220 267
220 276
220 342
220 346
220 695
220 923
220 979
221 264
221 378
221 727
221 789
221 819
221 829
221 847
221 869
221 875
221 910
222 338
222 381
222 521
222 591
222 603
222 647
222 753
222 828
222 905
223 319
223 326
223 543
223 563
223 644
223 688
223 722
223 725
223 810
223 837
223 899
223 914
224 312
224 379
224 562
224 585
224 757
224 761
224 809
224 962
225 692
225 713
225 744
225 805
225 815
225 820
225 852
225 877
225 886
225 894
225 946
225 957
226 308
226 330
226 372
226 464
226 492
226 517
226 553
226 569
226 693
226 770
228 362
228 386
228 510
228 641
228 655
228 694
228 722
228 725
228 731
228 837
228 899
228 914
229 275
229 292
229 359
229 631
229 823
230 316
230 578
230 650
230 659
230 674
230 704
230 730
230 784
230 791
230 952
230 991
231 277
231 309
231 598
231 637
231 650
231 667
231 675
231 704
231 730
231 784
231 952
231 991
232 235
232 351
232 352
232 356
232 358
232 449
232 467
232 499
232 673
232 707
232 973
233 254
233 642
233 664
233 668
233 724
233 779
233 861
233 883
233 909
233 958
233 964
233 974
234 427
234 465
234 683
234 721
234 811
234 879
234 884
234 893
234 897
234 903
234 906
235 307
235 322
235 347
235 356
235 358
235 449
235 467
235 499
235 673
235 707
235 973
236 263
236 393
236 615
236 769
237 315
237 321
237 592
237 612
237 639
237 739
237 759
237 846
237 848
237 856
237 860
237 911
238 600
239 584
239 686
239 741
239 868
239 874
239 944
239 953
239 968
239 972
239 975
239 983
239 1000
240 441
240 459
240 514
240 779
240 781
240 929
240 930
240 958
240 964
240 971
240 976
240 998
241 380
241 535
241 608
241 705
241 800
241 826
241 844
241 872
241 898
241 919
241 931
241 940
242 436
242 539
242 636
242 752
242 831
242 867
242 883
242 909
242 945
242 965
242 974
242 998
243 391
243 560
243 582
243 621
243 638
243 783
243 814
243 875
243 942
243 950
243 994
244 255
244 319
244 446
244 543
244 563
244 641
244 722
244 725
244 810
244 837
244 899
244 914
245 404
245 440
245 448
245 618
245 622
245 736
245 751
245 834
245 851
245 870
245 871
246 286
246 491
246 544
246 738
246 773
246 806
246 913
246 916
246 924
246 966
247 429
247 595
247 597
247 696
247 715
247 748
247 772
247 813
247 818
247 839
247 936
247 955
248 466
248 486
248 532
248 550
248 712
248 740
248 959
249 490
249 734
249 755
249 760
249 771
249 814
249 819
249 829
249 847
249 869
249 921
249 994
251 284
251 505
251 567
251 653
251 720
251 775
251 790
251 895
251 944
251 951
251 953
251 972
252 551
252 571
252 640
252 765
252 827
252 858
252 859
252 896
252 928
252 947
253 403
253 685
253 702
253 719
253 799
253 853
253 881
253 915
253 922
253 926
253 939
254 288
254 664
254 724
254 808
254 867
254 930
254 937
254 964
254 971
255 319
255 543
255 641
255 655
255 688
255 725
255 731
255 810
255 899
255 914
256 316
256 578
256 637
256 650
256 674
256 675
256 704
256 784
256 791
256 952
256 991
257 491
257 671
257 687
257 764
257 773
257 806
257 913
257 916
257 924
257 966
258 272
258 400
258 534
258 556
258 581
258 750
258 836
258 840
258 850
258 857
258 878
258 904
259 285
259 428
259 528
259 542
259 587
259 614
259 708
259 933
260 390
260 504
260 949
260 961
261 692
261 713
261 744
261 805
261 815
261 820
261 852
261 877
261 886
261 894
261 946
261 957
262 554
262 629
262 720
262 782
262 889
262 953
262 968
262 972
262 975
262 983
262 995
262 996
263 393
263 615
263 769
264 582
264 710
264 734
264 802
264 838
264 885
264 892
264 921
264 950
264 994
265 300
265 573
265 702
265 714
265 799
265 853
265 881
265 915
265 922
265 926
265 939
266 396
266 414
266 717
266 737
266 762
266 836
266 840
266 850
266 857
266 878
266 904
267 276
267 342
267 346
267 695
267 923
267 979
268 430
268 678
268 729
268 812
268 841
268 854
268 888
268 908
268 918
268 934
268 935
269 526
269 701
269 785
269 817
269 863
269 880
269 912
269 920
269 954
269 956
269 963
269 970
270 287
270 438
270 471
270 572
270 602
270 774
270 775
270 948
270 972
270 995
270 996
270 1000
271 461
271 656
271 685
271 719
271 799
271 853
271 881
271 915
271 922
271 926
271 939
272 581
272 717
272 737
272 762
272 798
272 836
272 840
272 850
272 857
272 878
272 904
273 283
273 485
273 572
273 594
273 698
273 749
273 797
273 825
273 868
273 887
273 972
273 983
274 403
274 513
274 656
274 702
274 719
274 799
274 853
274 881
274 915
274 922
274 926
274 939
275 292
275 359
275 631
275 823
276 342
276 346
276 695
276 923
276 979
277 598
277 659
277 675
277 700
277 730
277 784
277 791
277 952
277 991
278 468
278 516
278 558
278 607
278 812
278 854
278 862
278 888
278 908
278 918
278 934
278 935
279 462
279 479
279 592
279 612
279 639
279 739
279 759
279 846
279 848
279 856
279 860
279 911
280 368
280 534
280 549
280 581
280 654
280 717
280 737
280 798
280 850
280 857
280 878
280 904
281 417
281 677
281 732
281 786
281 811
281 866
281 879
281 884
281 893
281 897
281 903
281 906
282 426
282 634
282 670
282 832
282 876
282 880
282 912
282 920
282 954
282 956
282 963
282 970
283 567
283 726
283 756
283 790
283 887
283 951
283 975
283 983
283 987
283 995
283 996
283 1000
284 333
284 706
284 797
284 825
284 849
284 855
284 887
284 944
284 996
285 428
285 528
285 542
285 587
285 614
285 708
285 933
286 311
286 336
286 456
286 523
286 801
286 806
286 913
286 924
286 966
287 529
287 602
287 697
287 735
287 790
287 874
287 900
287 944
287 951
287 972
287 987
288 306
288 580
288 781
288 867
288 883
288 937
288 965
288 971
288 974
288 976
288 998
289 311
289 491
289 523
289 548
289 605
289 687
289 773
289 801
289 913
289 916
289 924
289 966
290 560
290 577
290 582
290 609
290 728
290 807
290 814
290 865
290 869
290 943
290 950
290 994
291 481
291 506
291 595
291 696
291 709
291 715
291 748
291 772
291 813
291 818
291 839
291 936
291 955
292 359
292 631
292 823
293 349
293 423
293 551
293 630
293 640
293 827
293 835
293 858
293 859
293 896
293 928
293 947
294 493
294 558
294 689
294 812
294 841
294 854
294 862
294 888
294 908
294 918
294 934
294 935
296 727
296 869
296 885
296 892
296 910
296 921
296 942
296 943
296 982
296 994
297 626
297 692
297 713
297 744
297 805
297 815
297 820
297 852
297 877
297 886
297 894
297 946
297 957
298 480
298 482
298 524
298 656
298 714
298 853
298 881
298 915
298 922
298 926
298 939
299 349
299 369
299 551
299 716
299 765
299 827
299 835
299 858
299 859
299 896
299 928
299 947
300 482
300 573
300 656
300 685
300 719
300 799
300 853
300 881
300 915
300 922
300 926
300 939
301 391
301 582
301 728
301 734
301 796
301 829
301 838
301 847
301 875
301 921
301 982
301 994
302 422
302 636
302 652
302 781
302 867
302 909
302 930
302 958
302 964
302 965
302 971
302 998
303 341
303 594
303 720
303 766
303 774
303 775
303 887
303 889
303 900
303 944
303 972
303 995
303 996
304 345
304 462
304 479
304 592
304 612
304 639
304 739
304 759
304 846
304 848
304 856
304 860
304 911
305 626
305 692
305 713
305 744
305 805
305 815
305 820
305 852
305 877
305 886
305 894
305 946
305 957
306 652
306 752
306 779
306 842
306 929
306 945
306 958
306 965
306 974
306 976
306 998
307 322
307 347
307 352
307 356
307 358
307 449
307 467
307 499
307 673
307 707
307 973
308 330
308 372
308 464
308 492
308 517
308 553
308 569
308 693
308 770
309 637
309 667
309 674
309 700
309 704
309 730
309 743
309 784
309 952
309 991
310 317
310 355
310 437
310 568
310 742
310 917
310 927
310 960
310 967
310 977
310 980
310 981
310 997
311 364
311 413
311 491
311 548
311 619
311 687
311 806
311 913
311 924
311 966
312 379
312 562
312 585
312 757
312 761
312 809
312 962
313 668
313 682
313 822
313 833
313 867
313 909
313 930
313 937
313 958
313 971
313 974
313 976
314 599
314 703
314 711
314 788
314 821
314 844
314 872
314 898
314 919
314 925
314 931
314 940
315 462
315 479
315 592
315 612
315 639
315 739
315 759
315 846
315 848
315 856
315 860
315 911
316 460
316 578
316 667
316 675
316 700
316 704
316 743
316 784
316 791
316 952
316 991
317 424
317 425
317 488
317 561
317 589
317 901
317 927
317 941
317 967
317 981
317 984
317 997
318 662
318 672
318 832
318 863
318 876
318 880
318 882
318 912
318 920
318 954
318 956
318 963
318 970
319 386
319 451
319 475
319 543
319 655
319 688
319 837
319 899
319 914
320 474
320 630
320 640
320 716
320 765
320 827
320 835
320 858
320 859
320 896
320 928
320 947
321 345
321 479
321 592
321 612
321 639
321 739
321 759
321 846
321 848
321 856
321 860
321 911
322 351
322 352
322 356
322 358
322 449
322 467
322 499
322 673
322 707
322 973
323 406
323 507
323 557
323 607
323 729
323 841
323 854
323 862
323 888
323 908
323 918
323 934
323 935
324 335
324 339
324 348
324 394
324 484
324 494
324 508
324 583
324 758
324 778
325 672
325 701
325 832
325 863
325 876
325 880
325 882
325 912
325 920
325 954
325 956
325 963
325 970
326 362
326 510
326 563
326 644
326 655
326 722
326 725
326 731
326 837
326 899
326 914
327 574
327 785
327 832
327 863
327 876
327 880
327 882
327 912
327 920
327 954
327 956
327 963
327 970
328 684
328 705
328 711
328 788
328 792
328 821
328 826
328 844
328 919
328 925
328 931
329 448
329 618
329 622
329 691
329 736
329 751
329 767
329 804
329 834
329 845
329 851
329 870
329 871
330 372
330 464
330 492
330 517
330 553
330 569
330 693
330 770
331 489
331 706
331 741
331 794
331 843
331 873
331 874
331 948
331 975
331 995
331 1000
332 343
332 368
332 654
332 717
332 750
332 762
332 798
332 836
332 840
332 850
332 857
332 878
332 904
333 624
333 629
333 646
333 665
333 735
333 756
333 782
333 825
333 944
333 951
333 995
333 996
335 339
335 348
335 394
335 452
335 484
335 494
335 508
335 583
335 758
335 778
336 384
336 623
336 671
336 773
336 801
336 806
336 913
336 916
336 924
336 966
337 383
337 384
337 491
337 523
337 548
337 605
337 773
337 806
337 913
337 916
337 924
337 966
338 381
338 521
338 591
338 603
338 647
338 753
338 828
338 905
339 348
339 452
339 484
339 494
339 583
339 758
339 778
340 506
340 509
340 616
340 696
340 715
340 748
340 772
340 813
340 818
340 839
340 936
340 955
341 389
341 505
341 584
341 666
341 699
341 873
341 874
341 895
341 951
341 968
341 995
342 346
342 695
342 923
342 979
343 396
343 405
343 556
343 737
343 750
343 762
343 798
343 836
343 840
343 857
343 878
343 904
344 396
344 556
344 581
344 717
344 737
344 762
344 798
344 836
344 840
344 850
344 857
344 878
344 904
345 479
345 592
345 612
345 639
345 739
345 759
345 846
345 848
345 856
345 860
345 911
346 695
346 923
346 979
347 351
347 352
347 356
347 358
347 449
347 467
347 499
347 673
347 707
347 973
348 394
348 452
348 484
348 494
348 508
348 583
348 758
348 778
349 423
349 630
349 640
349 716
349 827
349 858
349 859
349 896
349 928
349 947
350 477
350 624
350 706
350 741
350 873
350 887
350 951
350 968
350 975
350 983
350 987
350 995
351 352
351 356
351 358
351 449
351 467
351 499
351 673
351 707
351 973
352 356
352 358
352 449
352 467
352 499
352 673
352 707
352 973
353 777
353 795
353 830
353 932
353 938
353 978
353 985
353 986
353 988
353 989
353 992
353 993
353 999
354 777
354 795
354 830
354 932
354 938
354 978
354 985
354 986
354 988
354 989
354 992
354 993
354 999
355 373
355 690
355 745
355 891
355 901
355 902
355 977
355 980
355 981
355 984
356 358
356 449
356 467
356 499
356 673
356 707
356 973
357 538
357 601
357 684
357 776
357 788
357 792
357 826
357 844
357 872
357 898
357 919
357 925
357 931
357 940
358 449
358 467
358 499
358 673
358 707
358 973
359 631
359 823
360 405
360 549
360 654
360 717
360 737
360 750
360 762
360 798
360 836
360 840
360 850
360 857
360 878
360 904
361 383
361 605
361 619
361 623
361 671
361 687
361 738
361 764
361 773
361 913
361 916
361 924
361 966
362 451
362 510
362 543
362 641
362 688
362 722
362 725
362 731
362 899
362 914
363 561
363 566
363 690
363 816
363 824
363 891
363 902
363 977
363 980
363 981
363 984
363 997
364 384
364 413
364 491
364 605
364 619
364 623
364 738
364 773
364 801
364 913
364 916
364 924
364 966
365 410
365 643
365 723
365 727
365 755
365 807
365 814
365 829
365 865
365 869
365 885
365 892
365 942
366 514
366 779
366 833
366 929
366 937
366 945
366 958
366 964
366 965
366 971
366 974
366 976
366 998
367 546
367 626
367 692
367 713
367 744
367 805
367 815
367 820
367 852
367 877
367 886
367 894
367 946
367 957
368 534
368 654
368 737
368 750
368 762
368 798
368 836
368 840
368 850
368 857
368 878
368 904
369 474
369 630
369 640
369 716
369 765
369 827
369 835
369 858
369 859
369 896
369 928
369 947
370 495
370 496
370 541
370 677
370 679
370 683
370 721
370 786
370 866
370 879
370 893
370 897
370 903
370 906
371 422
371 539
371 580
371 780
371 781
371 808
371 831
371 842
371 937
371 945
371 964
371 965
371 976
371 998
372 464
372 492
372 517
372 553
372 569
372 693
372 770
373 424
373 487
373 566
373 651
373 745
373 901
373 907
373 917
373 941
373 960
373 969
373 984
374 512
374 742
374 745
374 824
374 927
374 941
374 960
374 967
374 977
374 980
374 981
374 997
375 416
375 417
375 496
375 537
375 541
375 681
375 683
375 732
375 866
375 879
375 884
375 893
375 897
375 903
376 527
376 638
376 643
376 755
376 763
376 789
376 814
376 869
376 921
376 943
376 982
377 414
377 534
377 556
377 581
377 717
377 737
377 750
377 798
377 836
377 840
377 850
377 857
377 878
377 904
378 579
378 660
378 661
378 723
378 755
378 865
378 869
378 885
378 910
378 921
378 942
378 943
378 994
379 562
379 585
379 757
379 761
379 809
379 962
380 442
380 520
380 599
380 601
380 684
380 792
380 821
380 872
380 898
380 919
380 925
380 931
380 940
381 521
381 591
381 603
381 647
381 753
381 828
381 905
382 383
382 413
382 456
382 523
382 605
382 619
382 738
382 764
382 801
382 913
382 916
382 924
382 966
383 413
383 619
383 623
383 671
383 764
383 773
383 801
383 806
383 924
383 966
384 544
384 548
384 605
384 773
384 801
384 913
384 916
384 924
384 966
385 669
385 768
385 990
386 446
386 475
386 644
386 655
386 722
386 725
386 731
386 810
386 837
386 899
386 914
387 490
387 628
387 661
387 663
387 734
387 747
387 819
387 847
387 885
387 942
387 950
387 982
387 994
388 439
388 490
388 628
388 734
388 771
388 783
388 789
388 807
388 829
388 875
388 892
388 950
389 489
389 570
389 782
389 825
389 843
389 868
389 887
389 900
389 944
389 968
389 987
389 996
389 1000
390 504
390 949
390 961
391 444
391 527
391 638
391 663
391 727
391 755
391 789
391 819
391 838
391 865
391 943
391 994
392 418
392 511
392 540
392 864
393 615
393 769
394 452
394 484
394 494
394 508
394 583
394 758
394 778
395 546
395 626
395 692
395 713
395 744
395 805
395 815
395 820
395 852
395 877
395 886
395 894
395 946
395 957
396 534
396 750
396 762
396 798
396 836
396 840
396 850
396 857
396 878
396 904
397 547
397 610
397 618
397 620
397 736
397 751
397 767
397 804
397 845
397 851
397 870
397 871
398 419
398 595
398 597
398 616
398 696
398 709
398 715
398 748
398 772
398 813
398 818
398 839
398 936
398 955
399 495
399 537
399 604
399 677
399 721
399 811
399 866
399 879
399 884
399 893
399 897
399 903
399 906
400 549
400 654
400 717
400 737
400 762
400 798
400 836
400 840
400 850
400 857
400 878
400 904
401 577
401 643
401 783
401 807
401 814
401 838
401 869
401 875
401 910
401 921
401 942
401 950
401 982
401 994
402 777
402 793
402 795
402 830
402 932
402 938
402 978
402 985
402 986
402 988
402 989
402 992
402 993
402 999
403 482
403 524
403 685
403 714
403 719
403 799
403 853
403 881
403 915
403 922
403 926
403 939
404 440
404 448
404 530
404 618
404 767
404 804
404 834
404 851
404 870
404 871
405 556
405 654
405 737
405 750
405 762
405 798
405 836
405 840
405 850
405 857
405 878
405 904
406 500
406 515
406 558
406 607
406 729
406 812
406 862
406 888
406 908
406 918
406 934
406 935
407 625
407 754
407 779
407 780
407 831
407 861
407 883
407 929
407 937
407 965
407 998
408 447
408 566
408 627
408 891
408 902
408 907
408 927
408 960
408 969
408 977
408 980
408 981
408 984
408 997
409 423
409 564
409 571
409 640
409 716
409 765
409 827
409 835
409 858
409 859
409 896
409 928
409 947
410 555
410 609
410 663
410 728
410 787
410 807
410 847
410 869
410 875
410 885
410 943
410 982
410 994
411 642
411 658
411 724
411 752
411 754
411 779
411 808
411 822
411 831
411 861
411 883
411 909
411 964
411 998
412 415
412 493
412 507
412 558
412 678
412 812
412 841
412 854
412 862
412 888
412 908
412 918
412 934
412 935
413 544
413 619
413 738
413 801
413 806
413 913
413 924
413 966
414 534
414 549
414 654
414 717
414 750
414 762
414 836
414 840
414 850
414 857
414 878
414 904
415 515
415 607
415 678
415 812
415 841
415 854
415 862
415 888
415 908
415 918
415 934
415 935
416 417
416 427
416 472
416 496
416 677
416 683
416 732
416 786
416 866
416 879
416 884
416 893
416 903
416 906
417 465
417 613
417 677
417 683
417 786
417 811
417 866
417 884
417 893
417 897
417 903
417 906
418 511
418 540
418 864
419 429
419 481
419 595
419 616
419 696
419 709
419 715
419 748
419 772
419 813
419 818
419 839
419 936
419 955
420 555
420 577
420 660
420 723
420 728
420 734
420 783
420 807
420 819
420 847
420 885
420 921
420 942
420 950
421 455
421 706
421 774
421 782
421 794
421 889
421 944
421 948
421 968
421 983
421 987
421 995
421 996
421 1000
422 441
422 519
422 652
422 752
422 781
422 867
422 929
422 930
422 945
422 971
422 976
422 998
423 474
423 571
423 640
423 765
423 827
423 835
423 858
423 859
423 896
423 928
423 947
424 568
424 589
424 651
424 901
424 907
424 941
424 960
424 967
424 977
424 980
424 984
425 816
425 824
425 907
425 927
425 960
425 967
425 969
425 977
425 980
425 981
425 984
425 997
426 432
426 526
426 648
426 785
426 817
426 863
426 876
426 882
426 912
426 920
426 954
426 956
426 963
426 970
427 604
427 677
427 679
427 681
427 721
427 786
427 811
427 866
427 884
427 893
427 897
427 903
427 906
428 528
428 542
428 587
428 614
428 708
428 933
429 481
429 509
429 597
429 616
429 709
429 715
429 748
429 772
429 813
429 818
429 839
429 936
429 955
430 468
430 500
430 507
430 558
430 678
430 689
430 729
430 812
430 841
430 854
430 888
430 918
430 934
430 935
431 487
431 568
431 651
431 690
431 824
431 902
431 907
431 927
431 941
431 967
431 969
431 977
431 980
431 984
431 997
432 536
432 662
432 701
432 785
432 832
432 863
432 876
432 882
432 912
432 920
432 954
432 956
432 963
432 970
433 463
433 489
433 584
433 698
433 741
433 775
433 782
433 825
433 849
433 873
433 887
433 895
433 900
433 944
433 975
434 468
434 493
434 557
434 558
434 678
434 689
434 729
434 854
434 862
434 888
434 908
434 918
434 934
434 935
435 498
435 546
435 626
435 692
435 713
435 744
435 805
435 815
435 820
435 852
435 877
435 886
435 894
435 946
435 957
436 580
436 625
436 642
436 658
436 831
436 833
436 867
436 937
436 945
436 965
436 971
436 974
436 976
437 487
437 561
437 742
437 891
437 901
437 902
437 917
437 941
437 960
437 967
437 969
437 980
437 997
438 588
438 657
438 697
438 726
438 766
438 782
438 843
438 874
438 900
438 953
438 972
438 987
438 995
438 996
439 628
439 663
439 747
439 755
439 760
439 787
439 796
439 802
439 807
439 814
439 847
439 950
440 476
440 501
440 530
440 575
440 586
440 736
440 751
440 804
440 834
440 845
440 851
440 870
440 871
441 503
441 519
441 658
441 746
441 754
441 779
441 909
441 945
441 958
441 965
441 974
442 608
442 705
442 718
442 788
442 821
442 826
442 872
442 898
442 919
442 925
442 931
442 940
443 476
443 575
443 586
443 618
443 736
443 751
443 767
443 804
443 834
443 845
443 851
443 870
443 871
444 490
444 577
444 638
444 661
444 663
444 783
444 789
444 814
444 829
444 921
444 943
444 950
444 994
445 470
445 590
445 816
445 901
445 907
445 917
445 941
445 960
445 967
445 980
445 981
445 984
445 997
446 473
446 641
446 644
446 655
446 688
446 694
446 810
446 837
446 899
446 914
447 450
447 470
447 522
447 561
447 690
447 816
447 901
447 907
447 927
447 941
447 969
447 977
447 980
447 984
448 501
448 575
448 618
448 620
448 622
448 691
448 736
448 767
448 804
448 845
448 851
448 870
449 467
449 499
449 673
449 707
449 973
450 566
450 590
450 651
450 690
450 816
450 824
450 917
450 927
450 967
450 969
450 980
450 981
450 984
450 997
451 473
451 475
451 543
451 644
451 688
451 694
451 722
451 810
451 837
451 899
451 914
452 484
452 494
452 508
452 583
452 758
452 778
453 463
453 489
453 665
453 697
453 782
453 849
453 873
453 900
453 944
453 948
453 953
453 972
453 996
453 1000
454 458
454 648
454 670
454 680
454 832
454 863
454 876
454 880
454 882
454 912
454 920
454 954
454 956
454 963
454 970
455 471
455 596
455 646
455 665
455 698
455 794
455 825
455 868
455 874
455 889
455 900
455 972
455 975
455 1000
456 523
456 605
456 671
456 738
456 806
456 913
456 916
456 924
456 966
457 507
457 516
457 557
457 607
457 678
457 729
457 841
457 854
457 862
457 888
457 908
457 918
457 934
457 935
458 634
458 648
458 670
458 672
458 817
458 832
458 863
458 876
458 912
458 920
458 954
458 956
458 963
458 970
459 514
459 752
459 754
459 808
459 831
459 833
459 842
459 883
459 909
459 945
459 958
459 965
460 578
460 598
460 637
460 650
460 674
460 700
460 704
460 730
460 743
460 784
460 791
460 952
460 991
461 466
461 480
461 533
461 573
461 656
461 685
461 714
461 799
461 853
461 881
461 915
461 922
461 926
461 939
462 479
462 592
462 612
462 639
462 739
462 759
462 846
462 848
462 856
462 860
462 911
463 485
463 489
463 529
463 646
463 653
463 741
463 794
463 868
463 887
463 948
463 968
463 987
463 995
464 492
464 517
464 553
464 569
464 693
464 770
465 472
465 483
465 677
465 679
465 732
465 786
465 811
465 879
465 884
465 893
465 897
465 903
465 906
466 480
466 482
466 513
466 524
466 702
466 799
466 853
466 881
466 915
466 922
466 926
466 939
467 499
467 673
467 707
467 973
468 516
468 557
468 678
468 812
468 841
468 854
468 888
468 908
468 918
468 934
468 935
469 495
469 541
469 679
469 681
469 683
469 732
469 786
469 811
469 866
469 884
469 893
469 897
469 903
469 906
470 488
470 651
470 745
470 816
470 824
470 891
470 902
470 927
470 977
470 981
470 984
470 997
471 570
471 594
471 606
471 657
471 686
471 706
471 741
471 756
471 797
471 874
471 968
471 972
471 996
471 1000
472 537
472 604
472 613
472 679
472 681
472 786
472 866
472 879
472 884
472 893
472 897
472 903
472 906
473 543
473 641
473 655
473 688
473 694
473 722
473 731
473 810
473 837
473 899
473 914
474 551
474 630
474 640
474 716
474 765
474 827
474 858
474 859
474 896
474 928
474 947
475 510
475 563
475 641
475 722
475 725
475 731
475 810
475 837
475 899
475 914
476 547
476 575
476 618
476 622
476 736
476 767
476 804
476 834
476 845
476 851
476 870
476 871
477 572
477 584
477 666
477 749
477 825
477 849
477 889
477 900
477 944
477 948
477 951
477 953
477 975
477 987
477 1000
478 538
478 552
478 601
478 633
478 676
478 684
478 711
478 776
478 792
478 821
478 826
478 844
478 872
478 919
478 931
478 940
479 592
479 612
479 639
479 739
479 759
479 846
479 848
479 856
479 860
479 911
480 513
480 533
480 656
480 702
480 714
480 719
480 799
480 853
480 881
480 915
480 922
480 926
480 939
481 506
481 509
481 597
481 616
481 696
481 709
481 748
481 772
481 813
481 818
481 839
481 936
481 955
482 533
482 702
482 714
482 719
482 799
482 853
482 881
482 915
482 922
482 926
482 939
483 604
483 613
483 679
483 681
483 721
483 732
483 786
483 811
483 866
483 879
483 884
483 893
483 897
483 903
483 906
484 494
484 508
484 583
484 758
484 778
485 594
485 617
485 629
485 645
485 653
485 735
485 887
485 895
485 944
485 968
485 972
485 995
485 1000
486 532
486 550
486 712
486 740
486 959
487 690
487 742
487 816
487 824
487 917
487 927
487 967
487 969
487 977
487 981
487 997
488 512
488 561
488 745
488 824
488 901
488 902
488 907
488 969
488 977
488 980
488 981
488 984
488 997
489 588
489 686
489 706
489 749
489 825
489 900
489 944
489 948
489 987
489 995
489 1000
490 555
490 661
490 755
490 796
490 814
490 829
490 869
490 921
490 943
490 950
490 994
491 548
491 619
491 671
491 738
491 806
491 913
491 924
491 966
492 517
492 553
492 569
492 693
492 770
493 507
493 515
493 607
493 678
493 812
493 841
493 854
493 862
493 888
493 908
493 918
493 934
493 935
494 508
494 583
494 758
494 778
495 496
495 541
495 679
495 681
495 683
495 732
495 811
495 866
495 879
495 884
495 893
495 897
495 906
496 677
496 721
496 732
496 786
496 811
496 866
496 879
496 884
496 893
496 897
496 903
496 906
497 526
497 634
497 635
497 662
497 670
497 817
497 863
497 876
497 880
497 882
497 912
497 920
497 954
497 956
497 963
497 970
498 546
498 626
498 692
498 713
498 744
498 805
498 815
498 820
498 852
498 877
498 886
498 894
498 946
498 957
499 673
499 707
499 973
500 507
500 515
500 558
500 689
500 729
500 812
500 841
500 854
500 862
500 888
500 908
500 918
500 934
500 935
501 530
501 547
501 622
501 691
501 736
501 751
501 767
501 834
501 845
501 851
501 870
501 871
503 664
503 724
503 780
503 808
503 861
503 883
503 929
503 930
503 937
503 964
503 965
503 971
503 976
503 998
504 949
504 961
505 570
505 629
505 726
505 749
505 775
505 782
505 794
505 953
505 968
505 972
505 983
505 987
505 995
505 996
506 509
506 595
506 597
506 616
506 709
506 715
506 748
506 772
506 813
506 818
506 839
506 936
506 955
507 515
507 557
507 689
507 729
507 862
507 888
507 908
507 918
507 934
507 935
508 583
508 758
508 778
509 595
509 597
509 616
509 709
509 715
509 748
509 772
509 813
509 818
509 839
509 936
509 955
510 543
510 563
510 641
510 655
510 688
510 694
510 731
510 810
510 837
510 899
510 914
511 540
511 574
511 864
512 561
512 690
512 901
512 902
512 917
512 927
512 960
512 967
512 969
512 980
512 981
512 997
513 533
513 656
513 702
513 714
513 719
513 799
513 853
513 881
513 915
513 922
513 926
513 939
514 559
514 642
514 682
514 754
514 833
514 867
514 909
514 929
514 937
514 945
514 965
514 974
514 998
515 558
515 678
515 812
515 841
515 862
515 888
515 908
515 918
515 934
515 935
516 557
516 607
516 729
516 812
516 841
516 854
516 862
516 888
516 908
516 918
516 934
516 935
517 553
517 569
517 693
517 770
518 578
518 598
518 650
518 659
518 667
518 674
518 675
518 700
518 704
518 730
518 784
518 791
518 952
518 991
519 642
519 668
519 779
519 780
519 808
519 822
519 842
519 867
519 937
519 945
519 958
519 976
519 998
520 535
520 538
520 599
520 633
520 676
520 718
520 792
520 826
520 844
520 872
520 898
520 919
520 925
520 931
520 940
521 591
521 603
521 647
521 753
521 828
521 905
522 545
522 566
522 745
522 891
522 901
522 917
522 927
522 941
522 960
522 977
522 980
522 981
522 997
523 548
523 605
523 738
523 773
523 801
523 806
523 913
523 916
523 924
523 966
524 533
524 656
524 685
524 702
524 714
524 719
524 853
524 881
524 915
524 922
524 926
524 939
525 588
525 606
525 653
525 706
525 735
525 766
525 790
525 797
525 873
525 887
525 889
525 948
525 953
525 968
525 987
525 995
526 672
526 680
526 785
526 832
526 863
526 876
526 880
526 882
526 912
526 920
526 954
526 956
526 963
526 970
527 663
527 771
527 787
527 802
527 819
527 838
527 865
527 875
527 885
527 910
527 942
527 994
528 542
528 587
528 614
528 708
528 933
529 588
529 617
529 624
529 698
529 720
529 726
529 741
529 775
529 797
529 944
529 953
529 972
529 975
529 983
529 996
530 610
530 620
530 691
530 736
530 751
530 804
530 834
530 845
530 851
530 870
530 871
531 593
531 649
531 733
531 777
531 793
531 795
531 830
531 932
531 938
531 978
531 985
531 986
531 988
531 989
531 992
531 993
531 999
532 550
532 712
532 740
532 959
533 573
533 656
533 702
533 714
533 799
533 853
533 881
533 915
533 922
533 926
533 939
534 556
534 654
534 737
534 762
534 798
534 836
534 840
534 850
534 857
534 878
534 904
535 676
535 684
535 703
535 705
535 792
535 821
535 826
535 844
535 898
535 919
535 925
535 931
535 940
536 635
536 662
536 680
536 701
536 785
536 817
536 832
536 863
536 880
536 882
536 912
536 920
536 954
536 956
536 963
536 970
537 613
537 679
537 681
537 683
537 721
537 732
537 786
537 811
537 866
537 879
537 884
537 893
537 903
537 906
538 601
538 676
538 703
538 788
538 792
538 800
538 844
538 872
538 898
538 925
538 931
538 940
539 668
539 779
539 780
539 781
539 808
539 842
539 883
539 930
539 937
539 945
539 964
539 965
539 974
539 976
539 998
540 864
541 604
541 613
541 681
541 683
541 721
541 732
541 811
541 879
541 884
541 893
541 897
541 903
541 906
542 587
542 614
542 708
542 933
543 641
543 644
543 688
543 694
543 810
543 837
543 899
543 914
544 687
544 738
544 764
544 773
544 801
544 913
544 916
544 924
544 966
545 589
545 627
545 690
545 901
545 902
545 907
545 917
545 927
545 941
545 960
545 967
545 969
545 980
545 981
545 984
545 997
546 626
546 692
546 713
546 744
546 805
546 815
546 820
546 852
546 877
546 886
546 894
546 946
546 957
547 610
547 618
547 622
547 751
547 767
547 804
547 834
547 845
547 851
547 870
547 871
548 687
548 764
548 773
548 801
548 913
548 924
548 966
549 556
549 717
549 737
549 750
549 762
549 798
549 836
549 840
549 850
549 857
549 878
549 904
550 712
550 740
550 959
551 564
551 640
551 716
551 765
551 827
551 835
551 858
551 859
551 896
551 928
551 947
552 601
552 608
552 633
552 684
552 703
552 705
552 711
552 718
552 792
552 821
552 844
552 898
552 919
552 925
552 931
553 569
553 693
553 770
554 567
554 584
554 629
554 657
554 686
554 726
554 766
554 774
554 944
554 948
554 951
554 968
554 972
554 975
555 660
555 747
555 755
555 760
555 783
555 814
555 829
555 838
555 847
555 865
555 869
555 892
555 982
556 581
556 654
556 717
556 737
556 750
556 762
556 836
556 840
556 850
556 878
556 904
557 678
557 689
557 729
557 812
557 841
557 854
557 888
557 908
557 918
557 934
557 935
558 607
558 689
558 812
558 841
558 862
558 888
558 908
558 918
558 934
558 935
559 658
559 754
559 781
559 833
559 842
559 929
559 930
559 937
559 945
559 964
559 971
559 976
559 998
560 579
560 710
560 727
560 734
560 747
560 789
560 796
560 807
560 838
560 847
560 865
560 885
560 921
560 943
560 982
560 994
561 589
561 745
561 824
561 891
561 907
561 941
561 960
561 967
561 969
561 977
561 981
561 997
562 585
562 757
562 761
562 809
562 962
563 644
563 688
563 694
563 722
563 725
563 731
563 810
563 837
563 899
563 914
564 571
564 630
564 765
564 827
564 835
564 858
564 859
564 896
564 928
564 947
566 742
566 891
566 907
566 927
566 941
566 967
566 969
566 977
566 980
566 981
566 984
567 653
567 720
567 741
567 766
567 774
567 775
567 843
567 895
567 900
567 948
567 951
567 972
567 983
567 995
568 690
568 742
568 901
568 917
568 941
568 960
568 967
568 969
568 977
568 980
568 981
568 984
568 997
569 693
569 770
570 572
570 726
570 756
570 775
570 855
570 868
570 889
570 944
570 951
570 953
570 975
570 983
570 987
571 640
571 716
571 765
571 827
571 835
571 858
571 859
571 896
571 928
571 947
572 602
572 697
572 749
572 782
572 794
572 855
572 874
572 895
572 948
572 972
572 975
572 995
572 996
573 656
573 685
573 702
573 719
573 799
573 853
573 881
573 915
573 922
573 926
573 939
574 576
574 672
574 785
574 817
574 832
574 863
574 876
574 880
574 882
574 912
574 920
574 954
574 956
574 963
574 970
575 586
575 622
575 691
575 736
575 751
575 767
575 804
575 834
575 845
575 851
575 870
575 871
576 635
576 648
576 662
576 701
576 785
576 817
576 832
576 863
576 876
576 880
576 882
576 912
576 920
576 954
576 956
576 963
576 970
577 611
577 661
577 723
577 760
577 763
577 771
577 789
577 829
577 885
577 943
577 982
577 994
578 637
578 659
578 674
578 675
578 700
578 743
578 784
578 791
578 952
578 991
579 582
579 638
579 710
579 747
579 755
579 760
579 771
579 796
579 838
579 869
579 910
579 942
579 950
579 994
580 636
580 652
580 658
580 822
580 833
580 867
580 883
580 909
580 930
580 964
580 965
581 654
581 717
581 750
581 762
581 798
581 836
581 840
581 850
581 857
581 878
581 904
582 611
582 628
582 638
582 660
582 727
582 747
582 760
582 819
582 829
582 838
582 865
582 885
582 994
583 758
583 778
584 596
584 602
584 606
584 653
584 720
584 843
584 889
584 944
584 948
584 951
584 983
584 995
584 996
585 757
585 761
585 809
585 962
586 618
586 620
586 691
586 736
586 751
586 767
586 834
586 845
586 851
586 870
586 871
587 614
587 708
587 933
588 653
588 749
588 756
588 797
588 825
588 843
588 855
588 873
588 900
588 948
588 968
588 975
588 983
588 1000
589 690
589 816
589 824
589 902
589 907
589 917
589 927
589 941
589 960
589 969
589 977
589 980
589 984
589 997
590 651
590 742
590 891
590 901
590 902
590 907
590 917
590 927
590 941
590 960
590 969
590 977
590 980
590 981
590 984
590 997
591 603
591 647
591 753
591 828
591 905
592 612
592 639
592 739
592 759
592 846
592 848
592 856
592 860
592 911
593 649
593 733
593 777
593 793
593 795
593 830
593 932
593 938
593 978
593 985
593 986
593 988
593 989
593 992
593 993
593 999
594 617
594 665
594 726
594 756
594 775
594 797
594 849
594 874
594 895
594 948
594 951
594 953
594 987
595 597
595 616
595 696
595 709
595 715
595 748
595 772
595 813
595 818
595 839
595 936
595 955
596 602
596 617
596 645
596 697
596 766
596 874
596 887
596 895
596 900
596 953
596 968
596 975
596 987
596 995
596 996
596 1000
597 616
597 696
597 709
597 715
597 748
597 772
597 813
597 818
597 839
597 936
597 955
598 637
598 650
598 659
598 667
598 675
598 700
598 704
598 730
598 743
598 784
598 791
598 952
598 991
599 601
599 676
599 684
599 705
599 718
599 776
599 788
599 792
599 800
599 821
599 826
599 844
599 919
599 931
599 940
601 684
601 703
601 705
601 718
601 788
601 800
601 826
601 844
601 872
601 919
601 925
601 931
601 940
602 686
602 741
602 756
602 775
602 790
602 868
602 874
602 889
602 900
602 951
602 968
602 983
603 647
603 753
603 828
603 905
604 677
604 683
604 721
604 732
604 786
604 811
604 866
604 879
604 884
604 897
604 903
604 906
605 623
605 687
605 764
605 801
605 913
605 916
605 924
605 966
606 774
606 794
606 797
606 843
606 849
606 868
606 873
606 887
606 900
606 944
606 948
606 951
606 953
606 975
606 987
606 996
607 729
607 812
607 841
607 862
607 888
607 908
607 918
607 934
607 935
608 633
608 703
608 711
608 776
608 788
608 792
608 800
608 821
608 826
608 872
608 898
608 919
608 925
608 931
608 940
609 621
609 723
609 747
609 755
609 760
609 763
609 783
609 787
609 838
609 869
609 875
609 942
609 950
609 982
609 994
610 618
610 620
610 691
610 736
610 751
610 767
610 804
610 834
610 845
610 851
610 870
610 871
611 660
611 710
611 771
611 787
611 796
611 802
611 814
611 829
611 875
611 910
611 943
611 950
611 982
611 994
612 639
612 739
612 759
612 846
612 848
612 856
612 860
612 911
613 677
613 679
613 721
613 732
613 786
613 811
613 866
613 879
613 884
613 893
613 897
613 903
613 906
614 708
614 793
614 933
615 769
616 696
616 709
616 715
616 748
616 772
616 813
616 818
616 839
616 936
616 955
617 645
617 653
617 665
617 666
617 756
617 766
617 775
617 843
617 849
617 983
617 987
617 995
617 996
618 622
618 691
618 751
618 767
618 834
618 845
618 851
618 871
619 671
619 764
619 806
619 916
619 924
619 966
620 622
620 691
620 736
620 767
620 804
620 834
620 851
620 870
620 871
621 628
621 638
621 661
621 710
621 723
621 763
621 771
621 787
621 796
621 807
621 838
621 847
621 865
621 875
621 892
621 942
621 943
622 691
622 751
622 804
622 845
622 851
622 870
622 871
623 671
623 687
623 738
623 764
623 773
623 801
623 913
623 916
623 924
623 966
624 665
624 698
624 706
624 720
624 790
624 797
624 825
624 843
624 849
624 868
624 887
624 900
624 948
624 951
624 983
624 1000
625 636
625 652
625 682
625 746
625 780
625 808
625 833
625 861
625 867
625 883
625 929
625 958
625 964
625 965
625 971
625 974
625 998
626 692
626 713
626 744
626 805
626 815
626 820
626 852
626 877
626 886
626 894
626 946
626 957
627 745
627 816
627 824
627 891
627 901
627 902
627 907
627 927
627 941
627 960
627 969
627 977
627 980
627 981
627 984
628 638
628 747
628 760
628 796
628 802
628 865
628 910
628 942
628 943
628 950
628 982
628 994
629 706
629 794
629 797
629 825
629 843
629 873
629 887
629 895
629 900
629 944
629 948
629 951
629 975
629 983
629 995
630 640
630 716
630 765
630 827
630 835
630 858
630 896
630 928
630 947
631 823
633 711
633 718
633 776
633 788
633 792
633 800
633 821
633 844
633 872
633 898
633 925
633 940
634 635
634 648
634 670
634 701
634 817
634 832
634 863
634 876
634 880
634 882
634 912
634 920
634 954
634 956
634 963
634 970
635 662
635 670
635 680
635 701
635 785
635 817
635 832
635 876
635 880
635 882
635 912
635 920
635 954
635 956
635 963
635 970
636 652
636 682
636 724
636 754
636 781
636 822
636 867
636 883
636 937
636 964
636 971
636 974
636 976
636 998
637 659
637 667
637 674
637 675
637 700
637 704
637 730
637 743
637 784
637 791
637 952
637 991
638 763
638 771
638 796
638 829
638 865
638 885
638 910
638 921
638 943
638 982
639 739
639 759
639 846
639 848
639 856
639 860
639 911
640 716
640 827
640 835
640 858
640 859
640 896
640 928
640 947
641 644
641 655
641 688
641 694
641 731
641 810
641 837
641 899
641 914
642 652
642 746
642 754
642 780
642 781
642 808
642 842
642 929
642 958
642 964
642 965
642 974
643 727
643 755
643 771
643 783
643 789
643 802
643 807
643 814
643 819
643 847
643 865
643 869
643 885
643 892
643 910
643 950
643 982
644 655
644 688
644 694
644 725
644 731
644 810
644 837
644 899
644 914
645 741
645 774
645 775
645 794
645 843
645 855
645 889
645 900
645 944
645 953
645 968
645 972
645 975
645 983
645 987
645 996
646 697
646 726
646 735
646 741
646 766
646 774
646 775
646 790
646 843
646 868
646 887
646 951
646 968
646 987
646 995
646 1000
647 753
647 828
647 905
648 662
648 672
648 680
648 701
648 785
648 817
648 876
648 880
648 882
648 912
648 920
648 954
648 956
648 963
648 970
649 733
649 777
649 793
649 795
649 830
649 932
649 938
649 978
649 985
649 986
649 988
649 989
649 992
649 993
649 999
650 659
650 667
650 674
650 675
650 700
650 730
650 743
650 784
650 791
650 952
650 991
651 690
651 816
651 891
651 907
651 917
651 927
651 941
651 960
651 967
651 969
651 977
651 981
651 997
652 664
652 668
652 781
652 833
652 861
652 883
652 909
652 929
652 930
652 945
652 976
652 998
653 698
653 766
653 825
653 868
653 874
653 951
653 972
653 983
653 995
653 996
653 1000
654 717
654 737
654 750
654 762
654 798
654 836
654 850
654 857
654 878
654 904
655 688
655 694
655 722
655 810
655 837
655 899
655 914
656 685
656 702
656 714
656 719
656 853
656 881
656 915
656 922
656 926
656 939
657 665
657 686
657 697
657 698
657 699
657 756
657 774
657 782
657 790
657 825
657 874
657 887
657 889
657 953
657 996
657 1000
658 754
658 781
658 822
658 833
658 867
658 883
658 929
658 930
658 945
658 958
658 964
658 965
658 976
658 998
659 667
659 674
659 675
659 700
659 704
659 730
659 743
659 791
659 952
659 991
660 710
660 723
660 728
660 734
660 755
660 771
660 787
660 838
660 865
660 885
660 892
660 910
660 921
660 943
660 982
661 727
661 734
661 747
661 755
661 763
661 789
661 807
661 838
661 847
661 892
661 921
661 942
661 943
661 982
662 680
662 785
662 817
662 832
662 863
662 876
662 880
662 882
662 912
662 920
662 954
662 956
662 963
662 970
663 728
663 771
663 783
663 789
663 807
663 829
663 847
663 869
663 875
663 910
663 942
663 950
663 982
664 724
664 754
664 779
664 780
664 808
664 831
664 883
664 909
664 929
664 930
664 945
664 958
664 971
664 974
664 976
664 998
665 666
665 699
665 735
665 790
665 849
665 855
665 889
665 900
665 953
665 968
665 987
665 1000
666 726
666 749
666 766
666 775
666 790
666 843
666 874
666 900
666 944
666 948
666 972
666 983
666 987
666 995
666 996
666 1000
667 674
667 675
667 700
667 704
667 730
667 743
667 784
667 952
667 991
668 682
668 724
668 754
668 780
668 833
668 842
668 883
668 909
668 930
668 937
668 965
668 971
668 976
668 998
669 768
669 990
670 672
670 785
670 817
670 832
670 863
670 876
670 880
670 882
670 912
670 920
670 954
670 956
670 963
670 970
671 687
671 738
671 773
671 801
671 806
671 913
671 916
671 924
671 966
672 680
672 785
672 817
672 832
672 863
672 876
672 880
672 882
672 912
672 920
672 954
672 956
672 963
672 970
673 707
673 973
674 675
674 700
674 704
674 730
674 743
674 784
674 791
674 952
674 991
675 700
675 704
675 730
675 743
675 784
675 791
675 952
675 991
676 703
676 705
676 711
676 718
676 776
676 788
676 800
676 844
676 872
676 898
676 919
676 925
676 931
676 940
677 679
677 721
677 732
677 786
677 879
677 884
677 893
677 897
677 903
677 906
678 689
678 729
678 812
678 854
678 862
678 888
678 908
678 918
678 934
678 935
679 681
679 683
679 811
679 866
679 879
679 884
679 893
679 897
679 903
679 906
680 701
680 785
680 817
680 832
680 863
680 876
680 880
680 882
680 912
680 920
680 954
680 956
680 963
680 970
681 721
681 732
681 786
681 811
681 866
681 879
681 893
681 897
681 903
681 906
682 752
682 780
682 822
682 833
682 861
682 883
682 945
682 958
682 964
682 965
682 976
682 998
683 721
683 732
683 786
683 811
683 866
683 879
683 893
683 897
683 903
683 906
684 711
684 776
684 788
684 800
684 821
684 826
684 872
684 898
684 919
684 925
684 931
684 940
685 702
685 714
685 719
685 799
685 853
685 881
685 915
685 922
685 926
685 939
686 706
686 726
686 735
686 741
686 849
686 855
686 874
686 944
686 948
686 953
686 968
686 975
686 983
686 987
686 1000
687 738
687 764
687 806
687 913
687 916
687 924
687 966
688 694
688 725
688 731
688 810
688 837
688 899
688 914
689 729
689 812
689 841
689 854
689 862
689 888
689 908
689 918
689 934
689 935
690 891
690 901
690 902
690 917
690 941
690 977
690 980
690 981
690 984
690 997
691 736
691 751
691 804
691 834
691 845
691 851
691 870
691 871
692 713
692 744
692 805
692 815
692 820
692 852
692 877
692 886
692 894
692 946
692 957
693 770
694 725
694 731
694 810
694 837
694 899
694 914
695 923
695 979
696 709
696 715
696 748
696 772
696 813
696 818
696 839
696 936
696 955
697 706
697 766
697 775
697 782
697 855
697 874
697 887
697 944
697 951
697 968
697 975
697 996
697 1000
698 699
698 726
698 843
698 849
698 868
698 873
698 889
698 948
698 968
698 975
698 983
699 741
699 749
699 774
699 790
699 797
699 825
699 849
699 873
699 887
699 900
699 951
699 953
699 975
699 987
699 1000
700 704
700 730
700 743
700 784
700 791
700 952
700 991
701 785
701 817
701 863
701 876
701 880
701 882
701 912
701 920
701 954
701 956
701 963
701 970
702 714
702 799
702 853
702 881
702 915
702 922
702 926
702 939
703 705
703 711
703 776
703 821
703 826
703 844
703 872
703 898
703 919
703 925
703 931
703 940
704 730
704 743
704 784
704 791
704 952
704 991
705 711
705 718
705 788
705 792
705 800
705 821
705 826
705 844
705 872
705 898
705 925
705 931
705 940
706 735
706 774
706 775
706 855
706 873
706 895
706 948
706 951
706 983
706 987
706 1000
707 973
708 933
709 715
709 748
709 772
709 813
709 818
709 839
709 936
709 955
710 728
710 747
710 760
710 763
710 789
710 796
710 814
710 847
710 869
710 910
710 921
710 942
710 943
710 994
711 718
711 776
711 792
711 800
711 821
711 826
711 844
711 872
711 898
711 925
711 931
711 940
712 740
712 959
713 744
713 805
713 815
713 820
713 852
713 877
713 886
713 894
713 946
713 957
714 719
714 799
714 853
714 881
714 915
714 922
714 926
714 939
715 748
715 772
715 813
715 818
715 839
715 936
715 955
716 765
716 827
716 835
716 858
716 859
716 896
716 928
716 947
717 737
717 750
717 798
717 840
717 850
717 857
717 878
717 904
718 776
718 826
718 844
718 872
718 898
718 919
718 925
718 931
718 940
719 799
719 853
719 881
719 915
719 922
719 926
719 939
720 726
720 735
720 782
720 794
720 797
720 825
720 843
720 873
720 889
720 895
720 948
720 951
720 983
720 995
720 996
720 1000
721 732
721 786
721 866
721 879
721 884
721 893
721 897
721 903
721 906
722 725
722 731
722 810
722 837
722 899
722 914
723 728
723 734
723 763
723 789
723 796
723 802
723 829
723 838
723 869
723 921
723 942
723 950
723 982
723 994
724 746
724 779
724 781
724 861
724 909
724 929
724 930
724 937
724 945
724 964
724 965
724 976
725 731
725 810
725 837
725 899
725 914
726 749
726 790
726 849
726 874
726 887
726 951
726 953
726 972
726 995
726 1000
727 755
727 760
727 787
727 802
727 838
727 865
727 892
727 910
727 921
727 942
727 943
727 982
727 994
728 734
728 755
728 760
728 789
728 807
728 829
728 838
728 885
728 892
728 921
728 943
728 994
729 841
729 854
729 862
729 908
729 918
729 934
729 935
730 743
730 784
730 791
730 952
730 991
731 810
731 837
731 899
731 914
732 866
732 879
732 884
732 893
732 897
732 903
732 906
733 777
733 793
733 795
733 830
733 932
733 938
733 978
733 985
733 986
733 988
733 989
733 992
733 993
733 999
734 755
734 771
734 796
734 819
734 865
734 869
734 885
734 892
734 943
734 950
734 982
734 994
735 782
735 790
735 794
735 797
735 843
735 887
735 889
735 948
735 953
735 968
735 972
735 987
735 995
736 767
736 804
736 834
736 851
736 870
736 871
737 750
737 762
737 798
737 836
737 840
737 850
737 857
737 878
737 904
738 764
738 801
738 806
738 913
738 916
738 924
738 966
739 759
739 846
739 848
739 856
739 860
739 911
740 959
741 749
741 756
741 825
741 843
741 855
741 889
741 900
741 972
741 983
741 995
742 745
742 824
742 891
742 901
742 902
742 907
742 917
742 941
742 960
742 967
742 969
742 980
742 981
742 984
742 997
743 784
743 791
743 952
743 991
744 805
744 815
744 820
744 852
744 877
744 886
744 894
744 946
744 957
745 891
745 907
745 917
745 927
745 941
745 960
745 967
745 969
745 977
745 981
745 984
745 997
746 752
746 808
746 822
746 842
746 861
746 867
746 883
746 909
746 929
746 930
746 945
746 958
746 965
746 974
746 976
747 763
747 783
747 796
747 802
747 814
747 819
747 838
747 847
747 865
747 875
747 942
747 950
748 772
748 813
748 818
748 839
748 936
748 955
749 756
749 794
749 797
749 855
749 873
749 944
749 953
749 972
749 975
749 983
749 995
749 996
750 762
750 798
750 836
750 840
750 850
750 857
750 878
750 904
751 834
751 845
751 851
751 871
752 779
752 822
752 831
752 833
752 842
752 861
752 909
752 930
752 945
752 958
752 964
752 965
752 971
752 974
752 976
753 828
753 905
754 780
754 808
754 822
754 861
754 867
754 883
754 929
754 930
754 937
754 945
754 965
754 998
755 783
755 787
755 802
755 819
755 875
755 910
755 950
755 982
756 774
756 794
756 849
756 855
756 874
756 944
756 948
756 968
756 972
756 975
756 996
757 761
757 809
757 962
758 778
759 846
759 848
759 856
759 860
759 911
760 783
760 787
760 789
760 796
760 802
760 829
760 869
760 885
760 892
760 942
760 943
760 950
761 809
761 962
762 798
762 840
762 850
762 878
762 904
763 771
763 796
763 807
763 814
763 819
763 838
763 847
763 875
763 910
763 942
763 943
763 950
763 994
764 773
764 806
764 913
764 916
764 924
764 966
765 827
765 835
765 858
765 859
765 896
765 928
765 947
766 855
766 873
766 874
766 887
766 889
766 895
766 944
766 951
766 972
766 987
766 996
766 1000
767 804
767 834
767 845
767 870
767 871
768 990
771 802
771 829
771 875
771 885
771 892
771 910
771 921
771 943
771 950
771 982
772 813
772 818
772 839
772 936
772 955
773 801
773 806
773 913
773 916
773 966
774 782
774 794
774 825
774 849
774 855
774 873
774 895
774 900
774 951
774 953
774 983
774 995
774 996
775 889
775 895
775 968
775 983
775 987
775 995
775 996
775 1000
776 788
776 792
776 800
776 821
776 844
776 872
776 898
776 919
776 925
776 940
777 793
777 795
777 830
777 932
777 938
777 978
777 985
777 986
777 988
777 989
777 992
777 993
777 999
779 831
779 833
779 861
779 929
779 930
779 937
779 958
779 971
779 974
779 998
780 808
780 822
780 831
780 842
780 861
780 883
780 909
780 929
780 930
780 964
780 971
780 974
780 976
781 808
781 822
781 831
781 833
781 842
781 930
781 937
781 945
781 964
781 965
781 971
781 998
782 794
782 843
782 868
782 944
782 948
782 951
782 953
782 968
782 972
782 975
782 995
782 1000
783 787
783 802
783 807
783 847
783 869
783 910
783 921
783 942
783 943
783 950
783 982
783 994
784 791
784 952
784 991
785 817
785 832
785 863
785 880
785 882
785 912
785 920
785 954
785 956
785 963
785 970
786 811
786 866
786 879
786 884
786 893
786 897
786 903
786 906
787 814
787 819
787 838
787 865
787 869
787 910
787 943
787 950
787 982
787 994
788 792
788 800
788 826
788 872
788 898
788 919
788 925
788 931
788 940
789 802
789 865
789 869
789 885
789 892
789 910
789 942
789 950
789 982
790 794
790 797
790 843
790 868
790 873
790 874
790 948
790 968
790 972
790 975
790 995
790 1000
791 952
791 991
792 821
792 826
792 844
792 872
792 898
792 919
792 925
792 931
792 940
793 795
793 830
793 932
793 938
793 978
793 985
793 986
793 988
793 989
793 992
793 993
793 999
794 849
794 868
794 873
794 895
794 900
794 944
794 951
794 987
794 996
795 830
795 932
795 938
795 978
795 985
795 986
795 988
795 989
795 992
795 993
795 999
796 838
796 885
796 910
796 921
796 943
796 950
796 982
797 849
797 855
797 874
797 900
797 948
797 983
797 987
797 996
798 836
798 840
798 850
798 857
798 878
798 904
799 853
799 881
799 915
799 922
799 926
799 939
800 821
800 826
800 844
800 898
800 919
800 925
800 931
800 940
801 913
801 916
801 966
802 814
802 829
802 847
802 865
802 875
802 885
802 892
802 910
802 921
802 942
802 950
802 994
804 834
804 845
804 851
804 870
804 871
805 815
805 820
805 852
805 877
805 886
805 894
805 946
805 957
806 913
806 916
806 924
806 966
807 819
807 838
807 847
807 865
807 869
807 875
807 892
807 910
807 942
807 943
807 950
807 994
808 831
808 861
808 909
808 929
808 930
808 937
808 945
808 958
808 964
808 976
809 962
810 899
810 914
811 866
811 879
811 884
811 893
811 897
811 903
811 906
812 841
812 854
812 862
812 888
812 908
812 918
812 934
812 935
813 818
813 839
813 936
813 955
814 819
814 847
814 875
814 892
814 942
814 943
814 982
814 994
815 820
815 852
815 877
815 886
815 894
815 946
815 957
816 824
816 901
816 902
816 917
816 927
816 941
816 960
816 967
816 969
816 977
816 980
816 981
816 984
817 832
817 876
817 880
817 882
817 912
817 920
817 954
817 956
817 963
817 970
818 839
818 936
818 955
819 829
819 875
819 885
819 910
819 942
819 943
819 950
820 852
820 877
820 886
820 894
820 946
820 957
821 844
821 872
821 898
821 919
821 925
821 931
821 940
822 842
822 867
822 909
822 930
822 937
822 945
822 958
822 965
822 971
822 974
822 976
823 857
824 901
824 907
824 927
824 941
824 960
824 967
824 977
824 980
824 981
824 984
824 997
825 873
825 874
825 944
825 951
825 953
825 968
825 975
825 983
825 987
825 1000
826 872
826 898
826 919
826 925
826 931
827 835
827 858
827 859
827 896
827 928
827 947
828 905
829 865
829 869
829 885
829 910
829 921
829 982
830 932
830 938
830 978
830 985
830 986
830 988
830 989
830 992
830 993
830 999
831 861
831 867
831 909
831 929
831 930
831 945
831 958
831 964
831 965
831 974
831 976
831 998
832 863
832 876
832 880
832 882
832 912
832 920
832 954
832 956
832 963
832 970
833 867
833 909
833 930
833 945
833 964
833 971
833 974
833 976
833 998
834 845
834 851
834 870
834 871
835 858
835 859
835 896
835 928
835 947
836 840
836 850
836 857
836 878
836 904
837 899
837 914
838 875
838 892
838 921
838 942
838 950
838 982
839 936
839 955
840 850
840 857
840 878
840 904
841 854
841 862
841 888
841 908
841 918
841 934
841 935
842 909
842 929
842 930
842 937
842 964
842 965
842 974
842 976
842 998
843 849
843 855
843 868
843 895
843 900
843 948
843 953
843 972
843 1000
844 872
844 898
844 919
844 925
844 931
844 940
845 851
845 871
846 848
846 856
846 860
846 911
847 865
847 892
847 921
847 942
847 950
847 982
848 856
848 860
848 911
849 855
849 873
849 895
849 948
849 951
849 953
849 972
849 983
849 1000
850 857
850 878
850 904
851 870
851 871
852 877
852 886
852 894
852 946
852 957
853 881
853 915
853 922
853 926
853 939
854 862
854 888
854 908
854 918
854 934
854 935
855 868
855 873
855 887
855 889
855 948
855 951
855 968
855 972
855 987
855 995
855 996
855 1000
856 860
856 911
857 878
857 904
858 859
858 896
858 928
858 947
859 896
859 928
859 947
860 911
861 867
861 883
861 909
861 930
861 937
861 945
861 958
861 964
861 965
861 971
861 974
862 888
862 908
862 918
862 934
862 935
863 876
863 880
863 882
863 912
863 920
863 954
863 956
863 963
863 970
865 869
865 892
865 910
865 921
865 942
865 982
865 994
866 879
866 884
866 893
866 897
866 903
866 906
867 909
867 929
867 964
867 974
867 976
867 998
868 874
868 887
868 900
868 944
868 968
868 972
868 975
868 983
868 995
868 1000
869 875
869 942
869 943
869 994
870 871
872 919
872 925
872 931
872 940
873 874
873 889
873 895
873 900
873 951
873 968
873 995
873 996
874 948
874 953
874 968
874 972
874 987
874 995
874 996
875 885
875 892
875 910
875 921
875 942
875 943
875 950
875 982
876 880
876 882
876 912
876 920
876 954
876 956
876 963
876 970
877 886
877 894
877 946
877 957
878 904
879 884
879 893
879 897
879 903
879 906
880 882
880 912
880 920
880 954
880 956
880 963
880 970
881 915
881 922
881 926
881 939
882 912
882 920
882 954
882 956
882 963
882 970
883 909
883 929
883 930
883 965
883 971
883 974
883 998
884 893
884 897
884 903
884 906
885 892
885 921
885 943
885 982
886 894
886 946
886 957
887 895
887 944
887 948
887 953
887 968
887 975
887 987
887 1000
888 908
888 918
888 934
888 935
889 948
889 951
889 953
889 968
889 972
889 975
889 987
889 995
889 1000
891 901
891 902
891 907
891 917
891 927
891 941
891 960
891 967
891 969
891 977
891 980
891 981
891 984
891 997
892 921
892 942
892 943
892 950
892 982
892 994
893 897
893 903
893 906
894 946
894 957
895 900
895 944
895 948
895 972
895 975
895 983
895 987
895 996
895 1000
896 928
896 947
897 903
897 906
898 919
898 925
898 931
898 940
899 914
900 944
900 951
900 953
900 972
900 975
900 983
900 987
901 902
901 917
901 927
901 941
901 960
901 969
901 981
901 984
901 997
902 917
902 927
902 960
902 967
902 977
902 980
902 981
902 984
902 997
903 906
907 917
907 927
907 960
907 967
907 969
907 977
907 980
907 981
907 984
907 997
908 918
908 934
908 935
909 929
909 930
909 937
909 945
909 971
909 974
909 998
910 942
910 943
910 950
910 982
910 994
912 920
912 954
912 956
912 963
912 970
913 916
913 924
913 966
915 922
915 926
915 939
916 924
916 966
917 927
917 941
917 960
917 967
917 969
917 977
917 980
917 981
917 984
917 997
918 934
918 935
919 925
919 931
919 940
920 954
920 956
920 963
920 970
921 950
921 982
921 994
922 926
922 939
923 979
924 966
925 931
925 940
926 939
927 960
927 969
927 977
927 980
927 981
927 984
927 997
928 947
929 930
929 945
929 958
929 964
929 965
929 971
929 976
929 998
930 964
930 974
930 976
931 940
932 938
932 978
932 985
932 986
932 988
932 989
932 992
932 993
932 999
934 935
936 955
937 945
937 965
937 971
937 974
937 976
937 998
938 978
938 985
938 986
938 988
938 989
938 992
938 993
938 999
941 967
941 969
941 977
941 980
941 984
942 943
942 950
942 994
943 950
943 982
944 953
944 968
944 975
944 995
944 996
945 958
945 964
945 965
945 971
945 976
946 957
948 951
948 987
948 1000
949 961
950 982
951 968
951 975
951 995
952 991
953 972
953 975
953 983
953 995
953 996
953 1000
954 956
954 963
954 970
956 963
956 970
958 964
958 965
958 971
958 974
958 976
958 998
960 967
960 969
960 977
960 980
960 981
960 984
960 997
963 970
964 971
964 974
964 976
964 998
965 974
965 998
967 969
967 977
967 980
967 981
967 984
967 997
968 975
968 983
968 987
968 995
969 977
969 980
969 981
969 984
969 997
971 974
971 976
971 998
972 975
972 995
972 996
974 976
974 998
975 983
975 987
975 996
975 1000
976 998
977 981
977 984
977 997
978 985
978 986
978 988
978 989
978 992
978 993
978 999
980 981
980 984
980 997
981 984
981 997
982 994
983 987
983 995
983 1000
984 997
985 986
985 988
985 989
985 992
985 993
985 999
986 988
986 989
986 992
986 993
986 999
987 995
987 996
987 1000
988 989
988 992
988 993
988 999
989 992
989 993
989 999
992 993
992 999
993 999
996 1000
