1 335
1 339
1 394
1 484
1 494
1 508
1 583
1 744
1 758
1 778
2 326
2 444
2 563
2 655
2 694
2 722
2 725
2 810
2 837
2 899
3 190
3 397
3 404
3 530
3 691
3 767
3 845
3 851
3 870
3 871
4 98
4 123
4 236
4 263
4 307
4 393
4 769
4 804
4 997
5 284
5 428
5 455
5 606
5 825
5 849
5 873
5 889
5 953
5 1000
6 208
6 378
6 388
6 527
6 755
6 783
6 942
6 943
6 982
6 999
7 295
7 502
7 782
7 803
7 866
7 884
7 893
7 897
7 903
7 906
8 637
8 659
8 667
8 675
8 700
8 743
8 784
8 791
8 808
8 952
9 222
9 275
9 392
9 415
9 418
9 511
9 540
9 587
9 864
9 991
10 27
10 365
10 643
10 885
10 910
10 921
10 942
10 943
10 950
10 999
11 595
11 597
11 709
11 715
11 748
11 772
11 818
11 839
11 919
11 955
12 343
12 377
12 717
12 750
12 762
12 823
12 836
12 850
12 878
12 904
14 84
14 150
14 170
14 212
14 359
14 372
14 669
14 768
14 990
15 214
15 382
15 605
15 806
15 913
15 916
15 924
15 949
15 966
15 978
16 329
16 448
16 530
16 691
16 751
16 767
16 834
16 845
16 851
16 871
17 155
17 161
17 387
17 391
17 621
17 771
17 807
17 950
17 994
17 999
18 55
18 328
18 684
18 800
18 826
18 844
18 872
18 925
18 931
18 940
19 96
19 226
19 335
19 348
19 494
19 508
19 583
19 744
19 758
19 778
20 71
20 81
20 285
20 466
20 528
20 542
20 614
20 933
21 97
21 134
21 183
21 600
21 814
22 243
22 388
22 710
22 721
22 755
22 787
22 802
22 910
22 921
22 982
23 328
23 520
23 676
23 684
23 705
23 792
23 872
23 898
23 925
23 940
24 34
24 519
24 752
24 779
24 822
24 930
24 958
24 964
24 974
24 998
25 345
25 462
25 479
25 579
25 592
25 612
25 639
25 739
25 759
25 860
26 218
26 222
26 392
26 415
26 418
26 511
26 540
26 587
26 864
26 991
27 376
27 420
27 721
27 727
27 734
27 847
27 885
27 943
27 999
28 220
28 321
28 342
28 346
28 695
28 765
28 795
28 923
28 979
28 987
29 273
29 284
29 525
29 646
29 686
29 741
29 889
29 951
29 968
29 983
31 53
31 410
31 436
31 727
31 796
31 819
31 847
31 943
31 982
31 994
32 48
32 219
32 438
32 485
32 584
32 666
32 825
32 895
32 968
32 995
34 459
34 514
34 519
34 625
34 652
34 781
34 929
34 971
34 976
35 830
35 890
35 932
35 938
35 985
35 986
35 988
35 989
35 992
35 993
36 636
36 642
36 682
36 883
36 909
36 929
36 945
36 964
36 976
36 998
37 41
37 192
37 330
37 464
37 492
37 517
37 553
37 569
37 770
38 133
38 251
38 706
38 874
38 900
38 953
38 968
38 972
38 996
38 1000
39 824
39 917
39 941
39 960
39 967
39 969
39 977
39 980
39 981
39 984
40 397
40 575
40 622
40 691
40 767
40 834
40 845
40 851
40 870
40 871
41 192
41 330
41 464
41 492
41 517
41 553
41 569
41 770
42 258
42 717
42 723
42 750
42 798
42 823
42 840
42 850
42 878
42 904
43 668
43 781
43 883
43 930
43 937
43 958
43 964
43 965
43 971
43 974
44 625
44 636
44 642
44 664
44 752
44 929
44 930
44 971
44 974
44 976
45 555
45 611
45 618
45 643
45 710
45 783
45 892
45 942
45 943
45 999
46 462
46 479
46 509
46 579
46 592
46 612
46 639
46 739
46 759
46 860
47 64
47 94
47 207
47 309
47 469
47 535
47 626
47 790
47 809
47 961
48 455
48 749
48 873
48 887
48 944
48 948
48 972
48 995
48 996
49 558
49 729
49 854
49 862
49 888
49 908
49 914
49 918
49 934
49 935
50 158
50 539
50 822
50 833
50 883
50 958
50 965
50 971
50 976
50 998
51 504
51 684
51 705
51 718
51 776
51 800
51 872
51 898
51 931
51 940
52 293
52 349
52 630
52 640
52 835
52 858
52 859
52 896
52 928
52 947
53 660
53 710
53 728
53 734
53 747
53 763
53 787
53 829
53 999
54 637
54 650
54 667
54 674
54 704
54 743
54 784
54 791
54 808
54 952
55 705
55 776
55 800
55 826
55 844
55 898
55 925
55 931
55 940
56 298
56 685
56 702
56 799
56 853
56 881
56 915
56 922
56 926
56 939
57 244
57 510
57 543
57 655
57 694
57 722
57 731
57 810
57 837
57 899
58 220
58 276
58 279
58 342
58 695
58 765
58 795
58 923
58 979
58 987
59 202
59 656
59 702
59 714
59 853
59 881
59 915
59 922
59 926
59 939
60 575
60 610
60 620
60 691
60 736
60 751
60 767
60 851
60 870
60 871
61 208
61 527
61 560
61 661
61 787
61 865
61 892
61 950
61 982
61 994
62 817
62 863
62 876
62 882
62 912
62 920
62 954
62 956
62 963
62 970
63 283
63 529
63 617
63 657
63 698
63 706
63 849
63 968
63 975
63 1000
64 94
64 207
64 309
64 469
64 535
64 626
64 790
64 809
64 961
65 226
65 324
65 394
65 484
65 494
65 508
65 583
65 744
65 758
65 778
66 745
66 907
66 927
66 941
66 967
66 969
66 977
66 980
66 981
66 984
67 165
67 182
67 221
67 248
67 532
67 550
67 712
67 740
67 959
68 460
68 685
68 714
68 799
68 853
68 881
68 915
68 922
68 926
68 939
70 282
70 660
70 721
70 771
70 838
70 885
70 942
70 950
70 982
70 994
71 81
71 285
71 466
71 528
71 542
71 614
71 933
72 428
72 505
72 749
72 775
72 855
72 874
72 889
72 953
72 975
72 1000
73 830
73 890
73 932
73 938
73 985
73 986
73 988
73 989
73 992
73 993
74 132
74 383
74 548
74 764
74 773
74 913
74 924
74 949
74 966
74 978
75 326
75 446
75 475
75 563
75 655
75 694
75 725
75 810
75 837
75 899
76 159
76 366
76 754
76 833
76 861
76 958
76 964
76 971
76 974
76 998
77 242
77 682
77 831
77 867
77 883
77 929
77 930
77 937
77 958
77 976
78 190
78 404
78 575
78 622
78 691
78 767
78 834
78 851
78 870
78 871
79 105
79 336
79 364
79 801
79 806
79 913
79 916
79 949
79 966
79 978
80 830
80 890
80 932
80 938
80 985
80 986
80 988
80 989
80 992
80 993
81 285
81 466
81 528
81 542
81 614
81 933
82 368
82 581
82 723
82 762
82 798
82 823
82 840
82 850
82 878
82 904
83 678
83 689
83 841
83 854
83 888
83 908
83 914
83 918
83 934
83 935
84 150
84 170
84 212
84 359
84 372
84 669
84 768
84 990
85 460
85 461
85 482
85 714
85 853
85 881
85 915
85 922
85 926
85 939
86 252
86 640
86 827
86 835
86 858
86 859
86 896
86 928
86 947
87 521
87 645
87 665
87 697
87 873
87 944
87 972
87 983
87 995
87 996
88 293
88 630
88 716
88 827
88 835
88 858
88 859
88 896
88 928
88 947
89 102
89 303
89 433
89 455
89 584
89 624
89 665
89 944
89 968
89 972
90 701
90 805
90 815
90 852
90 868
90 875
90 877
90 886
90 894
90 946
91 249
91 420
91 478
91 577
91 609
91 661
91 789
91 802
91 819
91 869
92 779
92 780
92 861
92 883
92 945
92 958
92 964
92 965
92 971
92 998
93 249
93 582
93 643
93 760
93 763
93 787
93 819
93 910
93 943
93 950
94 207
94 309
94 469
94 535
94 626
94 790
94 809
94 961
95 520
95 608
95 676
95 792
95 800
95 844
95 898
95 925
95 931
95 940
96 324
96 335
96 394
96 484
96 494
96 583
96 744
96 758
96 778
97 134
97 183
97 600
97 814
98 123
98 236
98 263
98 307
98 393
98 769
98 804
98 997
99 634
99 648
99 863
99 880
99 912
99 920
99 954
99 956
99 963
99 970
100 571
100 630
100 716
100 827
100 835
100 858
100 859
100 896
100 928
100 947
101 245
101 374
101 501
101 622
101 691
101 834
101 845
101 851
101 870
101 871
102 333
102 567
102 629
102 887
102 889
102 951
102 983
102 995
102 996
103 278
103 294
103 812
103 813
103 862
103 888
103 914
103 918
103 934
103 935
104 742
104 917
104 927
104 941
104 967
104 969
104 977
104 980
104 981
104 984
105 337
105 456
105 623
105 913
105 916
105 924
105 949
105 966
105 978
106 596
106 756
106 766
106 774
106 794
106 855
106 889
106 900
106 953
106 995
107 637
107 650
107 659
107 674
107 700
107 704
107 743
107 784
107 791
107 808
107 952
108 409
108 630
108 688
108 716
108 827
108 835
108 858
108 859
108 896
108 928
108 947
109 326
109 475
109 563
109 655
109 694
109 722
109 725
109 731
109 810
109 837
109 899
110 391
110 621
110 628
110 721
110 783
110 796
110 829
110 865
110 869
110 942
110 943
111 155
111 555
111 560
111 609
111 763
111 802
111 838
111 847
111 943
111 950
111 982
112 658
112 682
112 779
112 842
112 867
112 929
112 930
112 945
112 958
112 964
112 965
113 371
113 441
113 668
113 724
113 831
113 842
113 883
113 937
113 958
113 964
113 971
114 133
114 184
114 428
114 843
114 887
114 900
114 944
114 951
114 968
114 996
114 1000
115 158
115 636
115 658
115 724
115 909
115 945
115 964
115 965
115 971
115 974
115 976
116 323
116 430
116 493
116 812
116 813
116 841
116 908
116 914
116 918
116 934
116 935
117 375
117 399
117 427
117 502
117 565
117 730
117 811
117 879
117 893
117 903
117 906
118 234
118 604
118 677
118 679
118 732
118 803
118 879
118 884
118 897
118 906
119 565
119 677
119 679
119 681
119 782
119 803
119 811
119 879
119 893
119 897
119 906
120 138
120 224
120 312
120 369
120 379
120 440
120 562
120 585
120 757
120 761
120 962
121 564
121 640
121 688
121 716
121 827
121 835
121 858
121 859
121 896
121 928
121 947
122 313
122 693
122 746
122 752
122 754
122 779
122 831
122 930
122 945
122 965
122 998
123 236
123 263
123 307
123 393
123 769
123 804
123 997
124 637
124 650
124 667
124 675
124 700
124 704
124 743
124 784
124 791
124 808
124 952
125 229
125 292
125 452
125 631
125 788
126 520
126 601
126 608
126 633
126 711
126 776
126 800
126 898
126 925
126 931
126 940
127 635
127 662
127 680
127 692
127 880
127 912
127 920
127 954
127 956
127 963
127 970
128 417
128 427
128 495
128 537
128 732
128 786
128 811
128 866
128 879
128 893
128 903
129 378
129 555
129 643
129 755
129 789
129 838
129 847
129 885
129 943
129 950
129 999
130 417
130 495
130 496
130 537
130 679
130 732
130 782
130 879
130 897
130 903
130 906
131 171
131 179
131 338
131 381
131 591
131 603
131 753
131 828
131 905
132 384
132 615
132 801
132 806
132 913
132 916
132 924
132 949
132 966
132 978
133 477
133 567
133 572
133 602
133 726
133 775
133 895
133 953
133 972
134 183
134 600
134 814
135 231
135 365
135 376
135 436
135 638
135 660
135 727
135 728
135 771
135 921
135 982
137 498
137 738
137 805
137 815
137 852
137 868
137 875
137 877
137 886
137 894
137 946
138 224
138 312
138 369
138 379
138 440
138 562
138 585
138 757
138 761
138 962
139 525
139 741
139 797
139 843
139 855
139 873
139 889
139 968
139 972
139 975
139 995
140 361
140 364
140 605
140 623
140 687
140 773
140 913
140 924
140 949
140 966
140 978
141 357
141 442
141 608
141 684
141 718
141 776
141 872
141 898
141 925
141 931
141 940
142 590
142 902
142 927
142 941
142 960
142 967
142 969
142 977
142 980
142 981
142 984
143 491
143 548
143 615
143 687
143 773
143 913
143 916
143 924
143 949
143 966
143 978
144 328
144 601
144 676
144 703
144 792
144 821
144 872
144 898
144 925
144 931
144 940
145 361
145 413
145 544
145 548
145 687
145 913
145 916
145 924
145 949
145 966
145 978
146 793
146 830
146 890
146 932
146 938
146 985
146 986
146 988
146 989
146 992
146 993
147 397
147 501
147 586
147 620
147 751
147 767
147 834
147 845
147 851
147 870
147 871
148 246
148 364
148 615
148 671
148 773
148 801
148 916
148 924
148 949
148 966
148 978
149 391
149 439
149 478
149 582
149 628
149 720
149 760
149 869
149 910
149 982
149 999
150 170
150 212
150 359
150 372
150 669
150 768
150 990
151 636
151 668
151 746
151 781
151 842
151 867
151 929
151 937
151 964
151 971
151 976
152 350
152 433
152 698
152 735
152 774
152 797
152 855
152 953
152 968
152 972
152 975
153 793
153 830
153 890
153 932
153 938
153 985
153 986
153 988
153 989
153 992
153 993
154 228
154 446
154 475
154 655
154 694
154 722
154 725
154 731
154 810
154 837
154 899
155 172
155 401
155 763
155 783
155 802
155 838
155 892
155 943
155 999
156 601
156 608
156 705
156 711
156 800
156 821
156 872
156 898
156 925
156 931
156 940
157 401
157 638
157 660
157 727
157 728
157 789
157 807
157 892
157 942
157 982
157 994
158 559
158 724
158 822
158 909
158 929
158 937
158 958
158 971
158 976
159 580
159 724
159 781
159 822
159 909
159 937
159 945
159 965
159 974
159 998
160 223
160 228
160 362
160 510
160 694
160 722
160 725
160 731
160 810
160 837
160 899
161 378
161 555
161 577
161 609
161 621
161 663
161 747
161 807
161 885
161 994
162 320
162 571
162 630
162 640
162 827
162 835
162 858
162 859
162 896
162 928
162 947
163 240
163 313
163 422
163 514
163 724
163 883
163 929
163 930
163 964
163 971
163 998
164 220
164 276
164 279
164 321
164 346
164 695
164 765
164 795
164 923
164 979
164 987
165 182
165 221
165 248
165 532
165 550
165 712
165 740
165 959
166 313
166 519
166 833
166 842
166 861
166 909
166 945
166 964
166 965
166 974
166 998
167 659
167 667
167 674
167 675
167 700
167 704
167 743
167 784
167 791
167 808
167 952
168 551
168 640
168 647
168 688
168 827
168 835
168 858
168 859
168 896
168 928
168 947
169 417
169 465
169 472
169 565
169 683
169 730
169 803
169 879
169 893
169 897
169 906
170 212
170 359
170 372
170 669
170 768
170 990
171 179
171 338
171 381
171 591
171 603
171 753
171 828
171 905
172 388
172 391
172 638
172 721
172 763
172 807
172 869
172 910
172 982
172 994
173 516
173 729
173 812
173 813
173 841
173 862
173 908
173 914
173 918
173 934
173 935
174 506
174 595
174 597
174 709
174 715
174 748
174 772
174 818
174 839
174 919
174 955
175 524
175 685
175 702
175 719
175 799
175 881
175 915
175 922
175 926
175 939
176 328
176 608
176 703
176 711
176 718
176 826
176 844
176 872
176 925
176 931
176 940
177 595
177 597
177 709
177 715
177 748
177 772
177 818
177 839
177 919
177 955
177 1000
178 564
178 640
178 688
178 716
178 827
178 835
178 858
178 859
178 896
178 928
178 947
179 227
179 338
179 381
179 591
179 603
179 753
179 828
179 905
180 503
180 664
180 668
180 833
180 842
180 937
180 958
180 964
180 971
180 974
180 998
181 199
181 218
181 275
181 392
181 415
181 418
181 511
181 540
181 587
181 864
181 991
182 221
182 248
182 532
182 550
182 712
182 740
182 959
183 600
183 814
184 389
184 438
184 645
184 646
184 665
184 741
184 855
184 975
184 983
184 996
185 368
185 549
185 654
185 723
185 750
185 762
185 798
185 836
185 840
185 878
185 904
186 226
186 324
186 339
186 348
186 484
186 494
186 508
186 583
186 744
186 758
186 778
187 344
187 556
187 723
187 750
187 762
187 798
187 823
187 840
187 850
187 878
187 904
188 231
188 436
188 577
188 643
188 661
188 721
188 865
188 942
188 950
188 982
188 994
189 424
189 651
189 901
189 917
189 927
189 967
189 969
189 977
189 980
189 981
189 984
190 476
190 575
190 620
190 736
190 751
190 834
190 845
190 851
190 871
191 580
191 642
191 652
191 724
191 822
191 842
191 867
191 909
191 965
191 974
191 976
192 330
192 464
192 492
192 517
192 553
192 569
192 770
193 389
193 572
193 606
193 666
193 749
193 874
193 968
193 983
193 995
193 996
193 1000
194 226
194 335
194 339
194 348
194 394
194 484
194 494
194 583
194 744
194 758
194 778
195 373
195 745
195 901
195 907
195 941
195 960
195 969
195 977
195 980
195 981
195 984
196 690
196 824
196 901
196 941
196 960
196 967
196 969
196 977
196 980
196 981
196 984
197 443
197 448
197 476
197 586
197 622
197 767
197 834
197 845
197 851
197 870
197 871
198 552
198 703
198 711
198 776
198 821
198 826
198 872
198 898
198 925
198 931
198 940
199 218
199 222
199 392
199 415
199 418
199 511
199 540
199 587
199 864
199 991
200 742
200 745
200 907
200 927
200 960
200 967
200 969
200 977
200 980
200 981
200 984
201 901
201 907
201 917
201 927
201 960
201 967
201 969
201 977
201 980
201 981
201 984
202 480
202 533
202 702
202 714
202 853
202 881
202 915
202 922
202 926
202 939
203 824
203 901
203 902
203 927
203 941
203 960
203 967
203 977
203 980
203 981
203 984
204 422
204 668
204 693
204 861
204 883
204 909
204 929
204 930
204 945
204 974
204 998
205 568
205 901
205 902
205 941
205 960
205 967
205 969
205 977
205 980
205 981
205 984
206 423
206 805
206 815
206 820
206 852
206 868
206 875
206 877
206 886
206 894
206 946
207 309
207 469
207 535
207 626
207 790
207 809
207 961
208 527
208 582
208 611
208 783
208 802
208 847
208 885
208 982
208 999
209 265
209 524
209 533
209 702
209 799
209 853
209 881
209 915
209 922
209 926
209 939
211 493
211 607
211 812
211 841
211 854
211 888
211 908
211 914
211 918
211 934
211 935
212 359
212 372
212 669
212 768
212 990
213 456
213 544
213 615
213 671
213 764
213 806
213 913
213 916
213 924
213 949
213 966
213 978
214 671
214 687
214 764
214 773
214 801
214 913
214 916
214 924
214 949
214 966
214 978
215 455
215 471
215 505
215 584
215 602
215 617
215 698
215 895
215 972
215 975
215 983
215 996
216 777
216 793
216 830
216 890
216 932
216 938
216 985
216 986
216 988
216 989
216 992
216 993
217 559
217 642
217 682
217 842
217 909
217 945
217 958
217 964
217 965
217 974
217 976
217 998
218 275
218 392
218 415
218 418
218 511
218 540
218 587
218 864
218 991
219 303
219 428
219 477
219 617
219 699
219 873
219 887
219 951
219 953
219 972
219 975
220 321
220 342
220 346
220 695
220 765
220 795
220 923
220 979
220 987
221 248
221 532
221 550
221 712
221 740
221 959
222 275
222 392
222 415
222 418
222 511
222 540
222 587
222 864
222 991
223 244
223 444
223 446
223 510
223 655
223 722
223 725
223 731
223 810
223 837
223 899
224 312
224 369
224 379
224 440
224 562
224 585
224 757
224 761
224 962
225 232
225 701
225 805
225 815
225 820
225 852
225 868
225 875
225 877
225 886
225 894
225 946
226 339
226 484
226 494
226 508
226 583
226 744
226 758
226 778
227 793
227 830
227 890
227 932
227 938
227 985
227 986
227 988
227 989
227 992
227 993
228 444
228 446
228 563
228 655
228 694
228 725
228 731
228 810
228 837
228 899
229 292
229 452
229 631
229 788
230 650
230 659
230 667
230 674
230 675
230 700
230 704
230 743
230 784
230 791
230 808
230 952
231 439
231 660
231 663
231 747
231 755
231 829
231 869
231 892
231 921
231 999
232 619
232 805
232 815
232 820
232 852
232 868
232 875
232 877
232 886
232 894
232 946
233 503
233 519
233 779
233 861
233 909
233 945
233 964
233 965
233 971
233 974
233 976
233 998
234 541
234 683
234 730
234 782
234 786
234 803
234 811
234 879
234 884
234 897
234 903
235 322
235 347
235 352
235 356
235 411
235 449
235 467
235 499
235 673
235 707
235 957
235 973
236 263
236 307
236 393
236 769
236 804
236 997
237 304
237 345
237 358
237 462
237 509
237 579
237 592
237 612
237 639
237 739
237 759
237 860
238 680
238 817
238 832
238 876
238 880
238 882
238 912
238 920
238 954
238 956
238 963
238 970
239 287
239 303
239 529
239 699
239 756
239 774
239 887
239 948
239 972
239 975
239 996
239 1000
240 242
240 514
240 625
240 781
240 861
240 909
240 930
240 937
240 974
240 976
240 998
241 380
241 552
241 633
241 776
241 821
241 826
241 844
241 872
241 898
241 925
241 931
241 940
242 407
242 459
242 519
242 636
242 652
242 724
242 754
242 861
242 909
242 965
243 301
243 643
243 760
243 789
243 802
243 892
243 921
243 950
243 982
243 994
243 999
244 326
244 362
244 543
244 655
244 694
244 722
244 731
244 810
244 837
244 899
245 476
245 530
245 547
245 620
245 736
245 767
245 834
245 845
245 851
245 870
245 871
246 544
246 605
246 615
246 671
246 764
246 801
246 916
246 924
246 949
246 966
246 978
247 481
247 506
247 595
247 597
247 709
247 715
247 748
247 772
247 818
247 839
247 919
247 955
248 532
248 550
248 712
248 740
248 959
249 264
249 301
249 582
249 643
249 710
249 789
249 838
249 892
249 942
249 943
250 417
250 472
250 565
250 683
250 786
250 803
250 811
250 879
250 884
250 893
250 897
250 906
251 273
251 333
251 463
251 657
251 699
251 843
251 874
251 900
251 975
251 996
251 1000
252 564
252 647
252 688
252 716
252 827
252 835
252 858
252 859
252 896
252 928
252 947
253 300
253 513
253 533
253 656
253 702
253 719
253 853
253 881
253 915
253 922
253 926
253 939
254 371
254 503
254 580
254 831
254 861
254 937
254 945
254 958
254 964
254 971
254 976
254 998
256 650
256 659
256 667
256 674
256 675
256 700
256 704
256 743
256 784
256 791
256 808
256 952
257 361
257 623
257 671
257 687
257 764
257 773
257 801
257 913
257 924
257 949
257 966
257 978
258 266
258 534
258 654
258 737
258 798
258 823
258 836
258 840
258 850
258 878
258 904
260 358
260 462
260 479
260 509
260 579
260 592
260 612
260 639
260 739
260 759
260 860
261 713
261 738
261 805
261 815
261 820
261 852
261 868
261 875
261 877
261 886
261 894
261 946
262 303
262 433
262 653
262 686
262 726
262 794
262 825
262 843
262 855
262 889
262 951
262 983
263 307
263 393
263 769
263 804
263 997
264 308
264 420
264 643
264 755
264 760
264 763
264 789
264 819
264 838
264 943
264 982
265 573
265 656
265 685
265 719
265 799
265 853
265 881
265 915
265 922
265 926
265 939
266 396
266 549
266 556
266 737
266 798
266 823
266 836
266 840
266 850
266 878
266 904
267 395
267 518
267 713
267 738
267 820
267 852
267 868
267 875
267 877
267 886
267 894
267 946
268 332
268 457
268 607
268 678
268 812
268 854
268 862
268 908
268 914
268 918
268 934
268 935
269 692
269 817
269 832
269 876
269 880
269 882
269 912
269 920
269 954
269 956
269 963
269 970
270 331
270 471
270 477
270 588
270 794
270 874
270 951
270 953
270 975
270 983
270 995
270 1000
271 460
271 573
271 656
271 685
271 719
271 799
271 853
271 881
271 915
271 922
271 926
271 939
272 400
272 717
272 723
272 737
272 750
272 762
272 798
272 823
272 836
272 850
272 878
272 904
273 706
273 741
273 766
273 775
273 797
273 849
273 948
273 975
273 996
273 1000
274 403
274 513
274 533
274 656
274 714
274 719
274 853
274 881
274 915
274 922
274 926
274 939
275 392
275 415
275 418
275 511
275 540
275 587
275 864
275 991
276 279
276 321
276 342
276 346
276 695
276 765
276 795
276 923
276 979
276 987
277 637
277 650
277 659
277 674
277 675
277 700
277 704
277 743
277 784
277 791
277 808
277 952
278 607
278 689
278 813
278 841
278 854
278 862
278 888
278 908
278 918
278 934
278 935
279 321
279 342
279 346
279 695
279 765
279 795
279 923
279 979
279 987
280 396
280 556
280 581
280 723
280 750
280 798
280 823
280 836
280 840
280 850
280 878
280 904
281 399
281 537
281 613
281 681
281 786
281 811
281 866
281 884
281 893
281 897
281 903
281 906
282 527
282 638
282 643
282 747
282 796
282 838
282 865
282 885
282 910
282 950
282 999
283 455
283 521
283 646
283 653
283 665
283 735
283 741
283 843
283 900
283 944
283 951
283 1000
284 699
284 887
284 895
284 900
284 944
284 948
284 951
284 968
284 972
284 983
284 995
285 466
285 528
285 542
285 614
285 933
286 383
286 491
286 548
286 687
286 764
286 773
286 801
286 806
286 913
286 916
286 949
286 966
286 978
287 333
287 438
287 697
287 698
287 706
287 855
287 895
287 900
287 968
287 972
287 995
287 1000
288 302
288 313
288 366
288 658
288 754
288 883
288 929
288 945
288 964
288 965
288 971
288 976
288 998
289 311
289 337
289 382
289 413
289 605
289 671
289 764
289 913
289 916
289 924
289 949
289 966
289 978
290 611
290 638
290 663
290 720
290 865
290 869
290 885
290 892
290 910
290 921
290 950
290 982
290 994
291 429
291 481
291 506
291 595
291 597
291 709
291 715
291 748
291 772
291 818
291 839
291 919
291 955
292 452
292 631
292 788
293 474
293 571
293 647
293 688
293 716
293 827
293 858
293 859
293 896
293 928
293 947
294 678
294 689
294 729
294 813
294 841
294 854
294 888
294 908
294 914
294 918
294 934
294 935
295 565
295 677
295 730
295 786
295 803
295 866
295 879
295 884
295 893
295 897
295 903
295 906
296 401
296 436
296 527
296 618
296 710
296 747
296 755
296 787
296 789
296 885
296 943
296 950
296 999
297 493
297 500
297 557
297 558
297 689
297 729
297 862
297 888
297 908
297 914
297 918
297 934
297 935
298 480
298 656
298 685
298 714
298 719
298 799
298 853
298 881
298 915
298 922
298 926
298 939
299 474
299 551
299 564
299 571
299 688
299 716
299 827
299 835
299 858
299 859
299 896
299 928
299 947
300 403
300 461
300 482
300 573
300 702
300 799
300 853
300 881
300 915
300 922
300 926
300 939
301 387
301 611
301 720
301 760
301 807
301 829
301 838
301 847
301 869
301 910
301 921
302 514
302 682
302 724
302 746
302 754
302 781
302 831
302 929
302 937
302 971
302 974
302 976
303 331
303 629
303 686
303 825
303 843
303 889
303 948
303 983
303 1000
304 315
304 345
304 358
304 479
304 509
304 579
304 592
304 612
304 639
304 739
304 759
304 860
305 435
305 713
305 738
305 805
305 815
305 820
305 852
305 868
305 875
305 877
305 886
305 894
305 946
306 459
306 503
306 754
306 780
306 861
306 909
306 929
306 930
306 937
306 964
306 965
306 976
306 998
307 393
307 769
307 804
307 997
308 577
308 638
308 663
308 747
308 796
308 802
308 847
308 921
308 942
308 950
308 994
308 999
309 469
309 535
309 626
309 790
309 809
309 961
310 742
310 824
310 901
310 907
310 917
310 927
310 960
310 967
310 969
310 977
310 980
310 981
310 984
311 523
311 605
311 764
311 773
311 801
311 806
311 913
311 916
311 924
311 949
311 966
311 978
312 369
312 379
312 440
312 562
312 585
312 757
312 761
312 962
313 531
313 833
313 883
313 930
313 958
313 964
313 965
313 974
313 976
314 380
314 703
314 711
314 776
314 792
314 821
314 826
314 844
314 872
314 898
314 925
314 931
314 940
315 345
315 358
315 462
315 479
315 509
315 579
315 592
315 612
315 639
315 739
315 759
315 860
316 637
316 650
316 659
316 667
316 674
316 675
316 700
316 704
316 743
316 784
316 791
316 808
316 952
317 589
317 745
317 902
317 907
317 917
317 941
317 960
317 967
317 969
317 977
317 980
317 981
317 984
320 564
320 630
320 647
320 688
320 716
320 827
320 835
320 858
320 859
320 896
320 928
320 947
321 342
321 346
321 695
321 765
321 795
321 923
321 979
321 987
322 347
322 351
322 352
322 356
322 411
322 449
322 467
322 499
322 673
322 707
322 957
322 973
323 430
323 500
323 689
323 729
323 841
323 854
323 862
323 908
323 914
323 918
323 934
323 935
324 335
324 348
324 394
324 484
324 494
324 508
324 583
324 744
324 758
324 778
325 536
325 672
325 817
325 863
325 876
325 880
325 882
325 912
325 920
325 954
325 956
325 963
325 970
326 510
326 543
326 655
326 722
326 725
326 731
326 810
326 837
326 899
327 454
327 817
327 832
327 863
327 880
327 882
327 912
327 920
327 954
327 956
327 963
327 970
328 711
328 800
328 821
328 826
328 844
328 898
328 925
328 931
328 940
329 412
329 501
329 575
329 586
329 736
329 751
329 767
329 834
329 845
329 851
329 870
329 871
330 464
330 492
330 517
330 553
330 569
330 770
331 567
331 594
331 617
331 697
331 855
331 887
331 895
331 951
331 975
331 983
331 995
332 557
332 678
332 812
332 813
332 854
332 862
332 888
332 908
332 914
332 918
332 934
332 935
333 463
333 570
333 572
333 645
333 855
333 951
333 975
333 983
333 995
333 1000
334 701
334 713
334 738
334 805
334 815
334 820
334 852
334 868
334 875
334 877
334 886
334 894
334 946
335 348
335 484
335 494
335 508
335 583
335 744
335 758
335 778
336 364
336 548
336 615
336 764
336 801
336 806
336 913
336 916
336 924
336 949
336 966
336 978
337 382
337 523
337 615
337 671
337 806
337 913
337 916
337 924
337 949
337 966
337 978
338 381
338 591
338 603
338 753
338 828
338 905
339 348
339 394
339 484
339 494
339 508
339 583
339 744
339 758
339 778
340 429
340 481
340 506
340 595
340 597
340 709
340 715
340 748
340 772
340 818
340 839
340 919
340 955
341 421
341 584
341 666
341 699
341 706
341 794
341 849
341 873
341 951
341 972
341 975
341 983
341 996
342 346
342 695
342 765
342 795
342 923
342 979
342 987
343 400
343 581
343 654
343 717
343 762
343 798
343 823
343 836
343 840
343 850
343 878
343 904
344 368
344 400
344 717
344 723
344 737
344 750
344 798
344 836
344 840
344 850
344 878
344 904
345 479
345 509
345 579
345 592
345 612
345 639
345 739
345 759
345 860
346 695
346 765
346 795
346 923
346 979
346 987
347 351
347 352
347 356
347 411
347 449
347 467
347 499
347 673
347 707
347 957
347 973
348 394
348 484
348 508
348 583
348 744
348 758
348 778
349 409
349 551
349 571
349 640
349 647
349 827
349 835
349 858
349 859
349 896
349 928
349 947
350 477
350 629
350 735
350 749
350 794
350 825
350 855
350 900
350 948
350 968
350 975
350 995
351 352
351 356
351 411
351 449
351 467
351 499
351 673
351 707
351 957
351 973
352 356
352 411
352 449
352 467
352 499
352 673
352 707
352 957
352 973
353 733
353 777
353 793
353 830
353 890
353 932
353 938
353 985
353 986
353 988
353 989
353 992
353 993
354 733
354 777
354 793
354 830
354 890
354 932
354 938
354 985
354 986
354 988
354 989
354 992
354 993
356 411
356 449
356 467
356 499
356 673
356 707
356 957
356 973
357 442
357 599
357 608
357 676
357 684
357 711
357 718
357 800
357 821
357 898
357 925
357 931
357 940
358 462
358 479
358 509
358 579
358 592
358 612
358 639
358 739
358 759
358 860
359 372
359 669
359 768
359 990
360 405
360 534
360 549
360 581
360 717
360 737
360 750
360 762
360 823
360 836
360 840
360 850
360 878
360 904
361 413
361 523
361 548
361 615
361 773
361 801
361 806
361 913
361 924
361 966
361 978
362 444
362 510
362 543
362 563
362 655
362 694
362 722
362 725
362 731
362 810
362 837
362 899
364 491
364 623
364 671
364 764
364 773
364 913
364 916
364 949
364 966
364 978
365 420
365 527
365 560
365 720
365 721
365 787
365 819
365 829
365 885
365 942
365 994
365 999
366 559
366 652
366 664
366 822
366 831
366 842
366 867
366 883
366 945
366 958
366 971
366 974
367 498
367 701
367 713
367 738
367 805
367 815
367 820
367 852
367 868
367 875
367 877
367 886
367 894
367 946
368 400
368 654
368 717
368 750
368 762
368 798
368 823
368 836
368 850
368 878
368 904
369 379
369 440
369 562
369 585
369 757
369 761
369 962
370 399
370 427
370 465
370 537
370 565
370 677
370 730
370 786
370 811
370 866
370 879
370 884
370 897
370 903
371 539
371 724
371 781
371 833
371 929
371 930
371 937
371 945
371 958
371 964
371 965
371 998
372 669
372 768
372 990
373 431
373 651
373 742
373 902
373 917
373 941
373 960
373 967
373 969
373 977
373 980
373 981
373 984
374 448
374 530
374 547
374 610
374 620
374 691
374 751
374 767
374 834
374 845
374 851
374 870
374 871
375 399
375 541
375 613
375 681
375 683
375 730
375 782
375 811
375 866
375 879
375 884
375 893
375 897
376 720
376 727
376 747
376 755
376 771
376 787
376 829
376 892
376 943
376 950
376 982
376 999
377 396
377 405
377 654
377 723
377 737
377 750
377 798
377 823
377 836
377 840
377 850
377 878
377 904
378 388
378 527
378 609
378 611
378 621
378 643
378 787
378 796
378 847
378 982
378 994
379 440
379 562
379 585
379 757
379 761
379 962
380 552
380 676
380 684
380 703
380 705
380 792
380 826
380 872
380 898
380 925
380 931
380 940
381 591
381 603
381 753
381 828
381 905
382 523
382 764
382 773
382 801
382 806
382 913
382 916
382 924
382 949
382 966
382 978
383 491
383 523
383 623
383 764
383 773
383 806
383 913
383 916
383 924
383 949
383 966
383 978
384 456
384 523
384 544
384 548
384 605
384 623
384 687
384 806
384 916
384 924
384 949
384 966
384 978
385 489
385 529
385 606
385 657
385 686
385 726
385 775
385 825
385 944
385 968
385 975
385 983
385 995
385 1000
386 444
386 446
386 475
386 510
386 543
386 563
386 655
386 694
386 722
386 725
386 731
386 810
386 837
386 899
387 388
387 478
387 643
387 660
387 728
387 819
387 847
387 865
387 869
387 910
387 950
387 999
388 720
388 760
388 802
388 829
388 865
388 885
388 892
388 921
388 982
389 421
389 485
389 588
389 686
389 697
389 749
389 797
389 825
389 874
389 983
389 995
389 996
391 410
391 560
391 577
391 638
391 763
391 783
391 829
391 847
391 950
391 994
392 415
392 418
392 511
392 540
392 587
392 864
392 991
393 769
393 804
393 997
394 484
394 494
394 508
394 583
394 744
394 758
394 778
395 546
395 701
395 738
395 805
395 815
395 820
395 852
395 868
395 875
395 877
395 886
395 894
395 946
396 549
396 737
396 750
396 762
396 798
396 823
396 836
396 840
396 850
396 878
396 904
397 404
397 547
397 610
397 620
397 622
397 691
397 736
397 767
397 845
397 851
397 870
399 472
399 495
399 565
399 681
399 803
399 866
399 879
399 884
399 903
399 906
400 405
400 534
400 549
400 750
400 762
400 823
400 840
400 850
400 878
400 904
401 720
401 760
401 763
401 783
401 807
401 819
401 865
401 892
401 910
401 921
401 942
402 649
402 733
402 777
402 793
402 830
402 890
402 932
402 938
402 985
402 986
402 988
402 989
402 992
402 993
403 513
403 656
403 685
403 714
403 719
403 799
403 853
403 881
403 915
403 922
403 926
403 939
404 412
404 501
404 622
404 736
404 751
404 767
404 834
404 845
404 851
404 870
404 871
405 556
405 654
405 717
405 737
405 750
405 762
405 798
405 840
405 850
405 878
405 904
406 557
406 607
406 678
406 729
406 812
406 841
406 854
406 862
406 888
406 908
406 914
406 918
406 934
406 935
407 514
407 539
407 781
407 822
407 833
407 842
407 867
407 883
407 930
407 937
407 964
407 971
407 998
409 571
409 630
409 647
409 688
409 716
409 827
409 835
409 858
409 859
409 896
409 928
409 947
410 582
410 628
410 710
410 720
410 734
410 755
410 789
410 892
410 942
410 950
410 994
410 999
411 449
411 467
411 499
411 673
411 707
411 957
411 973
412 443
412 476
412 610
412 622
412 691
412 736
412 751
412 834
412 845
412 851
412 870
412 871
413 491
413 687
413 764
413 801
413 806
413 913
413 916
413 924
413 949
413 966
413 978
414 534
414 556
414 581
414 654
414 717
414 737
414 762
414 798
414 823
414 836
414 840
414 850
414 878
414 904
415 418
415 511
415 540
415 587
415 864
415 991
416 417
416 465
416 472
416 613
416 677
416 681
416 683
416 782
416 803
416 866
416 879
416 884
416 893
416 903
416 906
417 465
417 495
417 732
417 786
417 866
417 879
417 893
417 897
417 903
417 906
418 511
418 540
418 587
418 864
418 991
420 436
420 527
420 555
420 660
420 763
420 802
420 819
420 838
420 892
420 942
420 999
421 521
421 588
421 596
421 602
421 735
421 756
421 843
421 849
421 900
421 972
421 975
421 995
421 1000
422 531
422 642
422 652
422 754
422 867
422 883
422 909
422 937
422 945
422 958
422 965
422 974
422 998
423 486
423 619
423 713
423 738
423 805
423 815
423 820
423 852
423 868
423 875
423 877
423 886
423 894
423 946
424 566
424 568
424 590
424 627
424 901
424 907
424 927
424 960
424 967
424 969
424 977
424 980
424 981
424 984
426 576
426 670
426 692
426 785
426 832
426 863
426 876
426 880
426 882
426 912
426 920
426 954
426 956
426 963
426 970
427 537
427 677
427 683
427 732
427 803
427 811
427 866
427 884
427 893
427 897
427 903
427 906
428 438
428 477
428 596
428 741
428 797
428 849
428 855
428 887
428 895
428 953
428 983
429 481
429 506
429 595
429 597
429 709
429 715
429 748
429 772
429 818
429 839
429 919
429 955
430 457
430 500
430 515
430 812
430 813
430 841
430 862
430 888
430 908
430 914
430 918
430 934
430 935
431 690
431 745
431 902
431 907
431 917
431 927
431 941
431 960
431 967
431 969
431 977
431 980
431 981
431 984
432 536
432 670
432 672
432 785
432 817
432 832
432 876
432 880
432 882
432 912
432 920
432 954
432 956
432 963
432 970
433 529
433 629
433 645
433 666
433 774
433 794
433 797
433 953
433 972
433 975
433 995
433 996
434 457
434 468
434 507
434 516
434 689
434 729
434 812
434 841
434 862
434 888
434 908
434 914
434 918
434 934
434 935
435 486
435 701
435 713
435 738
435 805
435 815
435 820
435 852
435 868
435 875
435 877
435 886
435 894
435 946
436 527
436 582
436 721
436 787
436 796
436 847
436 921
436 943
436 994
436 999
437 566
437 742
437 824
437 901
437 902
437 917
437 927
437 941
437 960
437 967
437 969
437 977
437 980
437 981
437 984
438 505
438 529
438 594
438 874
438 887
438 895
438 948
438 953
438 968
438 996
438 1000
439 478
439 577
439 710
439 760
439 763
439 771
439 783
439 921
439 942
439 950
439 982
439 994
439 999
440 562
440 585
440 757
440 761
440 962
441 636
441 652
441 668
441 693
441 752
441 754
441 781
441 861
441 867
441 945
441 958
441 965
441 971
441 974
442 633
442 684
442 705
442 718
442 792
442 800
442 821
442 826
442 844
442 872
442 925
442 931
442 940
443 448
443 476
443 547
443 586
443 622
443 736
443 751
443 767
443 834
443 845
443 851
443 870
443 871
444 475
444 510
444 543
444 563
444 722
444 725
444 731
444 810
444 837
444 899
445 651
445 690
445 901
445 902
445 907
445 917
445 927
445 941
445 960
445 967
445 969
445 977
445 980
445 981
445 984
446 510
446 543
446 563
446 694
446 722
446 725
446 731
446 810
446 837
446 899
447 627
447 651
447 824
447 901
447 902
447 907
447 917
447 927
447 960
447 967
447 969
447 977
447 980
447 981
447 984
448 501
448 547
448 575
448 586
448 610
448 622
448 691
448 767
448 845
448 870
448 871
449 467
449 499
449 673
449 707
449 957
449 973
450 561
450 589
450 627
450 742
450 902
450 907
450 927
450 941
450 960
450 967
450 969
450 977
450 980
450 981
450 984
452 631
452 788
453 521
453 567
453 596
453 606
453 629
453 657
453 665
453 686
453 726
453 741
453 775
453 843
453 849
453 873
453 948
454 662
454 680
454 785
454 817
454 863
454 876
454 880
454 882
454 912
454 920
454 954
454 956
454 963
454 970
455 505
455 554
455 570
455 624
455 756
455 774
455 900
455 968
455 983
455 996
456 548
456 605
456 687
456 764
456 773
456 801
456 806
456 913
456 924
456 949
456 966
456 978
457 500
457 516
457 812
457 813
457 854
457 862
457 888
457 908
457 914
457 918
457 934
457 935
458 574
458 662
458 670
458 680
458 817
458 832
458 863
458 876
458 880
458 912
458 920
458 954
458 956
458 963
458 970
459 503
459 724
459 822
459 831
459 833
459 842
459 909
459 937
459 958
459 971
459 974
459 976
460 480
460 482
460 573
460 685
460 702
460 799
460 853
460 881
460 915
460 922
460 926
460 939
461 482
461 524
461 573
461 685
461 714
461 719
461 799
461 853
461 881
461 915
461 922
461 926
461 939
462 479
462 509
462 579
462 592
462 612
462 639
462 739
462 759
462 860
463 521
463 602
463 653
463 699
463 749
463 855
463 874
463 889
463 951
463 972
463 975
463 983
463 996
464 492
464 517
464 553
464 569
464 770
465 537
465 604
465 613
465 786
465 803
465 866
465 879
465 884
465 893
465 897
465 903
466 528
466 542
466 614
466 657
466 933
467 499
467 673
467 707
467 957
467 973
468 516
468 557
468 689
468 729
468 812
468 841
468 854
468 862
468 888
468 908
468 914
468 918
468 934
468 935
469 535
469 626
469 790
469 809
469 961
470 522
470 745
470 901
470 902
470 907
470 917
470 927
470 941
470 960
470 967
470 969
470 977
470 980
470 981
470 984
471 584
471 646
471 653
471 735
471 741
471 756
471 774
471 797
471 889
471 948
471 953
471 975
471 983
471 1000
472 483
472 502
472 681
472 730
472 732
472 811
472 866
472 879
472 884
472 893
472 903
472 906
474 551
474 564
474 571
474 630
474 640
474 647
474 716
474 827
474 835
474 858
474 859
474 896
474 928
474 947
475 510
475 543
475 563
475 655
475 694
475 722
475 725
475 731
475 810
475 837
475 899
476 530
476 547
476 575
476 586
476 736
476 751
476 834
476 845
476 851
476 870
476 871
477 567
477 588
477 594
477 646
477 706
477 794
477 855
477 948
477 953
477 995
477 1000
478 609
478 663
478 728
478 734
478 796
478 807
478 892
478 910
478 942
478 950
478 994
478 999
479 509
479 579
479 592
479 612
479 639
479 739
479 759
479 860
480 524
480 533
480 685
480 702
480 714
480 719
480 799
480 853
480 881
480 915
480 922
480 926
480 939
481 506
481 595
481 597
481 709
481 715
481 748
481 772
481 818
481 839
481 919
481 955
482 513
482 685
482 702
482 714
482 719
482 799
482 853
482 881
482 915
482 922
482 926
482 939
483 502
483 541
483 677
483 679
483 683
483 732
483 786
483 803
483 811
483 866
483 879
483 884
483 893
483 897
483 903
484 508
484 583
484 744
484 758
484 778
485 525
485 588
485 594
485 657
485 774
485 825
485 889
485 895
485 948
485 953
485 968
485 972
485 983
485 1000
486 518
486 619
486 701
486 713
486 805
486 815
486 820
486 852
486 868
486 875
486 877
486 886
486 894
486 946
489 505
489 584
489 606
489 686
489 698
489 741
489 766
489 774
489 794
489 843
489 895
489 983
489 995
489 996
489 1000
490 628
490 643
490 710
490 721
490 734
490 747
490 807
490 819
490 865
490 910
490 921
490 942
490 950
490 982
490 994
490 999
491 615
491 671
491 764
491 773
491 801
491 806
491 913
491 924
491 949
491 966
491 978
492 517
492 553
492 569
492 770
493 515
493 689
493 729
493 813
493 841
493 854
493 862
493 888
493 908
493 914
493 918
493 934
493 935
494 508
494 583
494 744
494 758
494 778
495 613
495 681
495 683
495 730
495 786
495 866
495 879
495 884
495 893
495 897
495 903
495 906
496 541
496 604
496 613
496 679
496 681
496 730
496 732
496 782
496 786
496 803
496 866
496 884
496 893
496 903
496 906
497 574
497 576
497 634
497 692
497 785
497 832
497 863
497 876
497 880
497 882
497 912
497 920
497 954
497 956
497 963
497 970
498 546
498 619
498 701
498 713
498 805
498 815
498 820
498 852
498 868
498 875
498 877
498 886
498 894
498 946
499 673
499 707
499 957
499 973
500 557
500 812
500 813
500 841
500 854
500 862
500 888
500 908
500 914
500 918
500 934
500 935
501 530
501 586
501 610
501 691
501 736
501 751
501 834
501 845
501 851
501 870
501 871
502 565
502 604
502 679
502 730
502 732
502 786
502 803
502 884
502 893
502 897
502 903
502 906
503 636
503 822
503 831
503 833
503 909
503 929
503 930
503 945
503 965
503 976
503 998
504 520
504 599
504 601
504 633
504 676
504 684
504 711
504 776
504 821
504 826
504 844
504 872
504 925
504 931
504 940
505 617
505 698
505 699
505 706
505 726
505 766
505 843
505 855
505 889
505 968
505 972
506 595
506 597
506 709
506 715
506 748
506 772
506 818
506 839
506 919
506 955
507 516
507 558
507 607
507 689
507 812
507 813
507 841
507 854
507 862
507 888
507 908
507 914
507 918
507 934
507 935
508 583
508 744
508 758
508 778
509 579
509 592
509 612
509 639
509 739
509 759
509 860
510 694
510 722
510 725
510 731
510 810
510 837
510 899
511 540
511 587
511 864
511 991
512 522
512 745
512 824
512 901
512 902
512 907
512 917
512 927
512 941
512 960
512 967
512 969
512 977
512 980
512 981
512 984
513 533
513 656
513 702
513 714
513 719
513 799
513 853
513 881
513 915
513 922
513 926
513 939
514 539
514 752
514 833
514 867
514 929
514 930
514 937
514 971
514 974
514 976
514 998
515 557
515 558
515 607
515 678
515 729
515 813
515 841
515 854
515 888
515 908
515 914
515 918
515 934
515 935
516 558
516 812
516 813
516 841
516 854
516 862
516 888
516 908
516 918
516 934
516 935
517 553
517 569
517 770
518 546
518 619
518 701
518 713
518 738
518 815
518 820
518 852
518 868
518 875
518 877
518 886
518 894
518 946
519 658
519 682
519 822
519 831
519 909
519 929
519 937
519 945
519 958
519 976
519 998
520 599
520 703
520 705
520 792
520 800
520 821
520 826
520 844
520 872
520 898
520 925
520 931
520 940
521 554
521 584
521 594
521 624
521 697
521 766
521 794
521 825
521 972
521 995
521 996
521 1000
522 568
522 690
522 742
522 902
522 907
522 917
522 927
522 941
522 960
522 967
522 969
522 977
522 980
522 981
522 984
523 544
523 623
523 687
523 764
523 801
523 806
523 913
523 924
523 949
523 966
523 978
524 533
524 573
524 656
524 685
524 714
524 719
524 799
524 853
524 881
524 915
524 922
524 926
524 939
525 570
525 596
525 617
525 699
525 726
525 735
525 797
525 873
525 887
525 895
525 948
525 953
525 968
525 1000
526 634
526 648
526 670
526 672
526 785
526 817
526 832
526 863
526 876
526 880
526 882
526 912
526 920
526 954
526 956
526 963
526 970
527 755
527 760
527 807
527 838
527 910
527 950
527 994
527 999
528 542
528 614
528 933
529 646
529 666
529 697
529 735
529 766
529 889
529 900
529 951
529 953
529 972
529 995
529 996
530 547
530 586
530 610
530 622
530 691
530 736
530 767
530 845
530 851
530 870
530 871
531 580
531 636
531 642
531 658
531 682
531 831
531 861
531 867
531 929
531 930
531 945
531 958
531 965
531 971
531 998
532 550
532 712
532 740
532 959
533 573
533 656
533 702
533 799
533 853
533 881
533 915
533 922
533 926
533 939
534 549
534 556
534 581
534 654
534 717
534 723
534 737
534 762
534 823
534 836
534 850
534 878
534 904
535 626
535 790
535 809
535 961
536 634
536 648
536 670
536 672
536 785
536 863
536 876
536 880
536 882
536 912
536 920
536 954
536 956
536 963
536 970
537 541
537 604
537 679
537 681
537 782
537 786
537 811
537 884
537 897
537 903
537 906
539 559
539 642
539 693
539 752
539 780
539 822
539 833
539 867
539 958
539 964
539 974
539 976
539 998
540 587
540 864
540 991
541 604
541 679
541 681
541 683
541 732
541 782
541 786
541 803
541 866
541 879
541 884
541 903
542 614
542 933
543 563
543 655
543 694
543 722
543 725
543 731
543 810
543 837
543 899
544 605
544 623
544 687
544 773
544 801
544 806
544 913
544 916
544 924
544 949
544 966
544 978
546 619
546 701
546 713
546 738
546 805
546 815
546 820
546 852
546 868
546 875
546 877
546 886
546 894
546 946
547 575
547 610
547 620
547 736
547 751
547 767
547 834
547 845
547 870
547 871
548 605
548 773
548 801
548 913
548 916
548 924
548 949
548 966
548 978
549 556
549 654
549 717
549 723
549 798
549 823
549 836
549 840
549 850
549 878
549 904
550 712
550 740
550 959
551 564
551 571
551 640
551 647
551 688
551 716
551 827
551 835
551 858
551 859
551 896
551 928
551 947
552 599
552 633
552 676
552 703
552 792
552 800
552 821
552 826
552 844
552 872
552 898
552 925
552 931
552 940
553 569
553 770
554 584
554 602
554 645
554 665
554 666
554 697
554 741
554 766
554 855
554 874
554 889
554 944
554 948
554 951
554 972
555 577
555 611
555 638
555 710
555 755
555 760
555 796
555 865
555 869
555 950
555 982
555 999
556 581
556 654
556 723
556 737
556 750
556 762
556 836
556 840
556 850
556 878
556 904
557 607
557 678
557 729
557 813
557 841
557 854
557 862
557 888
557 914
557 918
557 934
557 935
558 607
558 678
558 689
558 729
558 813
558 854
558 862
558 888
558 908
558 914
558 918
558 934
558 935
559 636
559 658
559 664
559 693
559 779
559 781
559 842
559 929
559 945
559 965
559 971
559 974
559 976
559 998
560 618
560 661
560 710
560 721
560 728
560 734
560 771
560 789
560 865
560 910
560 921
560 942
560 950
560 982
561 690
561 742
561 745
561 824
561 901
561 902
561 907
561 917
561 927
561 941
561 960
561 967
561 969
561 977
561 980
561 981
561 984
562 585
562 757
562 761
562 962
563 655
563 694
563 722
563 725
563 731
563 810
563 837
563 899
564 630
564 647
564 688
564 716
564 827
564 835
564 858
564 859
564 896
564 928
564 947
565 681
565 732
565 782
565 786
565 803
565 866
565 884
565 897
565 903
565 906
566 568
566 590
566 690
566 742
566 901
566 902
566 907
566 917
566 927
566 941
566 960
566 969
566 977
566 980
566 981
566 984
567 617
567 646
567 665
567 874
567 887
567 889
567 895
567 944
567 948
567 968
567 975
567 996
567 1000
568 627
568 690
568 824
568 902
568 917
568 927
568 941
568 960
568 967
568 969
568 977
568 980
568 981
568 984
569 770
570 594
570 666
570 698
570 706
570 749
570 774
570 775
570 797
570 843
570 849
570 895
570 948
570 953
570 995
570 1000
571 630
571 647
571 716
571 827
571 835
571 858
571 859
571 896
571 928
571 947
572 596
572 617
572 624
572 726
572 774
572 797
572 825
572 849
572 874
572 944
572 948
572 951
572 953
572 995
572 996
573 656
573 685
573 702
573 714
573 799
573 853
573 881
573 915
573 922
573 926
573 939
574 634
574 662
574 670
574 785
574 817
574 832
574 863
574 876
574 880
574 882
574 912
574 920
574 954
574 956
574 963
574 970
575 610
575 620
575 691
575 736
575 751
575 834
575 845
575 851
575 870
575 871
576 635
576 648
576 680
576 692
576 785
576 817
576 832
576 863
576 876
576 882
576 912
576 920
576 954
576 956
576 963
576 970
577 710
577 734
577 763
577 771
577 789
577 819
577 865
577 885
577 942
577 943
577 982
578 598
578 637
578 650
578 659
578 667
578 674
578 675
578 700
578 704
578 743
578 784
578 791
578 808
578 952
579 592
579 612
579 639
579 739
579 759
579 860
580 652
580 658
580 693
580 746
580 831
580 833
580 861
580 867
580 929
580 937
580 964
580 965
580 971
580 974
581 717
581 723
581 737
581 750
581 762
581 823
581 836
581 840
581 850
581 878
581 904
582 638
582 721
582 763
582 787
582 807
582 819
582 829
582 885
582 943
582 982
582 994
582 999
583 744
583 758
583 778
584 653
584 735
584 775
584 843
584 874
584 887
584 944
584 948
584 975
584 983
585 757
585 761
585 962
586 610
586 620
586 622
586 751
586 767
586 834
586 845
586 851
586 870
586 871
587 864
587 991
588 606
588 666
588 699
588 735
588 766
588 797
588 825
588 849
588 948
588 953
588 968
588 975
588 995
589 651
589 742
589 824
589 901
589 902
589 907
589 917
589 927
589 941
589 960
589 967
589 969
589 977
589 980
589 981
589 984
590 651
590 745
590 824
590 901
590 902
590 907
590 917
590 927
590 941
590 960
590 967
590 969
590 977
590 980
590 981
590 984
591 603
591 753
591 828
591 905
592 612
592 639
592 739
592 759
592 860
593 632
593 649
593 733
593 777
593 793
593 830
593 890
593 932
593 938
593 985
593 986
593 988
593 989
593 992
593 993
594 606
594 629
594 665
594 735
594 794
594 855
594 873
594 889
594 948
594 953
594 968
594 972
594 996
595 597
595 709
595 715
595 748
595 772
595 818
595 839
595 919
595 955
596 602
596 629
596 646
596 657
596 666
596 698
596 843
596 874
596 944
596 951
596 968
596 972
596 996
597 709
597 715
597 748
597 772
597 818
597 839
597 919
597 955
598 637
598 650
598 659
598 667
598 674
598 675
598 700
598 704
598 743
598 784
598 791
598 808
598 952
599 601
599 684
599 703
599 718
599 776
599 792
599 800
599 821
599 826
599 844
599 872
599 898
599 925
599 931
599 940
600 814
601 608
601 633
601 684
601 711
601 792
601 800
601 821
601 826
601 844
601 872
601 898
601 925
601 931
601 940
602 697
602 756
602 797
602 874
602 889
602 895
602 948
602 951
602 968
602 975
602 983
602 996
602 1000
603 753
603 828
603 905
604 613
604 679
604 683
604 730
604 732
604 782
604 786
604 803
604 811
604 879
604 893
604 897
604 906
605 615
605 687
605 764
605 806
605 913
605 916
605 924
605 949
605 966
605 978
606 617
606 653
606 666
606 775
606 855
606 873
606 887
606 948
606 953
606 968
606 975
606 996
607 678
607 729
607 812
607 841
607 854
607 862
607 888
607 908
607 914
607 934
607 935
608 633
608 703
608 705
608 718
608 776
608 821
608 826
608 872
608 898
608 925
608 931
608 940
609 618
609 661
609 755
609 763
609 771
609 783
609 802
609 829
609 869
609 921
609 942
609 950
609 982
609 994
610 620
610 691
610 736
610 751
610 834
610 845
610 851
610 870
610 871
611 643
611 663
611 710
611 727
611 728
611 755
611 819
611 885
611 910
611 921
611 982
611 994
611 999
612 639
612 739
612 759
612 860
613 677
613 730
613 732
613 782
613 786
613 811
613 866
613 879
613 884
613 893
613 897
613 906
614 933
615 623
615 671
615 801
615 806
615 916
615 924
615 949
615 966
615 978
617 697
617 699
617 726
617 735
617 797
617 873
617 948
617 953
617 975
617 996
618 638
618 747
618 755
618 787
618 789
618 796
618 819
618 838
618 847
618 885
618 910
618 921
618 950
618 982
618 994
619 701
619 713
619 738
619 805
619 815
619 820
619 852
619 868
619 875
619 877
619 886
619 894
619 946
620 622
620 691
620 736
620 751
620 767
620 834
620 851
620 870
620 871
621 628
621 661
621 734
621 760
621 771
621 783
621 787
621 802
621 807
621 819
621 829
621 838
621 847
621 869
621 994
622 691
622 736
622 751
622 834
622 845
622 851
622 870
622 871
623 687
623 764
623 773
623 801
623 806
623 913
623 916
623 924
623 949
623 966
623 978
624 726
624 749
624 766
624 775
624 797
624 873
624 874
624 887
624 889
624 900
624 948
624 972
624 975
624 983
624 996
624 1000
625 652
625 668
625 693
625 746
625 752
625 780
625 822
625 833
625 842
625 861
625 867
625 883
625 929
625 937
625 964
625 965
625 971
626 790
626 809
626 961
627 651
627 690
627 742
627 745
627 901
627 902
627 907
627 927
627 941
627 960
627 967
627 969
627 977
627 980
627 981
627 984
628 660
628 728
628 734
628 755
628 760
628 783
628 796
628 829
628 838
628 847
628 865
628 885
628 921
628 942
628 999
629 665
629 706
629 726
629 749
629 766
629 825
629 843
629 849
629 887
629 900
629 983
629 996
629 1000
630 640
630 647
630 688
630 827
630 835
630 858
630 859
630 896
630 928
630 947
631 788
632 649
632 733
632 777
632 793
632 830
632 890
632 932
632 938
632 985
632 986
632 988
632 989
632 992
632 993
633 705
633 711
633 718
633 776
633 792
633 800
633 821
633 826
633 844
633 898
633 925
633 931
633 940
634 672
634 692
634 785
634 817
634 832
634 863
634 876
634 880
634 882
634 912
634 920
634 954
634 956
634 963
634 970
635 648
635 662
635 670
635 672
635 680
635 692
635 785
635 817
635 863
635 876
635 880
635 882
635 912
635 920
635 954
635 956
635 963
635 970
636 664
636 693
636 724
636 779
636 909
636 929
636 930
636 964
636 965
636 971
636 976
637 650
637 659
637 667
637 674
637 675
637 700
637 704
637 743
637 784
637 791
637 808
637 952
638 660
638 727
638 734
638 747
638 771
638 796
638 838
638 865
638 910
638 999
639 739
639 759
639 860
640 647
640 688
640 716
640 827
640 835
640 858
640 859
640 896
640 928
640 947
642 746
642 780
642 781
642 822
642 831
642 842
642 909
642 929
642 930
642 945
642 958
642 965
642 974
643 663
643 728
643 807
643 869
643 950
643 982
643 994
645 646
645 665
645 666
645 699
645 756
645 774
645 797
645 874
645 944
645 951
645 953
645 972
645 975
645 996
645 1000
646 698
646 766
646 825
646 873
646 874
646 900
646 951
646 968
646 972
646 975
646 1000
647 688
647 827
647 835
647 858
647 859
647 896
647 928
647 947
648 662
648 672
648 680
648 785
648 832
648 863
648 876
648 880
648 882
648 912
648 920
648 954
648 956
648 963
648 970
649 733
649 777
649 793
649 830
649 890
649 932
649 938
649 985
649 986
649 988
649 989
649 992
649 993
650 659
650 667
650 674
650 675
650 700
650 704
650 743
650 784
650 791
650 808
650 952
651 745
651 824
651 901
651 907
651 917
651 927
651 941
651 960
651 967
651 969
651 977
651 980
651 981
651 984
652 746
652 754
652 779
652 842
652 861
652 867
652 883
652 929
652 930
652 945
652 958
652 964
652 998
653 698
653 741
653 756
653 766
653 774
653 843
653 849
653 873
653 944
653 948
653 951
653 968
653 995
653 996
653 1000
654 723
654 737
654 750
654 762
654 798
654 823
654 836
654 840
654 850
654 878
654 904
655 694
655 722
655 725
655 731
655 810
655 837
655 899
656 702
656 714
656 719
656 799
656 853
656 881
656 915
656 922
656 926
656 939
657 699
657 706
657 735
657 756
657 774
657 775
657 895
657 900
657 944
657 951
657 953
657 972
657 983
657 996
658 724
658 752
658 831
658 833
658 842
658 867
658 930
658 937
658 964
658 965
658 971
658 974
658 976
658 998
659 667
659 674
659 675
659 700
659 704
659 743
659 784
659 791
659 808
659 952
660 661
660 663
660 721
660 734
660 771
660 796
660 819
660 829
660 869
660 892
660 942
660 994
661 663
661 720
661 727
661 728
661 755
661 787
661 796
661 802
661 847
661 885
661 910
661 942
661 982
661 994
662 672
662 692
662 785
662 817
662 832
662 863
662 876
662 880
662 882
662 912
662 920
662 954
662 956
662 963
662 970
663 721
663 728
663 763
663 802
663 819
663 847
663 910
663 942
663 943
663 982
663 994
663 999
664 682
664 724
664 746
664 752
664 754
664 780
664 781
664 822
664 861
664 929
664 937
664 945
664 958
664 965
664 974
664 998
665 749
665 843
665 849
665 889
665 948
665 951
665 953
665 968
665 972
665 983
665 995
666 697
666 825
666 887
666 948
666 951
666 953
666 975
666 983
666 995
666 996
667 674
667 675
667 700
667 704
667 743
667 784
667 791
667 808
667 952
668 693
668 746
668 779
668 780
668 781
668 822
668 861
668 883
668 909
668 945
668 958
668 964
668 976
668 998
669 768
669 990
670 680
670 692
670 785
670 817
670 832
670 863
670 876
670 882
670 912
670 920
670 954
670 956
670 963
670 970
671 687
671 764
671 773
671 801
671 806
671 913
671 916
671 924
671 949
671 966
671 978
672 692
672 817
672 832
672 863
672 876
672 880
672 882
672 912
672 920
672 954
672 956
672 963
672 970
673 707
673 768
673 957
673 973
674 675
674 700
674 704
674 743
674 784
674 791
674 808
674 952
675 700
675 704
675 743
675 784
675 791
675 808
675 952
676 684
676 705
676 718
676 776
676 792
676 800
676 821
676 826
676 844
676 872
676 898
676 925
676 931
676 940
677 679
677 730
677 732
677 782
677 803
677 811
677 866
677 879
677 884
677 893
677 897
677 903
677 906
678 689
678 812
678 813
678 841
678 854
678 862
678 888
678 908
678 914
678 918
678 934
678 935
679 730
679 732
679 782
679 786
679 803
679 811
679 866
679 879
679 893
679 903
679 906
680 692
680 785
680 832
680 863
680 876
680 880
680 882
680 912
680 920
680 954
680 956
680 963
680 970
681 683
681 732
681 782
681 803
681 811
681 866
681 879
681 884
681 897
681 906
682 693
682 779
682 781
682 861
682 867
682 909
682 930
682 937
682 945
682 958
682 964
682 965
682 971
682 976
683 732
683 782
683 803
683 811
683 866
683 879
683 884
683 893
683 897
683 903
683 906
684 705
684 711
684 776
684 792
684 821
684 826
684 844
684 872
684 925
684 931
684 940
685 702
685 714
685 719
685 853
685 881
685 915
685 922
685 926
685 939
686 699
686 726
686 749
686 774
686 843
686 855
686 873
686 887
686 889
686 895
686 900
686 951
686 953
686 983
686 1000
687 773
687 801
687 913
687 916
687 924
687 949
687 966
687 978
688 716
688 827
688 835
688 858
688 859
688 896
688 928
688 947
689 729
689 812
689 813
689 854
689 862
689 888
689 908
689 914
689 918
689 934
689 935
690 824
690 901
690 902
690 907
690 917
690 927
690 941
690 960
690 967
690 969
690 977
690 980
690 981
690 984
691 736
691 767
691 834
691 851
691 870
691 871
692 832
692 863
692 876
692 880
692 882
692 912
692 920
692 954
692 956
692 963
692 970
693 724
693 754
693 909
693 929
693 930
693 945
693 964
693 971
693 974
693 976
693 998
694 722
694 725
694 731
694 810
694 837
694 899
695 765
695 795
695 923
695 979
695 987
697 699
697 726
697 766
697 775
697 794
697 825
697 855
697 889
697 900
697 944
697 953
697 983
698 741
698 756
698 774
698 775
698 849
698 900
698 944
698 975
698 983
698 995
698 996
698 1000
699 825
699 849
699 874
699 895
699 900
699 944
699 983
699 1000
700 704
700 743
700 784
700 791
700 808
700 952
701 738
701 805
701 815
701 820
701 852
701 868
701 875
701 877
701 886
701 894
701 946
702 719
702 799
702 881
702 915
702 922
702 926
702 939
703 711
703 718
703 776
703 792
703 800
703 821
703 826
703 844
703 872
703 898
703 925
703 931
703 940
704 743
704 784
704 791
704 808
704 952
705 711
705 718
705 776
705 792
705 800
705 844
705 872
705 898
705 925
705 931
705 940
706 741
706 749
706 774
706 849
706 855
706 873
706 895
706 948
706 951
706 968
706 972
706 1000
707 957
707 973
709 715
709 748
709 772
709 818
709 839
709 919
709 955
710 760
710 802
710 838
710 869
710 910
710 942
710 950
710 982
710 994
710 999
711 718
711 776
711 792
711 800
711 821
711 844
711 898
711 925
711 931
711 940
712 740
712 959
713 738
713 805
713 815
713 820
713 852
713 868
713 875
713 877
713 886
713 894
713 946
714 719
714 799
714 853
714 881
714 915
714 922
714 926
714 939
715 748
715 772
715 818
715 839
715 919
715 955
716 827
716 835
716 858
716 859
716 896
716 928
716 947
717 723
717 737
717 750
717 762
717 798
717 823
717 836
717 840
717 850
717 878
717 904
718 776
718 792
718 800
718 821
718 826
718 844
718 872
718 898
718 925
718 931
718 940
719 799
719 853
719 881
719 915
719 922
719 926
719 939
720 721
720 763
720 783
720 789
720 796
720 819
720 838
720 869
720 921
720 942
720 943
720 950
720 994
720 999
721 727
721 789
721 829
721 838
721 910
721 942
721 943
721 994
721 999
722 725
722 731
722 810
722 837
722 899
723 737
723 750
723 798
723 823
723 836
723 840
723 850
723 878
723 904
724 754
724 779
724 780
724 833
724 861
724 909
724 945
724 964
724 965
725 731
725 810
725 837
725 899
726 735
726 843
726 849
726 873
726 887
726 944
726 951
726 953
726 983
726 995
726 1000
727 728
727 747
727 755
727 763
727 783
727 796
727 807
727 865
727 869
727 885
727 892
727 942
727 950
727 999
728 747
728 783
728 807
728 819
728 838
728 865
728 892
728 921
728 982
728 994
728 999
729 812
729 813
729 841
729 888
729 908
729 914
729 918
729 934
729 935
730 782
730 811
730 866
730 879
730 884
730 893
730 897
730 903
730 906
731 810
731 837
731 899
732 782
732 811
732 866
732 884
732 893
732 903
732 906
733 777
733 793
733 830
733 890
733 932
733 938
733 985
733 986
733 988
733 989
733 992
733 993
734 763
734 771
734 796
734 829
734 847
734 865
734 885
734 910
734 921
734 943
734 982
734 994
734 999
735 775
735 849
735 873
735 874
735 887
735 895
735 944
735 948
735 953
735 972
735 996
736 751
736 767
736 834
736 845
736 851
736 870
736 871
737 750
737 762
737 798
737 823
737 836
737 840
737 850
737 878
737 904
738 805
738 815
738 820
738 852
738 868
738 875
738 877
738 886
738 894
738 946
739 759
739 860
740 959
741 756
741 766
741 794
741 797
741 825
741 874
741 944
741 953
741 983
741 995
741 996
742 824
742 901
742 902
742 907
742 917
742 941
742 960
742 967
742 969
742 977
742 980
742 981
742 984
743 784
743 791
743 808
743 952
744 758
744 778
745 824
745 901
745 902
745 907
745 917
745 927
745 941
745 960
745 967
745 977
745 980
745 981
745 984
746 754
746 780
746 822
746 831
746 833
746 867
746 929
746 930
746 937
746 945
746 958
746 971
746 974
746 976
746 998
747 760
747 771
747 783
747 802
747 847
747 869
747 885
747 942
747 943
747 982
747 994
747 999
748 772
748 818
748 839
748 919
748 955
749 874
749 887
749 895
749 944
749 948
749 951
749 968
749 972
749 983
749 995
749 996
749 1000
750 798
750 836
750 840
750 850
750 904
751 767
751 834
751 845
751 851
751 870
751 871
752 780
752 781
752 822
752 833
752 867
752 883
752 909
752 929
752 930
752 937
752 958
752 965
752 971
752 976
752 998
753 828
753 905
754 779
754 780
754 831
754 842
754 867
754 883
754 929
754 945
754 958
754 965
754 974
754 998
755 760
755 771
755 789
755 802
755 807
755 892
755 910
755 943
755 982
756 794
756 855
756 873
756 874
756 889
756 895
756 900
756 951
756 968
756 972
756 975
756 983
756 996
756 1000
757 761
757 962
758 778
759 860
760 783
760 787
760 796
760 829
760 847
760 865
760 885
760 892
760 921
760 994
761 962
762 798
762 823
762 836
762 840
762 850
762 878
762 904
763 807
763 819
763 869
763 892
763 943
763 982
763 994
763 999
764 773
764 916
764 924
764 949
764 966
764 978
765 795
765 923
765 979
765 987
766 843
766 887
766 895
766 900
766 944
766 948
766 951
766 953
766 972
766 975
766 995
767 834
767 845
767 870
767 871
768 990
769 804
769 997
771 802
771 819
771 865
771 885
771 892
771 910
771 943
771 950
771 982
771 994
771 999
772 818
772 839
772 919
772 955
773 913
773 916
773 924
773 949
773 966
773 978
774 797
774 843
774 855
774 873
774 887
774 895
774 951
774 953
774 995
774 996
775 794
775 843
775 849
775 874
775 900
775 944
775 953
775 968
775 972
775 983
775 995
775 996
775 1000
776 792
776 800
776 826
776 844
776 872
776 898
776 925
776 931
776 940
777 793
777 830
777 890
777 932
777 938
777 985
777 986
777 988
777 989
777 992
777 993
779 780
779 781
779 833
779 842
779 861
779 883
779 909
779 930
779 937
779 945
779 958
779 965
779 974
779 976
780 781
780 822
780 833
780 842
780 861
780 867
780 930
780 937
780 945
780 964
780 965
780 971
780 974
780 976
781 909
781 929
781 930
781 937
781 945
781 958
781 971
781 974
781 998
782 786
782 803
782 866
782 879
782 884
782 893
782 897
782 903
783 847
783 865
783 869
783 892
783 910
783 921
783 942
783 943
783 950
783 982
784 791
784 808
784 952
785 817
785 832
785 863
785 876
785 880
785 882
785 912
785 920
785 954
785 956
785 963
785 970
786 811
786 866
786 879
786 893
786 897
786 903
786 906
787 802
787 807
787 829
787 838
787 865
787 885
787 892
787 910
787 921
787 942
787 943
787 994
789 802
789 807
789 819
789 829
789 838
789 869
789 885
789 892
789 921
789 943
789 982
789 994
790 809
790 961
791 808
791 952
792 800
792 821
792 844
792 872
792 898
792 925
792 931
792 940
793 830
793 890
793 932
793 938
793 985
793 986
793 988
793 989
793 992
793 993
794 825
794 843
794 849
794 855
794 889
794 900
794 944
794 951
794 968
794 975
794 995
794 1000
795 923
795 979
795 987
796 802
796 807
796 838
796 847
796 865
796 892
796 942
796 943
796 982
797 849
797 855
797 895
797 900
797 944
797 948
797 972
797 975
797 996
798 823
798 836
798 840
798 878
798 904
799 853
799 881
799 915
799 922
799 926
799 939
800 826
800 844
800 872
800 898
800 931
800 940
801 806
801 916
801 924
801 949
801 966
801 978
802 829
802 838
802 910
802 921
802 942
802 943
802 999
803 879
803 884
803 893
803 903
803 906
804 997
805 820
805 852
805 868
805 875
805 877
805 886
805 894
805 946
806 913
806 916
806 949
806 966
806 978
807 829
807 847
807 869
807 885
807 943
807 950
807 994
807 999
808 952
809 961
810 837
810 899
811 866
811 884
811 893
811 897
811 903
811 906
812 813
812 841
812 854
812 862
812 888
812 908
812 914
812 918
812 934
812 935
813 841
813 854
813 862
813 888
813 908
813 914
813 918
813 934
813 935
815 820
815 852
815 868
815 875
815 877
815 886
815 894
815 946
817 832
817 863
817 876
817 880
817 882
817 912
817 920
817 954
817 956
817 963
817 970
818 839
818 919
818 955
819 838
819 869
819 885
819 921
819 943
819 950
819 999
820 852
820 868
820 875
820 877
820 886
820 894
820 946
821 826
821 844
821 872
821 898
821 925
821 931
821 940
822 831
822 861
822 883
822 929
822 930
822 937
822 958
822 964
822 976
822 998
823 836
823 840
823 878
823 904
824 901
824 902
824 907
824 917
824 927
824 941
824 960
824 967
824 969
824 977
824 980
824 981
824 984
825 855
825 874
825 889
825 895
825 900
825 944
825 948
825 972
825 983
825 995
825 996
826 844
826 872
826 898
826 925
826 931
826 940
827 835
827 858
827 859
827 896
827 928
827 947
828 905
829 838
829 847
829 885
829 892
829 910
829 921
829 942
829 994
829 999
830 890
830 932
830 938
830 985
830 986
830 988
830 989
830 992
830 993
831 833
831 842
831 883
831 909
831 930
831 937
831 945
831 964
831 965
831 971
831 974
831 976
831 998
832 863
832 876
832 880
832 882
832 912
832 920
832 954
832 956
832 963
832 970
833 867
833 883
833 909
833 929
833 930
833 937
833 964
833 965
833 974
834 845
834 851
834 870
834 871
835 858
835 859
835 896
835 928
835 947
836 840
836 850
836 878
836 904
837 899
838 847
838 869
838 885
838 921
838 943
838 950
839 919
839 955
840 850
840 878
840 904
841 854
841 862
841 888
841 908
841 914
841 918
841 934
841 935
842 861
842 909
842 930
842 937
842 945
842 958
842 965
842 971
842 974
842 976
842 998
843 849
843 873
843 874
843 944
843 948
843 968
843 995
843 1000
844 872
844 898
844 925
844 931
844 940
845 851
845 870
845 871
847 865
847 869
847 885
847 910
847 921
847 950
849 855
849 873
849 889
849 951
849 972
849 975
849 983
849 995
849 996
850 878
850 904
851 870
851 871
852 868
852 875
852 877
852 886
852 894
852 946
853 881
853 915
853 922
853 926
853 939
854 862
854 888
854 908
854 914
854 918
854 934
854 935
855 873
855 887
855 889
855 975
855 983
858 859
858 896
858 928
858 947
859 896
859 928
859 947
861 867
861 883
861 929
861 945
861 958
861 964
861 965
861 971
861 976
861 998
862 888
862 908
862 914
862 918
862 934
862 935
863 876
863 880
863 882
863 912
863 920
863 954
863 956
863 963
863 970
864 991
865 869
865 892
865 910
865 921
865 943
865 950
865 982
865 994
865 999
866 879
866 884
866 897
866 903
866 906
867 883
867 909
867 930
867 945
867 958
867 965
867 971
867 974
867 976
867 998
868 875
868 877
868 886
868 894
868 946
869 892
869 910
869 921
869 942
869 943
869 982
869 999
870 871
872 898
872 925
872 931
872 940
873 874
873 887
873 889
873 895
873 900
873 944
873 948
873 968
873 975
873 983
874 887
874 895
874 944
874 951
874 968
874 975
874 983
875 877
875 886
875 894
875 946
876 880
876 882
876 912
876 920
876 954
876 956
876 963
876 970
877 886
877 894
877 946
878 904
879 893
879 897
879 903
880 882
880 912
880 920
880 954
880 956
880 963
880 970
881 915
881 922
881 926
881 939
882 912
882 920
882 954
882 956
882 963
882 970
883 929
883 930
883 937
883 958
883 964
883 965
883 971
883 974
883 998
884 893
884 897
884 906
885 892
885 942
885 943
885 999
886 894
886 946
887 900
887 944
887 951
887 968
887 983
887 995
887 996
887 1000
888 908
888 914
888 918
888 934
888 935
889 944
889 948
889 951
889 953
889 972
889 995
889 1000
890 932
890 938
890 985
890 986
890 988
890 989
890 992
890 993
892 910
892 921
892 943
892 994
892 999
893 897
893 903
893 906
894 946
895 900
895 944
895 951
895 968
895 972
895 995
895 1000
896 928
896 947
897 903
897 906
898 925
898 931
898 940
900 944
900 948
900 951
900 953
900 972
900 995
900 1000
901 902
901 907
901 917
901 927
901 941
901 960
901 967
901 969
901 977
901 980
901 981
901 984
902 907
902 917
902 927
902 941
902 960
902 967
902 969
902 977
902 980
902 981
902 984
903 906
907 917
907 927
907 941
907 960
907 967
907 969
907 977
907 980
907 981
907 984
908 914
908 918
908 934
908 935
909 929
909 930
909 937
909 971
909 974
909 976
909 998
910 921
910 942
910 950
910 982
912 920
912 954
912 956
912 963
912 970
913 916
913 949
913 966
913 978
914 918
914 934
914 935
915 922
915 926
915 939
916 924
916 949
916 966
916 978
917 927
917 941
917 960
917 967
917 969
917 977
917 980
917 981
917 984
918 934
918 935
919 955
920 954
920 956
920 963
920 970
921 942
921 950
921 994
922 926
922 939
923 979
923 987
924 949
924 966
924 978
925 931
925 940
926 939
927 941
927 960
927 967
927 969
927 977
927 980
927 981
927 984
928 947
929 930
929 958
929 964
929 965
929 998
930 937
930 945
930 964
930 976
931 940
932 938
932 985
932 986
932 988
932 989
932 992
932 993
934 935
937 945
937 958
937 964
937 971
937 974
937 976
938 985
938 986
938 988
938 989
938 992
938 993
941 960
941 967
941 969
941 977
941 980
941 981
941 984
942 943
942 950
942 982
942 994
943 982
943 994
943 999
944 948
944 951
944 953
944 968
944 972
944 996
944 1000
945 964
945 974
945 998
948 951
948 953
948 968
948 995
948 996
949 966
949 978
950 982
950 994
950 999
951 968
951 975
951 995
953 968
953 975
953 983
953 1000
954 956
954 963
954 970
956 963
956 970
957 973
958 964
958 965
958 974
958 976
958 998
960 967
960 969
960 977
960 980
960 981
960 984
963 970
964 974
964 976
964 998
965 971
965 976
965 998
966 978
967 969
967 977
967 980
967 981
967 984
968 995
968 996
968 1000
969 977
969 980
969 981
969 984
971 974
971 976
971 998
972 975
972 983
972 996
972 1000
974 976
974 998
975 983
975 995
975 996
976 998
977 980
977 981
977 984
979 987
980 981
980 984
981 984
982 994
983 995
985 986
985 988
985 989
985 992
985 993
986 988
986 989
986 992
986 993
988 989
988 992
988 993
989 992
989 993
992 993
995 996
995 1000
