1 65
1 335
1 339
1 348
1 484
1 583
1 585
1 744
1 758
1 778
2 57
2 543
2 563
2 655
2 694
2 725
2 804
2 810
2 837
2 899
3 16
3 190
3 501
3 546
3 691
3 767
3 834
3 851
3 870
3 871
4 123
4 236
4 307
4 361
4 393
4 542
4 678
4 769
4 845
4 997
5 106
5 505
5 665
5 666
5 849
5 887
5 889
5 953
5 972
5 1000
6 188
6 378
6 577
6 710
6 734
6 802
6 819
6 869
6 885
6 994
7 399
7 565
7 786
7 793
7 811
7 815
7 893
7 897
7 903
7 906
8 637
8 650
8 667
8 675
8 700
8 704
8 791
8 808
8 877
8 952
9 199
9 218
9 222
9 392
9 415
9 418
9 540
9 587
9 864
9 991
10 27
10 378
10 439
10 478
10 621
10 668
10 721
10 802
10 807
10 885
11 207
11 292
11 309
11 394
11 469
11 535
11 626
11 631
11 790
11 809
12 360
12 396
12 717
12 750
12 798
12 823
12 836
12 840
12 878
12 904
13 266
13 396
13 400
13 451
13 534
13 644
13 717
13 762
13 836
13 904
14 296
14 621
14 660
14 668
14 771
14 783
14 910
14 921
14 982
14 999
15 132
15 286
15 605
15 615
15 687
15 916
15 949
15 961
15 966
15 978
16 374
16 476
16 501
16 530
16 620
16 834
16 851
16 870
16 871
17 727
17 763
17 783
17 802
17 807
17 829
17 921
17 942
17 950
17 999
18 442
18 599
18 601
18 711
18 718
18 792
18 844
18 925
18 931
18 940
19 186
19 304
19 324
19 335
19 494
19 583
19 585
19 744
19 758
19 778
20 71
20 184
20 210
20 285
20 466
20 933
21 97
21 183
21 280
21 332
21 508
21 814
22 378
22 527
22 660
22 747
22 789
22 829
22 838
22 943
22 950
22 982
23 95
23 504
23 800
23 826
23 844
23 872
23 898
23 925
23 931
23 940
24 625
24 658
24 682
24 822
24 833
24 883
24 929
24 958
24 974
24 976
25 241
25 260
25 479
25 532
25 592
25 612
25 639
25 739
25 860
25 979
27 91
27 135
27 555
27 609
27 734
27 869
27 910
27 982
27 999
28 279
28 321
28 429
28 600
28 695
28 765
28 795
28 818
28 973
28 987
29 331
29 333
29 505
29 665
29 794
29 849
29 855
29 972
29 996
29 1000
30 890
30 911
30 932
30 938
30 985
30 986
30 988
30 989
30 992
30 993
31 582
31 747
31 763
31 802
31 829
31 838
31 865
31 892
31 942
31 994
32 463
32 741
32 855
32 873
32 900
32 944
32 968
32 975
32 983
32 1000
34 159
34 682
34 724
34 831
34 861
34 945
34 964
34 965
34 976
34 998
35 890
35 911
35 932
35 938
35 985
35 986
35 988
35 989
35 992
35 993
36 559
36 780
36 861
36 937
36 945
36 958
36 964
36 965
36 971
36 974
37 192
37 220
37 330
37 464
37 492
37 517
37 569
37 581
37 614
37 770
38 87
38 686
38 749
38 756
38 887
38 900
38 951
38 968
38 996
38 1000
39 100
39 131
39 179
39 338
39 381
39 591
39 603
39 753
39 905
40 181
40 476
40 501
40 610
40 620
40 691
40 736
40 767
40 870
40 871
41 192
41 220
41 330
41 464
41 492
41 517
41 569
41 581
41 614
41 770
42 413
42 764
42 773
42 842
42 916
42 924
42 949
42 961
42 966
42 978
43 559
43 724
43 822
43 831
43 909
43 945
43 964
43 965
43 974
43 976
44 242
44 441
44 652
44 664
44 833
44 930
44 945
44 958
44 965
44 971
45 161
45 263
45 618
45 628
45 734
45 760
45 869
45 885
45 943
45 950
46 237
46 509
46 532
46 592
46 612
46 639
46 739
46 860
46 979
47 64
47 292
47 309
47 394
47 469
47 535
47 626
47 631
47 790
47 809
48 463
48 596
48 646
48 666
48 775
48 797
48 873
48 944
48 975
48 995
49 607
49 729
49 812
49 841
49 888
49 908
49 914
49 918
49 934
49 935
50 780
50 929
50 930
50 937
50 958
50 964
50 965
50 971
50 976
50 998
51 328
51 552
51 601
51 608
51 821
51 826
51 898
51 925
51 931
51 940
52 564
52 630
52 688
52 716
52 827
52 835
52 859
52 896
52 928
52 947
53 560
53 611
53 710
53 789
53 807
53 869
53 921
53 942
53 943
53 994
54 136
54 359
54 372
54 379
54 488
54 538
54 669
54 674
54 737
54 990
55 504
55 705
55 718
55 776
55 792
55 800
55 898
55 925
55 931
55 940
57 228
57 653
57 655
57 725
57 731
57 804
57 810
57 837
57 899
58 164
58 346
58 429
58 600
58 695
58 765
58 795
58 818
58 973
58 987
60 374
60 412
60 530
60 547
60 610
60 736
60 834
60 851
60 870
60 871
61 249
61 376
61 609
61 668
61 734
61 829
61 910
61 943
61 994
61 999
62 648
62 662
62 817
62 876
62 882
62 912
62 920
62 954
62 956
62 963
63 521
63 596
63 825
63 855
63 873
63 900
63 944
63 951
63 968
63 972
64 292
64 309
64 394
64 469
64 535
64 626
64 631
64 790
64 809
65 324
65 348
65 484
65 494
65 583
65 585
65 744
65 758
65 778
66 590
66 627
66 927
66 941
66 960
66 969
66 977
66 980
66 981
66 984
67 137
67 165
67 221
67 550
67 633
67 712
67 740
67 959
68 298
68 573
68 702
68 714
68 719
68 853
68 915
68 922
68 926
68 939
69 407
69 473
69 556
69 644
69 717
69 762
69 798
69 823
69 840
69 904
70 110
70 243
70 436
70 720
70 865
70 921
70 942
70 982
70 994
70 999
71 184
71 210
71 285
71 466
71 933
72 594
72 624
72 895
72 944
72 948
72 951
72 953
72 968
72 972
72 995
73 890
73 911
73 932
73 938
73 985
73 986
73 988
73 989
73 992
73 993
74 764
74 773
74 801
74 806
74 913
74 924
74 949
74 961
74 966
74 978
75 223
75 228
75 543
75 722
75 725
75 731
75 804
75 810
75 837
75 899
76 191
76 559
76 658
76 781
76 861
76 867
76 937
76 945
76 964
76 976
77 514
77 570
77 724
77 779
77 822
77 861
77 958
77 964
77 974
77 976
78 147
78 404
78 448
78 620
78 691
78 767
78 834
78 851
78 870
78 871
79 605
79 687
79 806
79 842
79 913
79 916
79 949
79 961
79 966
79 978
80 911
80 932
80 938
80 985
80 986
80 988
80 989
80 992
80 993
80 1000
81 619
81 713
81 805
81 820
81 852
81 868
81 875
81 886
81 894
81 946
82 266
82 407
82 473
82 534
82 556
82 644
82 654
82 798
82 823
82 878
83 406
83 493
83 812
83 841
83 862
83 908
83 914
83 918
83 934
83 935
84 136
84 212
84 235
84 342
84 488
84 538
84 669
84 674
84 737
84 990
85 271
85 461
85 513
85 685
85 714
85 853
85 915
85 922
85 926
85 939
86 88
86 349
86 647
86 688
86 827
86 835
86 859
86 896
86 928
86 947
87 193
87 505
87 825
87 843
87 849
87 873
87 874
87 889
87 1000
88 564
88 630
88 640
88 827
88 835
88 859
88 896
88 928
88 947
89 525
89 629
89 726
89 756
89 775
89 855
89 900
89 983
89 995
89 996
90 344
90 368
90 556
90 644
90 750
90 798
90 840
90 850
90 878
90 904
91 208
91 401
91 439
91 577
91 663
91 734
91 829
91 838
91 921
92 580
92 752
92 833
92 861
92 883
92 930
92 945
92 958
92 971
92 974
93 110
93 376
93 490
93 638
93 783
93 787
93 921
93 942
93 982
93 999
94 207
94 292
94 309
94 394
94 469
94 535
94 626
94 631
94 790
94 809
95 154
95 599
95 705
95 800
95 872
95 898
95 925
95 931
95 940
96 194
96 304
96 335
96 339
96 494
96 583
96 585
96 744
96 758
96 778
97 183
97 280
97 332
97 508
97 814
98 123
98 236
98 307
98 361
98 393
98 542
98 678
98 769
98 845
98 997
99 634
99 785
99 816
99 832
99 912
99 920
99 954
99 956
99 963
99 970
100 131
100 179
100 338
100 381
100 591
100 603
100 753
100 905
101 329
101 448
101 501
101 610
101 620
101 622
101 691
101 834
101 851
101 871
102 133
102 389
102 529
102 572
102 594
102 900
102 953
102 968
102 983
102 995
103 637
103 650
103 667
103 675
103 700
103 704
103 791
103 808
103 877
103 952
104 690
104 907
104 917
104 927
104 960
104 967
104 977
104 980
104 981
104 984
105 671
105 764
105 773
105 806
105 842
105 916
105 949
105 961
105 966
105 978
106 617
106 666
106 743
106 855
106 873
106 900
106 953
106 975
106 995
107 178
107 299
107 571
107 688
107 716
107 827
107 835
107 859
107 896
107 928
107 947
108 630
108 640
108 647
108 688
108 716
108 827
108 835
108 859
108 896
108 928
108 947
109 475
109 543
109 563
109 653
109 694
109 722
109 731
109 804
109 810
109 837
109 899
110 149
110 755
110 819
110 892
110 921
110 943
110 950
110 982
110 994
111 582
111 661
111 721
111 727
111 771
111 783
111 789
111 838
111 869
111 982
111 994
112 315
112 462
112 479
112 509
112 532
112 592
112 612
112 639
112 739
112 860
112 979
113 559
113 752
113 831
113 867
113 883
113 945
113 958
113 964
113 965
113 974
113 998
114 350
114 505
114 617
114 665
114 794
114 887
114 895
114 951
114 972
114 975
114 1000
115 163
115 519
115 693
115 754
115 779
115 822
115 929
115 937
115 945
115 958
115 998
116 430
116 468
116 813
116 841
116 854
116 888
116 908
116 914
116 918
116 934
116 935
117 128
117 417
117 565
117 679
117 681
117 683
117 793
117 884
117 893
117 903
117 906
118 427
118 502
118 782
118 815
118 866
118 879
118 884
118 893
118 897
118 903
118 906
119 857
119 890
119 911
119 932
119 938
119 985
119 986
119 988
119 989
119 992
119 993
120 369
120 446
120 562
120 598
120 649
120 751
120 757
120 761
120 858
120 962
121 168
121 252
121 293
121 571
121 688
121 827
121 835
121 859
121 896
121 928
121 947
122 151
122 559
122 636
122 658
122 861
122 909
122 929
122 930
122 971
122 976
122 998
123 236
123 307
123 361
123 393
123 542
123 678
123 769
123 845
123 997
124 578
124 637
124 650
124 667
124 675
124 700
124 704
124 791
124 808
124 877
124 952
125 229
125 452
126 434
126 515
126 813
126 854
126 862
126 888
126 908
126 914
126 918
126 934
126 935
127 634
127 817
127 832
127 863
127 882
127 912
127 920
127 954
127 956
127 963
127 970
128 281
128 483
128 604
128 677
128 732
128 793
128 811
128 884
128 897
128 906
129 560
129 660
129 727
129 734
129 787
129 796
129 802
129 829
129 847
129 982
129 994
130 416
130 465
130 496
130 679
130 683
130 782
130 815
130 866
130 879
130 893
130 897
131 179
131 338
131 381
131 591
131 603
131 753
131 905
132 148
132 336
132 382
132 456
132 764
132 916
132 924
132 949
132 966
132 978
133 572
133 588
133 602
133 697
133 699
133 749
133 756
133 825
133 843
133 975
134 333
134 529
134 584
134 596
134 749
134 756
134 775
134 900
134 951
134 996
134 1000
135 290
135 376
135 638
135 728
135 755
135 760
135 789
135 796
135 892
135 942
136 342
136 372
136 379
136 488
136 538
136 669
136 674
136 737
136 990
137 165
137 221
137 550
137 633
137 712
137 740
137 959
138 312
138 409
138 446
138 562
138 598
138 649
138 751
138 757
138 761
138 858
138 962
139 273
139 756
139 849
139 874
139 889
139 895
139 972
139 975
139 983
139 1000
140 671
140 687
140 801
140 806
140 842
140 916
140 924
140 949
140 961
140 966
140 978
141 328
141 552
141 684
141 703
141 711
141 821
141 872
141 898
141 925
141 931
141 940
142 828
142 901
142 902
142 927
142 941
142 960
142 967
142 969
142 980
142 981
142 984
143 148
143 623
143 671
143 773
143 801
143 913
143 916
143 949
143 961
143 966
143 978
144 442
144 499
144 520
144 711
144 821
144 844
144 872
144 898
144 925
144 931
144 940
145 246
145 286
145 384
145 523
145 548
145 605
145 842
145 924
145 961
145 966
145 978
146 857
146 890
146 911
146 932
146 938
146 985
146 986
146 988
146 989
146 992
146 993
147 397
147 443
147 547
147 586
147 620
147 622
147 736
147 851
147 870
147 871
148 523
148 544
148 913
148 916
148 924
148 949
148 961
148 966
148 978
149 410
149 439
149 643
149 727
149 734
149 771
149 787
149 819
149 838
149 999
150 255
150 272
150 549
150 644
150 723
150 762
150 823
150 836
150 850
150 878
150 904
151 159
151 233
151 636
151 746
151 752
151 867
151 883
151 958
151 965
151 976
152 657
152 756
152 849
152 873
152 887
152 889
152 895
152 944
152 948
152 983
152 995
153 857
153 890
153 911
153 932
153 938
153 985
153 986
153 988
153 989
153 992
153 993
154 228
154 653
154 694
154 722
154 725
154 731
154 804
154 810
154 837
154 899
155 436
155 439
155 490
155 661
155 668
155 728
155 747
155 796
155 807
155 950
155 982
156 703
156 718
156 776
156 792
156 821
156 844
156 872
156 898
156 925
156 931
156 940
157 376
157 378
157 490
157 621
157 628
157 720
157 910
157 943
157 982
157 994
157 999
158 514
158 752
158 754
158 779
158 861
158 909
158 930
158 937
158 971
158 976
158 998
159 182
159 625
159 664
159 724
159 867
159 929
159 945
159 965
159 998
160 444
160 653
160 655
160 694
160 722
160 725
160 731
160 804
160 810
160 837
160 899
161 387
161 628
161 661
161 663
161 802
161 819
161 829
161 921
161 982
161 999
162 293
162 571
162 640
162 688
162 716
162 827
162 835
162 859
162 896
162 928
162 947
163 313
163 642
163 754
163 867
163 929
163 930
163 965
163 974
163 976
163 998
164 321
164 346
164 429
164 600
164 695
164 765
164 795
164 818
164 973
164 987
165 221
165 550
165 633
165 712
165 740
165 959
167 578
167 637
167 650
167 667
167 675
167 700
167 704
167 791
167 808
167 877
167 952
168 440
168 647
168 688
168 716
168 827
168 835
168 859
168 896
168 928
168 947
169 369
169 409
169 446
169 562
169 598
169 649
169 751
169 757
169 761
169 858
169 962
170 235
170 359
170 372
170 379
170 488
170 538
170 669
170 674
170 737
170 990
171 279
171 321
171 346
171 429
171 600
171 695
171 765
171 795
171 818
171 973
171 987
172 391
172 410
172 720
172 721
172 847
172 865
172 885
172 942
172 943
172 950
172 982
173 507
173 515
173 812
173 854
173 862
173 888
173 908
173 914
173 918
173 934
173 935
174 506
174 575
174 597
174 659
174 709
174 715
174 768
174 772
174 839
174 923
174 955
175 300
175 573
175 656
175 702
175 714
175 719
175 853
175 915
175 922
175 926
175 939
176 380
176 599
176 684
176 703
176 711
176 800
176 872
176 898
176 925
176 931
176 940
177 283
177 438
177 463
177 698
177 794
177 843
177 887
177 944
177 972
177 983
177 995
178 211
178 299
178 571
178 716
178 827
178 835
178 859
178 896
178 928
178 947
179 338
179 381
179 591
179 603
179 753
179 905
180 305
180 570
180 625
180 781
180 883
180 929
180 930
180 945
180 964
180 965
180 976
181 374
181 404
181 443
181 546
181 691
181 736
181 834
181 851
181 870
181 871
182 191
182 217
182 642
182 664
182 867
182 909
182 930
182 958
182 974
182 998
183 280
183 332
183 508
183 814
184 210
184 285
184 466
184 933
185 258
185 377
185 534
185 641
185 644
185 717
185 823
185 836
185 840
185 850
185 904
186 194
186 335
186 339
186 484
186 494
186 583
186 585
186 744
186 758
186 778
187 405
187 556
187 654
187 717
187 723
187 762
187 823
187 840
187 850
187 878
187 904
188 308
188 618
188 638
188 747
188 763
188 921
188 942
188 982
188 994
189 690
189 901
189 902
189 917
189 927
189 960
189 967
189 969
189 977
189 980
189 984
190 448
190 501
190 546
190 610
190 622
190 691
190 834
190 851
190 870
190 871
191 441
191 664
191 693
191 867
191 909
191 937
191 971
191 976
191 998
192 220
192 330
192 464
192 492
192 517
192 569
192 581
192 614
192 770
193 331
193 463
193 629
193 735
193 797
193 825
193 873
193 874
193 975
193 983
194 226
194 304
194 484
194 494
194 583
194 585
194 744
194 758
194 778
195 828
195 902
195 917
195 927
195 941
195 969
195 977
195 980
195 981
195 984
196 449
196 651
196 902
196 917
196 941
196 960
196 967
196 977
196 980
196 981
196 984
197 329
197 374
197 547
197 586
197 691
197 736
197 767
197 834
197 851
197 870
197 871
198 608
198 703
198 776
198 792
198 821
198 826
198 872
198 898
198 925
198 931
198 940
199 218
199 220
199 222
199 392
199 415
199 418
199 540
199 587
199 864
199 991
200 828
200 901
200 917
200 927
200 960
200 967
200 969
200 977
200 980
200 981
200 984
201 901
201 902
201 907
201 927
201 941
201 967
201 969
201 977
201 980
201 981
201 984
202 513
202 524
202 533
202 573
202 685
202 719
202 853
202 915
202 922
202 926
202 939
203 589
203 745
203 907
203 927
203 941
203 960
203 967
203 977
203 980
203 981
203 984
204 242
204 580
204 652
204 781
204 831
204 930
204 945
204 964
204 965
204 976
204 998
205 902
205 907
205 917
205 927
205 960
205 967
205 969
205 977
205 980
205 981
205 984
206 701
206 738
206 784
206 805
206 820
206 852
206 868
206 875
206 886
206 894
206 946
207 292
207 309
207 394
207 469
207 535
207 626
207 631
207 790
207 809
208 621
208 638
208 728
208 807
208 847
208 865
208 921
208 950
208 994
208 999
209 460
209 461
209 482
209 656
209 685
209 702
209 853
209 915
209 922
209 926
209 939
210 285
210 466
210 933
211 528
211 564
211 640
211 688
211 827
211 835
211 859
211 896
211 928
211 947
212 342
212 359
212 372
212 379
212 488
212 538
212 669
212 674
212 737
212 990
213 456
213 764
213 773
213 801
213 842
213 913
213 916
213 924
213 949
213 961
213 966
213 978
214 548
214 605
214 764
214 773
214 806
214 913
214 916
214 924
214 949
214 961
214 966
214 978
215 251
215 463
215 666
215 741
215 874
215 900
215 944
215 968
215 972
215 983
215 996
215 1000
216 848
216 857
216 890
216 911
216 932
216 938
216 985
216 986
216 988
216 989
216 992
216 993
217 664
217 724
217 752
217 780
217 781
217 883
217 929
217 937
217 945
217 974
217 976
218 222
218 392
218 415
218 418
218 540
218 587
218 864
218 991
219 239
219 521
219 525
219 766
219 825
219 895
219 944
219 948
219 951
219 953
219 968
219 996
220 330
220 464
220 492
220 517
220 569
220 581
220 614
220 770
221 550
221 633
221 712
221 740
221 959
222 392
222 415
222 418
222 540
222 587
222 864
222 991
223 444
223 475
223 510
223 563
223 653
223 655
223 731
223 804
223 810
223 837
223 899
224 312
224 369
224 409
224 446
224 562
224 598
224 649
224 751
224 757
224 761
224 858
224 962
225 435
225 738
225 759
225 784
225 805
225 820
225 852
225 868
225 875
225 886
225 894
225 946
226 324
226 335
226 348
226 484
226 494
226 583
226 585
226 744
226 758
226 778
227 848
227 857
227 890
227 911
227 932
227 938
227 985
227 986
227 988
227 989
227 992
227 993
228 510
228 563
228 655
228 722
228 725
228 804
228 810
228 837
228 899
229 452
230 474
230 578
230 637
230 650
230 667
230 675
230 700
230 704
230 791
230 808
230 877
230 952
231 621
231 628
231 643
231 661
231 663
231 721
231 727
231 760
231 771
231 892
231 921
231 982
232 701
232 738
232 759
232 784
232 805
232 820
232 852
232 868
232 875
232 886
232 894
232 946
233 371
233 514
233 539
233 642
233 752
233 754
233 833
233 883
233 964
233 971
233 998
234 399
234 495
234 496
234 613
234 681
234 803
234 815
234 879
234 884
234 893
234 903
234 906
235 342
235 359
235 372
235 379
235 488
235 538
235 669
235 674
235 737
235 990
236 307
236 361
236 393
236 542
236 678
236 769
236 845
236 997
237 358
237 462
237 479
237 509
237 532
237 592
237 612
237 639
237 739
237 860
237 979
238 432
238 458
238 635
238 672
238 785
238 817
238 891
238 912
238 954
238 956
238 963
238 970
239 477
239 588
239 596
239 741
239 944
239 948
239 968
239 972
239 975
239 995
239 1000
240 302
240 693
240 746
240 822
240 831
240 909
240 929
240 937
240 945
240 964
240 965
240 971
241 358
241 462
241 479
241 509
241 532
241 592
241 612
241 639
241 739
241 860
241 979
242 441
242 779
242 833
242 867
242 937
242 958
242 964
242 965
242 971
242 974
243 296
243 638
243 763
243 771
243 789
243 819
243 847
243 865
243 910
243 943
243 994
244 326
244 386
244 475
244 510
244 655
244 694
244 722
244 725
244 804
244 810
244 837
244 899
245 397
245 448
245 476
245 546
245 586
245 622
245 736
245 767
245 834
245 851
245 870
245 871
246 523
246 623
246 671
246 764
246 773
246 801
246 916
246 924
246 961
246 966
246 978
247 481
247 506
247 575
247 597
247 659
247 709
247 715
247 768
247 772
247 839
247 923
247 955
248 481
248 506
248 575
248 597
248 659
248 709
248 715
248 768
248 772
248 839
248 923
248 955
249 478
249 560
249 628
249 771
249 783
249 819
249 847
249 885
249 950
249 982
249 994
251 624
251 665
251 697
251 706
251 735
251 873
251 889
251 900
251 948
251 968
251 1000
252 564
252 630
252 647
252 688
252 716
252 827
252 835
252 859
252 896
252 928
252 947
254 306
254 519
254 531
254 579
254 636
254 693
254 833
254 867
254 937
254 945
254 971
254 974
255 266
255 343
255 400
255 414
255 654
255 723
255 798
255 823
255 836
255 878
255 904
256 474
256 578
256 637
256 650
256 667
256 675
256 700
256 704
256 791
256 808
256 877
256 952
257 336
257 364
257 384
257 615
257 801
257 842
257 913
257 924
257 949
257 961
257 966
257 978
258 319
258 377
258 400
258 405
258 473
258 549
258 641
258 750
258 823
258 878
258 904
260 358
260 462
260 479
260 509
260 532
260 592
260 612
260 639
260 739
260 860
260 979
261 518
261 713
261 759
261 784
261 805
261 820
261 852
261 868
261 875
261 886
261 894
261 946
262 287
262 453
262 629
262 706
262 743
262 843
262 874
262 887
262 895
262 900
262 948
262 968
263 388
263 490
263 582
263 618
263 663
263 760
263 787
263 789
263 838
263 982
263 994
264 365
264 478
264 628
264 721
264 747
264 789
264 829
264 885
264 910
264 942
264 943
264 982
265 460
265 480
265 482
265 524
265 685
265 702
265 714
265 853
265 915
265 922
265 926
265 939
266 272
266 360
266 717
266 750
266 762
266 836
266 840
266 850
266 904
267 701
267 738
267 759
267 784
267 805
267 820
267 852
267 868
267 875
267 886
267 894
267 946
268 689
268 729
268 812
268 813
268 854
268 862
268 888
268 908
268 914
268 918
268 934
268 935
269 403
269 526
269 662
269 832
269 863
269 880
269 882
269 891
269 954
269 956
269 963
269 970
270 428
270 433
270 463
270 657
270 698
270 706
270 775
270 797
270 895
270 951
270 996
270 1000
271 461
271 533
271 573
271 656
271 714
271 719
271 853
271 915
271 922
271 926
271 939
272 534
272 641
272 723
272 750
272 762
272 798
272 823
272 850
272 878
272 904
273 341
273 521
273 529
273 665
273 797
273 843
273 874
273 972
273 983
273 996
273 1000
276 557
276 690
276 902
276 917
276 927
276 960
276 967
276 969
276 977
276 980
276 981
276 984
277 474
277 578
277 637
277 650
277 667
277 675
277 700
277 704
277 791
277 808
277 877
277 952
278 558
278 607
278 812
278 813
278 854
278 862
278 888
278 908
278 914
278 918
278 934
278 935
279 321
279 346
279 429
279 600
279 695
279 765
279 795
279 818
279 973
279 987
280 332
280 508
280 814
281 347
281 427
281 472
281 495
281 677
281 683
281 730
281 782
281 793
281 866
281 903
282 555
282 638
282 663
282 710
282 727
282 755
282 760
282 829
282 885
282 921
282 950
282 982
283 428
283 505
283 697
283 756
283 775
283 825
283 855
283 948
283 968
283 972
283 983
283 995
284 521
284 686
284 697
284 706
284 874
284 900
284 944
284 951
284 968
284 972
284 983
284 995
284 996
285 466
285 933
286 364
286 544
286 671
286 806
286 842
286 913
286 916
286 924
286 949
286 961
286 978
287 421
287 477
287 606
287 629
287 645
287 741
287 743
287 895
287 953
287 972
287 995
287 996
288 302
288 366
288 559
288 570
288 822
288 861
288 929
288 937
288 958
288 964
288 965
288 976
288 998
289 336
289 384
289 548
289 687
289 764
289 773
289 801
289 913
289 924
289 949
289 961
289 966
289 978
290 410
290 439
290 611
290 618
290 660
290 721
290 755
290 787
290 847
290 865
290 943
290 994
292 309
292 394
292 469
292 535
292 626
292 631
292 790
292 809
293 564
293 630
293 640
293 647
293 688
293 827
293 835
293 859
293 896
293 928
293 947
294 434
294 516
294 607
294 689
294 729
294 841
294 862
294 888
294 908
294 914
294 918
294 934
294 935
295 423
295 481
295 506
295 575
295 597
295 659
295 709
295 715
295 768
295 772
295 839
295 923
295 955
296 301
296 628
296 660
296 661
296 728
296 787
296 789
296 802
296 869
296 910
296 994
297 493
297 515
297 607
297 812
297 841
297 854
297 862
297 888
297 908
297 914
297 918
297 934
297 935
298 482
298 513
298 573
298 656
298 685
298 702
298 719
298 853
298 915
298 922
298 926
298 939
299 528
299 564
299 647
299 688
299 716
299 827
299 835
299 859
299 896
299 928
299 947
300 460
300 533
300 656
300 685
300 702
300 714
300 719
300 853
300 915
300 922
300 926
300 939
301 308
301 387
301 401
301 577
301 771
301 783
301 802
301 819
301 838
301 892
301 921
301 994
302 371
302 459
302 531
302 746
302 780
302 861
302 930
302 965
302 971
302 974
302 976
303 421
303 433
303 594
303 606
303 617
303 665
303 735
303 855
303 889
303 948
303 972
303 995
303 1000
304 324
304 335
304 339
304 348
304 484
304 583
304 585
304 744
304 758
304 778
305 580
305 625
305 693
305 724
305 746
305 822
305 833
305 867
305 883
305 929
305 958
305 976
306 531
306 625
306 746
306 779
306 781
306 831
306 930
306 937
306 945
306 965
306 971
306 998
307 361
307 393
307 542
307 678
307 769
307 845
307 997
308 391
308 420
308 663
308 710
308 727
308 807
308 847
308 865
308 950
308 982
308 999
309 394
309 469
309 535
309 626
309 631
309 790
309 809
310 557
310 742
310 828
310 907
310 927
310 941
310 960
310 967
310 969
310 977
310 980
310 981
310 984
311 544
311 623
311 764
311 773
311 801
311 842
311 913
311 916
311 924
311 949
311 961
311 966
311 978
312 369
312 409
312 446
312 562
312 598
312 649
312 751
312 757
312 761
312 858
312 962
313 580
313 642
313 682
313 724
313 746
313 781
313 861
313 937
313 965
313 974
313 976
313 998
314 520
314 711
314 718
314 800
314 821
314 826
314 844
314 872
314 898
314 925
314 931
314 940
315 358
315 359
315 462
315 479
315 509
315 532
315 592
315 612
315 639
315 739
315 860
315 979
316 474
316 578
316 637
316 650
316 667
316 675
316 700
316 704
316 791
316 808
316 877
316 952
317 445
317 522
317 557
317 561
317 742
317 901
317 902
317 907
317 960
317 967
317 969
317 981
317 984
318 648
318 662
318 680
318 692
318 816
318 832
318 876
318 912
318 920
318 954
318 956
318 963
318 970
319 549
319 641
319 644
319 654
319 717
319 750
319 798
319 823
319 840
319 850
319 878
319 904
320 440
320 528
320 564
320 571
320 630
320 640
320 716
320 827
320 835
320 859
320 896
320 928
320 947
321 346
321 429
321 600
321 695
321 765
321 795
321 818
321 973
321 987
323 500
323 551
323 729
323 812
323 813
323 841
323 862
323 888
323 908
323 914
323 918
323 934
323 935
324 339
324 348
324 484
324 494
324 583
324 585
324 744
324 758
324 778
325 576
325 648
325 692
325 785
325 832
325 876
325 880
325 882
325 920
325 954
325 956
325 963
325 970
326 362
326 386
326 543
326 563
326 653
326 694
326 722
326 731
326 804
326 810
326 837
326 899
327 363
327 635
327 648
327 662
327 863
327 880
327 882
327 891
327 920
327 954
327 956
327 963
327 970
328 499
328 520
328 601
328 705
328 826
328 844
328 872
328 898
328 925
328 931
328 940
329 397
329 412
329 476
329 546
329 547
329 610
329 736
329 834
329 851
329 870
329 871
330 464
330 492
330 517
330 569
330 581
330 614
330 770
331 617
331 697
331 735
331 797
331 825
331 900
331 944
331 948
331 951
331 975
331 996
332 508
332 814
333 594
333 794
333 874
333 887
333 900
333 968
333 972
333 975
333 983
333 995
333 996
334 435
334 713
334 738
334 759
334 784
334 805
334 820
334 852
334 868
334 875
334 886
334 894
334 946
335 484
335 494
335 583
335 585
335 744
335 758
335 778
336 548
336 605
336 773
336 842
336 913
336 924
336 949
336 961
336 966
336 978
337 544
337 548
337 671
337 687
337 801
337 806
337 842
337 913
337 916
337 949
337 961
337 966
337 978
338 381
338 591
338 603
338 753
338 905
339 348
339 484
339 494
339 583
339 585
339 744
339 758
339 778
341 421
341 471
341 749
341 756
341 887
341 948
341 953
341 972
341 975
341 983
341 995
341 1000
342 359
342 372
342 379
342 488
342 538
342 669
342 674
342 737
342 990
343 360
343 400
343 451
343 534
343 654
343 798
343 823
343 836
343 840
343 850
343 878
343 904
344 377
344 396
344 405
344 473
344 641
344 717
344 750
344 798
344 836
344 840
344 878
344 904
345 417
345 427
345 502
345 677
345 730
345 786
345 793
345 815
345 866
345 893
345 897
345 903
345 906
346 429
346 600
346 695
346 765
346 795
346 818
346 973
346 987
347 465
347 537
347 679
347 683
347 730
347 732
347 782
347 786
347 879
347 884
347 903
347 906
348 484
348 494
348 583
348 585
348 744
348 758
348 778
349 528
349 564
349 630
349 640
349 647
349 716
349 827
349 835
349 859
349 896
349 928
349 947
350 657
350 665
350 743
350 756
350 855
350 889
350 948
350 951
350 972
350 975
350 995
350 1000
351 701
351 713
351 738
351 759
351 784
351 805
351 820
351 852
351 868
351 875
351 886
351 894
351 946
352 356
352 467
352 673
352 707
352 957
353 848
353 856
353 857
353 890
353 911
353 932
353 938
353 985
353 986
353 988
353 989
353 992
353 993
354 848
354 856
354 857
354 890
354 911
354 932
354 938
354 985
354 986
354 988
354 989
354 992
354 993
356 467
356 673
356 707
356 957
357 442
357 504
357 684
357 711
357 776
357 792
357 800
357 826
357 844
357 872
357 898
357 925
357 931
357 940
358 462
358 479
358 509
358 532
358 592
358 612
358 639
358 739
358 860
358 979
359 372
359 379
359 488
359 538
359 669
359 674
359 737
359 990
360 407
360 641
360 654
360 717
360 723
360 762
360 798
360 836
360 840
360 850
360 878
361 393
361 542
361 678
361 769
361 845
361 997
362 386
362 475
362 563
362 653
362 655
362 694
362 722
362 725
362 731
362 804
362 810
362 837
362 899
363 426
363 574
363 635
363 785
363 863
363 876
363 882
363 891
363 920
363 954
363 956
363 963
363 970
364 384
364 413
364 764
364 773
364 806
364 842
364 913
364 924
364 949
364 961
364 966
364 978
365 555
365 560
365 577
365 763
365 787
365 865
365 892
365 910
365 942
365 943
365 950
365 994
365 999
366 636
366 724
366 754
366 822
366 909
366 929
366 930
366 937
366 945
366 965
366 974
366 976
366 998
367 619
367 701
367 713
367 738
367 759
367 784
367 805
367 820
367 852
367 868
367 875
367 886
367 894
367 946
368 377
368 414
368 451
368 473
368 654
368 717
368 723
368 762
368 823
368 836
368 840
368 878
368 904
369 409
369 446
369 562
369 598
369 649
369 751
369 757
369 761
369 858
369 962
370 472
370 483
370 502
370 537
370 681
370 730
370 782
370 786
370 803
370 811
370 866
370 879
370 893
370 906
371 664
371 724
371 746
371 779
371 780
371 831
371 861
371 883
371 929
371 964
371 976
371 998
372 379
372 488
372 538
372 669
372 674
372 737
372 990
373 431
373 824
373 901
373 902
373 917
373 927
373 941
373 960
373 967
373 969
373 977
373 980
373 981
373 984
374 412
374 443
374 476
374 530
374 691
374 767
374 834
374 851
374 870
374 871
375 465
375 495
375 604
375 677
375 732
375 782
375 811
375 815
375 866
375 879
375 884
375 893
375 897
375 903
376 560
376 760
376 783
376 789
376 796
376 869
376 885
376 892
376 942
376 999
377 473
377 641
377 644
377 654
377 723
377 823
377 836
377 840
377 850
377 878
378 410
378 577
378 663
378 789
378 838
378 892
378 910
378 942
378 943
378 999
379 488
379 538
379 669
379 674
379 737
379 990
380 504
380 684
380 703
380 776
380 792
380 800
380 826
380 844
380 872
380 898
380 925
380 931
380 940
381 591
381 603
381 753
381 905
382 523
382 671
382 687
382 764
382 773
382 806
382 913
382 916
382 924
382 949
382 961
382 966
382 978
383 491
383 615
383 623
383 671
383 687
383 764
383 773
383 842
383 913
383 916
383 924
383 949
383 966
383 978
384 413
384 491
384 806
384 913
384 916
384 924
384 949
384 961
384 966
384 978
385 421
385 567
385 617
385 645
385 646
385 657
385 686
385 889
385 900
385 944
385 948
385 975
385 983
385 996
386 510
386 563
386 655
386 694
386 722
386 725
386 731
386 804
386 810
386 837
386 899
387 555
387 577
387 668
387 721
387 771
387 783
387 789
387 796
387 838
387 869
387 910
387 999
388 436
388 560
388 643
388 710
388 721
388 760
388 783
388 787
388 807
388 865
388 921
388 943
388 950
389 521
389 588
389 645
389 657
389 706
389 766
389 774
389 775
389 849
389 972
389 975
389 983
389 996
390 536
390 574
390 670
390 672
390 785
390 832
390 876
390 880
390 882
390 891
390 912
390 920
390 956
390 970
391 401
391 663
391 668
391 720
391 727
391 728
391 747
391 829
391 865
391 943
391 950
391 999
392 415
392 418
392 540
392 587
392 864
392 991
393 542
393 678
393 769
393 845
393 997
394 469
394 535
394 626
394 631
394 790
394 809
395 498
395 701
395 713
395 738
395 759
395 784
395 805
395 820
395 852
395 868
395 875
395 886
395 894
395 946
396 414
396 451
396 549
396 723
396 750
396 823
396 836
396 840
396 850
396 878
396 904
397 476
397 546
397 610
397 620
397 622
397 691
397 767
397 834
397 851
397 870
397 871
399 537
399 541
399 730
399 782
399 786
399 793
399 803
399 866
399 884
399 897
399 903
399 906
400 407
400 556
400 644
400 654
400 762
400 798
400 840
400 850
400 878
400 904
401 527
401 720
401 721
401 760
401 771
401 847
401 892
401 942
401 982
401 994
401 999
402 846
402 848
402 856
402 857
402 890
402 911
402 932
402 938
402 985
402 986
402 988
402 989
402 992
402 993
403 487
403 662
403 680
403 816
403 880
403 882
403 912
403 920
403 954
403 956
403 963
403 970
404 443
404 530
404 546
404 547
404 620
404 622
404 736
404 767
404 834
404 851
404 870
404 871
405 407
405 451
405 473
405 534
405 641
405 750
405 762
405 823
405 836
405 850
405 904
406 607
406 729
406 812
406 813
406 841
406 854
406 862
406 888
406 908
406 914
406 918
406 934
406 935
407 641
407 644
407 723
407 762
407 823
407 836
407 840
407 850
407 878
408 426
408 487
408 545
408 816
408 817
408 832
408 863
408 876
408 891
408 912
408 920
408 954
408 963
408 970
409 446
409 562
409 598
409 649
409 751
409 757
409 761
409 858
409 962
410 638
410 755
410 787
410 807
410 885
410 892
410 910
410 982
410 994
410 999
411 619
411 701
411 713
411 738
411 759
411 784
411 805
411 820
411 852
411 868
411 875
411 886
411 894
411 946
412 448
412 501
412 610
412 622
412 691
412 736
412 767
412 834
412 851
412 870
412 871
413 491
413 544
413 615
413 801
413 842
413 913
413 924
413 949
413 961
413 966
413 978
414 451
414 549
414 641
414 654
414 750
414 762
414 798
414 836
414 840
414 878
414 904
415 418
415 540
415 587
415 864
415 991
416 427
416 502
416 683
416 732
416 782
416 786
416 803
416 815
416 866
416 879
416 893
416 897
416 903
416 906
417 496
417 541
417 613
417 679
417 681
417 730
417 803
417 811
417 815
417 893
417 897
417 903
417 906
418 540
418 587
418 864
418 991
420 611
420 638
420 643
420 721
420 728
420 787
420 838
420 847
420 892
420 910
420 921
420 942
420 943
420 994
421 428
421 438
421 505
421 741
421 743
421 843
421 900
421 944
421 948
421 983
421 996
422 503
422 519
422 580
422 652
422 746
422 752
422 779
422 780
422 867
422 929
422 930
422 958
422 964
422 976
422 998
423 481
423 506
423 575
423 597
423 659
423 709
423 715
423 768
423 772
423 839
423 923
423 955
424 589
424 745
424 824
424 828
424 901
424 907
424 917
424 941
424 960
424 967
424 969
424 977
424 980
424 981
424 984
425 545
425 648
425 692
425 785
425 863
425 876
425 880
425 882
425 891
425 912
425 920
425 954
425 956
425 963
425 970
426 574
426 576
426 817
426 832
426 863
426 880
426 891
426 912
426 920
426 954
426 956
426 963
426 970
427 472
427 604
427 732
427 782
427 793
427 803
427 866
427 879
427 884
427 903
427 906
428 594
428 698
428 741
428 749
428 794
428 874
428 889
428 948
428 953
428 983
428 995
428 1000
429 600
429 695
429 765
429 795
429 818
429 973
429 987
430 434
430 468
430 516
430 689
430 729
430 841
430 854
430 862
430 888
430 908
430 914
430 918
430 934
430 935
431 437
431 522
431 566
431 690
431 745
431 901
431 902
431 917
431 967
431 969
431 977
431 980
431 981
431 984
432 574
432 672
432 680
432 692
432 785
432 863
432 876
432 880
432 882
432 891
432 912
432 920
432 956
432 963
433 525
433 699
433 706
433 726
433 743
433 749
433 843
433 849
433 895
433 900
433 948
433 975
433 996
434 729
434 812
434 813
434 841
434 854
434 862
434 888
434 908
434 914
434 918
434 934
434 935
435 518
435 713
435 738
435 759
435 784
435 805
435 820
435 852
435 868
435 875
435 886
435 894
435 946
436 439
436 490
436 638
436 721
436 819
436 838
436 847
436 885
436 942
436 943
436 950
436 994
437 449
437 561
437 568
437 828
437 901
437 902
437 907
437 941
437 960
437 967
437 969
437 980
437 981
437 984
438 657
438 686
438 699
438 756
438 889
438 895
438 951
438 953
438 975
438 983
438 995
438 996
438 1000
439 577
439 618
439 628
439 771
439 783
439 796
439 885
439 921
439 999
440 528
440 571
440 630
440 640
440 647
440 688
440 716
440 827
440 835
440 859
440 896
440 928
440 947
441 625
441 636
441 682
441 833
441 861
441 867
441 883
441 909
441 929
441 937
441 964
441 974
442 499
442 552
442 676
442 684
442 711
442 776
442 792
442 800
442 826
442 925
442 931
442 940
443 448
443 530
443 586
443 620
443 622
443 691
443 767
443 834
443 851
443 870
443 871
444 475
444 510
444 563
444 653
444 655
444 694
444 722
444 725
444 731
444 804
444 810
444 837
444 899
445 566
445 627
445 742
445 745
445 901
445 917
445 941
445 960
445 967
445 969
445 977
445 980
445 981
445 984
446 562
446 598
446 649
446 751
446 757
446 761
446 858
446 962
447 651
447 742
447 745
447 828
447 901
447 902
447 907
447 917
447 927
447 941
447 960
447 977
447 980
447 981
447 984
448 610
448 620
448 622
448 736
448 767
448 834
448 851
448 870
448 871
449 568
449 690
449 745
449 824
449 828
449 902
449 907
449 927
449 941
449 967
449 969
449 977
449 980
450 557
450 690
450 824
450 901
450 902
450 907
450 917
450 927
450 941
450 960
450 967
450 969
450 977
450 981
450 984
451 534
451 549
451 723
451 750
451 798
451 836
451 850
451 878
451 904
453 485
453 596
453 617
453 726
453 741
453 766
453 774
453 825
453 849
453 855
453 889
453 953
453 972
453 1000
454 536
454 648
454 680
454 692
454 785
454 816
454 817
454 876
454 880
454 882
454 891
454 954
454 956
454 963
454 970
455 617
455 686
455 749
455 766
455 794
455 797
455 873
455 874
455 887
455 900
455 944
455 951
455 975
455 996
455 1000
456 544
456 605
456 623
456 687
456 764
456 806
456 913
456 916
456 924
456 949
456 961
456 966
456 978
457 500
457 551
457 558
457 689
457 729
457 813
457 841
457 854
457 862
457 888
457 908
457 914
457 918
457 934
457 935
458 648
458 662
458 680
458 785
458 863
458 876
458 880
458 882
458 891
458 920
458 954
458 956
458 963
458 970
459 625
459 658
459 682
459 746
459 754
459 861
459 867
459 883
459 930
459 937
459 945
459 965
459 971
459 998
460 480
460 513
460 656
460 685
460 702
460 714
460 719
460 853
460 915
460 922
460 926
460 939
461 524
461 533
461 573
461 656
461 702
461 714
461 719
461 853
461 915
461 922
461 926
461 939
462 479
462 509
462 532
462 592
462 612
462 639
462 739
462 860
462 979
463 489
463 505
463 606
463 726
463 873
463 887
463 944
463 948
463 1000
464 492
464 517
464 569
464 581
464 614
464 770
465 472
465 604
465 613
465 677
465 681
465 793
465 866
465 879
465 884
465 893
465 897
465 903
466 933
467 673
467 707
467 957
468 500
468 516
468 812
468 813
468 841
468 854
468 862
468 888
468 908
468 914
468 918
468 934
468 935
469 535
469 626
469 631
469 790
469 809
470 589
470 651
470 742
470 745
470 828
470 907
470 917
470 941
470 960
470 967
470 969
470 977
470 980
470 981
470 984
471 485
471 602
471 629
471 666
471 726
471 756
471 797
471 855
471 895
471 968
471 972
471 975
471 983
471 995
471 1000
472 495
472 613
472 679
472 730
472 811
472 815
472 866
472 879
472 893
472 897
472 903
472 906
473 534
473 556
473 641
473 654
473 717
473 823
473 840
473 850
473 878
474 578
474 637
474 650
474 667
474 675
474 700
474 704
474 791
474 808
474 877
474 952
475 543
475 653
475 655
475 694
475 722
475 725
475 731
475 804
475 810
475 837
475 899
476 501
476 530
476 547
476 586
476 610
476 620
476 622
476 851
476 870
476 871
477 529
477 554
477 567
477 584
477 606
477 686
477 697
477 735
477 797
477 874
477 887
477 951
477 995
477 1000
478 527
478 582
478 621
478 660
478 663
478 727
478 783
478 802
478 892
478 910
478 942
478 950
478 999
479 509
479 532
479 592
479 612
479 639
479 739
479 860
479 979
480 482
480 513
480 524
480 533
480 656
480 685
480 702
480 714
480 719
480 853
480 915
480 922
480 926
480 939
481 506
481 575
481 597
481 659
481 709
481 715
481 768
481 772
481 839
481 923
481 955
482 524
482 533
482 656
482 685
482 702
482 714
482 719
482 853
482 915
482 922
482 926
482 939
483 537
483 541
483 613
483 679
483 683
483 793
483 803
483 811
483 815
483 866
483 884
483 893
483 897
483 903
484 494
484 583
484 585
484 744
484 758
484 778
485 567
485 572
485 617
485 646
485 697
485 749
485 766
485 794
485 900
485 944
485 968
485 972
485 975
485 996
487 634
487 670
487 692
487 785
487 816
487 817
487 832
487 876
487 882
487 912
487 920
487 956
487 963
487 970
488 538
488 669
488 674
488 737
488 990
489 529
489 567
489 606
489 629
489 665
489 735
489 756
489 775
489 825
489 843
489 855
489 895
489 972
489 996
489 1000
490 628
490 710
490 721
490 755
490 763
490 796
490 865
490 892
490 910
490 921
490 999
491 615
491 623
491 671
491 764
491 806
491 842
491 913
491 916
491 924
491 949
491 961
491 966
491 978
492 517
492 569
492 581
492 614
492 770
493 551
493 689
493 729
493 812
493 813
493 841
493 854
493 862
493 888
493 908
493 914
493 918
493 934
493 935
494 583
494 585
494 744
494 758
494 778
495 502
495 732
495 782
495 793
495 803
495 811
495 815
495 866
495 879
495 884
495 893
495 897
496 541
496 565
496 677
496 683
496 782
496 786
496 803
496 811
496 866
496 884
496 897
496 903
496 906
497 576
497 670
497 680
497 692
497 816
497 817
497 863
497 876
497 882
497 891
497 912
497 920
497 954
497 956
497 963
497 970
498 518
498 619
498 701
498 713
498 738
498 759
498 784
498 805
498 820
498 852
498 868
498 875
498 886
498 894
498 946
499 504
499 684
499 703
499 705
499 776
499 800
499 826
499 844
499 872
499 898
499 925
499 931
499 940
500 689
500 729
500 812
500 813
500 841
500 854
500 862
500 888
500 908
500 914
500 918
500 934
500 935
501 530
501 586
501 691
501 736
501 767
501 834
501 851
501 870
501 871
502 604
502 613
502 681
502 683
502 786
502 811
502 815
502 879
502 884
502 897
502 906
503 559
503 652
503 724
503 779
503 831
503 861
503 867
503 883
503 909
503 929
503 930
503 965
503 971
503 976
503 998
504 608
504 718
504 792
504 821
504 826
504 844
504 872
504 898
504 925
504 931
504 940
505 584
505 596
505 606
505 697
505 698
505 706
505 774
505 825
505 843
506 575
506 597
506 659
506 709
506 715
506 768
506 772
506 839
506 923
506 955
507 551
507 558
507 607
507 689
507 812
507 813
507 841
507 854
507 862
507 888
507 908
507 914
507 918
507 934
507 935
508 814
509 532
509 592
509 612
509 639
509 739
509 860
509 979
510 543
510 653
510 655
510 694
510 722
510 725
510 731
510 804
510 810
510 837
510 899
512 566
512 651
512 742
512 828
512 901
512 902
512 917
512 927
512 941
512 960
512 967
512 969
512 977
512 980
512 981
512 984
513 524
513 656
513 685
513 702
513 714
513 719
513 853
513 915
513 922
513 926
513 939
514 658
514 746
514 780
514 822
514 833
514 929
514 945
514 958
514 964
514 965
514 971
514 974
514 998
515 551
515 558
515 607
515 619
515 689
515 841
515 854
515 888
515 908
515 914
515 918
515 934
515 935
516 689
516 729
516 812
516 813
516 841
516 854
516 862
516 888
516 908
516 914
516 918
516 934
516 935
517 569
517 581
517 614
517 770
518 619
518 701
518 713
518 759
518 784
518 805
518 820
518 852
518 868
518 875
518 886
518 894
518 946
519 559
519 642
519 831
519 833
519 861
519 909
519 930
519 937
519 964
519 965
519 971
519 976
519 998
520 552
520 703
520 705
520 718
520 792
520 800
520 821
520 826
520 844
520 872
520 898
520 925
520 931
520 940
521 584
521 629
521 646
521 706
521 774
521 775
521 843
521 887
521 944
521 951
521 953
521 995
522 561
522 568
522 651
522 690
522 824
522 902
522 907
522 917
522 927
522 941
522 969
522 977
522 980
522 981
522 984
523 548
523 623
523 671
523 687
523 773
523 801
523 806
523 842
523 924
523 949
523 961
523 966
523 978
524 533
524 573
524 656
524 685
524 714
524 719
524 853
524 915
524 922
524 926
524 939
525 594
525 629
525 645
525 743
525 749
525 794
525 849
525 889
525 948
525 951
525 953
525 968
525 983
525 995
526 574
526 634
526 635
526 648
526 670
526 785
526 817
526 880
526 882
526 891
526 912
526 920
526 954
526 956
526 963
526 970
527 555
527 609
527 611
527 668
527 710
527 783
527 789
527 796
527 802
527 892
527 910
527 942
527 982
527 994
528 571
528 630
528 640
528 647
528 688
528 716
528 827
528 835
528 859
528 896
528 928
528 947
529 645
529 646
529 657
529 726
529 843
529 849
529 855
529 874
529 887
529 944
529 951
529 995
530 547
530 586
530 610
530 622
530 736
530 767
530 834
530 851
530 870
530 871
531 559
531 636
531 822
531 831
531 861
531 929
531 937
531 958
531 964
531 965
531 971
531 974
531 976
531 998
532 592
532 612
532 639
532 739
532 860
532 979
533 573
533 685
533 702
533 714
533 719
533 853
533 915
533 922
533 926
533 939
534 654
534 717
534 762
534 798
534 836
534 840
534 850
534 878
534 904
535 626
535 631
535 790
535 809
536 545
536 576
536 672
536 692
536 816
536 817
536 832
536 876
536 880
536 891
536 912
536 920
536 954
536 956
536 970
537 565
537 613
537 786
537 793
537 803
537 811
537 815
537 866
537 879
537 893
537 897
537 903
537 906
538 669
538 674
538 737
538 990
539 559
539 570
539 658
539 682
539 754
539 779
539 781
539 883
539 909
539 930
539 937
539 958
539 964
539 971
539 974
539 976
540 587
540 864
540 991
541 565
541 604
541 613
541 677
541 782
541 786
541 803
541 811
541 879
541 884
541 893
541 897
541 903
542 678
542 769
542 845
542 997
543 563
543 653
543 655
543 694
543 722
543 725
543 731
543 804
543 810
543 837
543 899
544 773
544 801
544 806
544 842
544 913
544 916
544 924
544 949
544 961
544 966
544 978
545 574
545 634
545 672
545 785
545 832
545 863
545 880
545 882
545 891
545 912
545 954
545 956
545 963
545 970
546 547
546 586
546 610
546 620
546 691
546 736
546 767
546 834
546 870
546 871
547 610
547 622
547 691
547 736
547 767
547 834
547 851
547 870
547 871
548 615
548 687
548 801
548 806
548 842
548 913
548 916
548 949
548 961
548 966
548 978
549 556
549 717
549 750
549 762
549 798
549 823
549 836
549 840
549 850
549 878
549 904
550 633
550 712
550 740
550 959
551 558
551 689
551 812
551 813
551 854
551 862
551 888
551 908
551 914
551 918
551 934
551 935
552 599
552 601
552 676
552 703
552 705
552 711
552 792
552 821
552 826
552 872
552 925
552 931
552 940
553 748
553 777
553 830
553 846
553 848
553 856
553 857
553 890
553 911
553 932
553 938
553 985
553 986
553 988
553 989
553 992
553 993
554 588
554 594
554 602
554 698
554 699
554 735
554 749
554 774
554 797
554 849
554 873
554 895
554 944
554 953
554 975
554 983
555 577
555 611
555 621
555 710
555 755
555 787
555 802
555 829
555 847
555 885
555 943
555 994
556 641
556 654
556 723
556 750
556 762
556 798
556 823
556 836
556 840
556 850
556 904
557 568
557 651
557 824
557 828
557 901
557 902
557 907
557 941
557 960
557 969
557 977
557 980
557 981
557 984
558 607
558 689
558 729
558 813
558 841
558 854
558 862
558 888
558 908
558 914
558 918
558 934
558 935
559 570
559 652
559 780
559 831
559 930
559 965
559 971
559 976
560 643
560 727
560 760
560 789
560 807
560 829
560 865
560 942
560 943
560 950
560 982
560 999
561 568
561 742
561 824
561 902
561 907
561 917
561 927
561 941
561 960
561 967
561 969
561 977
561 980
561 981
561 984
562 598
562 649
562 751
562 757
562 761
562 858
562 962
563 653
563 694
563 722
563 725
563 731
563 804
563 810
563 837
563 899
564 571
564 640
564 647
564 716
564 827
564 835
564 859
564 896
564 928
564 947
565 681
565 782
565 786
565 793
565 803
565 815
565 866
565 879
565 884
565 893
565 897
565 903
565 906
566 589
566 690
566 824
566 828
566 901
566 907
566 917
566 927
566 960
566 967
566 969
566 977
566 980
566 981
566 984
567 698
567 726
567 741
567 774
567 825
567 849
567 855
567 889
567 900
567 968
567 983
567 995
567 996
567 1000
568 627
568 742
568 824
568 901
568 907
568 927
568 941
568 967
568 969
568 977
568 980
568 981
568 984
569 581
569 614
569 770
570 625
570 822
570 833
570 867
570 883
570 909
570 929
570 930
570 937
570 965
570 974
570 976
570 998
571 630
571 647
571 688
571 716
571 827
571 835
571 859
571 896
571 928
571 947
572 697
572 741
572 756
572 775
572 874
572 887
572 889
572 900
572 948
572 972
572 975
572 983
572 995
572 996
572 1000
573 656
573 685
573 702
573 714
573 719
573 853
573 915
573 922
573 926
573 939
574 672
574 692
574 863
574 876
574 880
574 882
574 912
574 920
574 954
574 956
574 963
574 970
575 597
575 659
575 709
575 715
575 768
575 772
575 839
575 923
575 955
576 634
576 662
576 785
576 816
576 832
576 863
576 876
576 880
576 891
576 912
576 954
576 956
576 963
576 970
577 621
577 710
577 819
577 838
577 847
577 910
577 921
577 982
577 994
577 999
578 637
578 650
578 667
578 675
578 700
578 704
578 791
578 808
578 877
578 952
579 636
579 652
579 780
579 781
579 831
579 833
579 867
579 883
579 909
579 929
579 945
579 958
579 964
579 965
579 971
579 974
579 998
580 652
580 746
580 752
580 754
580 779
580 780
580 883
580 945
580 958
580 965
580 971
580 974
580 976
581 614
581 770
582 618
582 734
582 747
582 807
582 819
582 829
582 838
582 885
582 892
582 910
582 942
582 950
582 982
582 999
583 585
583 744
583 758
583 778
584 602
584 617
584 645
584 726
584 756
584 774
584 794
584 895
584 948
584 951
584 975
584 983
584 996
584 1000
585 744
585 758
585 778
586 610
586 620
586 622
586 691
586 736
586 767
586 834
586 851
586 870
586 871
587 864
587 991
588 606
588 646
588 657
588 726
588 775
588 794
588 843
588 873
588 900
588 948
588 953
588 968
588 975
588 996
589 745
589 824
589 828
589 901
589 907
589 917
589 941
589 960
589 967
589 969
589 977
589 980
589 981
589 984
590 627
590 651
590 690
590 745
590 824
590 901
590 902
590 907
590 917
590 927
590 941
590 960
590 967
590 969
590 977
590 980
590 981
590 984
591 603
591 753
591 905
592 612
592 639
592 739
592 860
592 979
593 632
593 733
593 748
593 777
593 830
593 846
593 848
593 856
593 857
593 890
593 911
593 932
593 938
593 985
593 986
593 988
593 989
593 992
593 993
594 645
594 699
594 726
594 743
594 775
594 797
594 843
594 887
594 953
594 972
594 995
594 1000
596 749
596 756
596 766
596 774
596 797
596 873
596 874
596 895
596 948
596 951
596 975
596 983
596 996
597 659
597 709
597 715
597 768
597 772
597 839
597 923
597 955
598 649
598 751
598 757
598 761
598 858
598 962
599 676
599 684
599 703
599 718
599 776
599 792
599 800
599 821
599 826
599 844
599 872
599 898
599 925
599 931
599 940
600 695
600 765
600 795
600 818
600 973
600 987
601 608
601 676
601 684
601 705
601 711
601 776
601 800
601 821
601 826
601 844
601 872
601 898
601 925
601 931
601 940
602 624
602 666
602 749
602 756
602 775
602 794
602 797
602 825
602 887
602 889
602 900
602 944
602 951
602 953
602 968
603 753
603 905
604 677
604 679
604 681
604 683
604 782
604 793
604 811
604 879
604 884
604 893
604 897
604 903
604 906
605 671
605 687
605 764
605 801
605 806
605 842
605 913
605 916
605 924
605 949
605 961
605 966
605 978
606 624
606 665
606 749
606 766
606 774
606 855
606 873
606 887
606 900
606 948
606 972
606 975
607 812
607 813
607 841
607 854
607 862
607 888
607 908
607 914
607 918
607 934
607 935
608 676
608 684
608 705
608 718
608 776
608 792
608 800
608 821
608 826
608 844
608 872
608 898
608 925
608 931
608 940
609 660
609 668
609 721
609 747
609 771
609 787
609 796
609 802
609 807
609 838
609 847
609 892
609 943
609 982
609 994
609 999
610 691
610 736
610 767
610 851
610 870
610 871
611 710
611 727
611 787
611 802
611 869
611 885
611 892
611 910
611 921
611 942
611 950
611 982
611 994
611 999
612 639
612 739
612 860
612 979
613 730
613 732
613 782
613 811
613 815
613 879
613 884
613 893
613 897
613 903
613 906
614 770
615 623
615 764
615 773
615 801
615 806
615 842
615 913
615 916
615 924
615 949
615 961
615 966
615 978
617 645
617 665
617 666
617 775
617 797
617 873
617 968
617 975
617 995
617 996
618 621
618 628
618 661
618 663
618 727
618 728
618 734
618 789
618 796
618 807
618 910
618 942
618 994
619 701
619 713
619 738
619 759
619 784
619 805
619 820
619 852
619 868
619 875
619 886
619 894
619 946
620 622
620 736
620 767
620 834
620 851
620 870
620 871
621 643
621 728
621 760
621 787
621 819
621 838
621 885
621 910
621 994
621 999
622 736
622 767
622 834
622 851
622 870
622 871
623 671
623 687
623 764
623 773
623 806
623 842
623 913
623 924
623 949
623 961
623 966
623 978
624 629
624 657
624 697
624 698
624 699
624 735
624 774
624 775
624 794
624 843
624 951
624 972
624 983
624 995
624 996
624 1000
625 642
625 724
625 752
625 754
625 861
625 867
625 883
625 958
625 964
625 971
625 974
625 998
626 631
626 790
626 809
627 690
627 742
627 745
627 824
627 828
627 901
627 902
627 907
627 941
627 960
627 967
627 969
627 977
627 980
627 981
627 984
628 638
628 747
628 755
628 787
628 829
628 838
628 869
628 885
628 942
628 999
629 698
629 735
629 774
629 887
629 951
629 968
629 975
629 983
629 995
629 996
629 1000
630 640
630 647
630 688
630 716
630 827
630 835
630 859
630 896
630 928
630 947
631 790
631 809
632 733
632 748
632 777
632 830
632 846
632 848
632 856
632 857
632 890
632 911
632 932
632 938
632 985
632 986
632 988
632 989
632 992
632 993
633 712
633 740
633 959
634 635
634 648
634 672
634 680
634 692
634 816
634 863
634 876
634 880
634 882
634 954
634 956
634 963
634 970
635 662
635 680
635 692
635 785
635 816
635 863
635 876
635 880
635 891
635 912
635 920
635 954
635 956
635 963
635 970
636 652
636 752
636 780
636 781
636 833
636 867
636 929
636 930
636 945
636 964
636 965
636 974
636 998
637 650
637 667
637 675
637 700
637 704
637 791
637 808
637 877
637 952
638 710
638 760
638 783
638 819
638 838
638 892
638 921
638 950
638 982
638 994
639 739
639 860
639 979
640 647
640 688
640 716
640 827
640 835
640 859
640 896
640 928
640 947
641 654
641 723
641 798
641 823
641 840
641 850
641 878
641 904
642 664
642 682
642 724
642 754
642 781
642 822
642 867
642 883
642 937
642 958
642 964
642 965
642 974
642 976
643 660
643 720
643 728
643 747
643 783
643 789
643 807
643 819
643 829
643 838
643 885
643 943
643 994
643 999
644 654
644 723
644 750
644 762
644 798
644 823
644 836
644 850
644 878
644 904
645 666
645 698
645 735
645 743
645 766
645 774
645 849
645 855
645 889
645 948
645 951
645 968
646 743
646 825
646 843
646 849
646 855
646 873
646 874
646 895
646 948
646 951
646 968
646 975
646 995
646 1000
647 716
647 827
647 835
647 859
647 896
647 928
647 947
648 670
648 832
648 863
648 876
648 880
648 891
648 920
648 954
648 956
648 963
648 970
649 751
649 757
649 761
649 858
649 962
650 667
650 675
650 700
650 704
650 791
650 808
650 877
650 952
651 824
651 828
651 901
651 902
651 917
651 927
651 941
651 960
651 967
651 969
651 977
651 980
651 981
651 984
652 664
652 682
652 754
652 779
652 781
652 831
652 867
652 883
652 929
652 937
652 965
652 971
652 998
653 655
653 694
653 722
653 725
653 731
653 804
653 810
653 837
653 899
654 717
654 750
654 762
654 840
654 850
654 904
655 694
655 722
655 725
655 731
655 804
655 810
655 837
655 899
656 685
656 702
656 714
656 719
656 853
656 915
656 922
656 926
656 939
657 686
657 741
657 774
657 825
657 843
657 874
657 900
657 951
657 953
657 972
657 975
657 1000
658 746
658 752
658 780
658 781
658 833
658 861
658 867
658 909
658 929
658 930
658 958
658 965
658 971
658 974
658 976
659 709
659 715
659 768
659 772
659 839
659 923
659 955
660 760
660 763
660 771
660 802
660 807
660 819
660 869
660 892
660 910
660 921
660 950
660 982
660 999
661 710
661 721
661 755
661 763
661 771
661 783
661 787
661 807
661 838
661 865
661 869
661 892
661 942
661 943
661 982
662 692
662 785
662 816
662 817
662 832
662 863
662 876
662 880
662 891
662 912
662 954
662 963
662 970
663 668
663 720
663 727
663 747
663 796
663 869
663 910
663 942
663 943
663 950
663 999
664 693
664 779
664 780
664 781
664 822
664 867
664 909
664 937
664 945
664 958
664 964
664 971
664 974
665 735
665 749
665 766
665 775
665 794
665 825
665 849
665 953
665 972
665 995
665 996
666 741
666 743
666 749
666 756
666 797
666 873
666 874
666 948
666 951
666 953
666 968
666 995
666 996
667 675
667 700
667 704
667 791
667 808
667 877
667 952
668 710
668 720
668 734
668 755
668 763
668 783
668 787
668 921
668 942
668 982
668 994
668 999
669 674
669 737
669 990
670 672
670 680
670 692
670 816
670 817
670 832
670 863
670 876
670 882
670 891
670 912
670 920
670 954
670 956
670 963
670 970
671 764
671 801
671 913
671 916
671 924
671 949
671 961
671 966
671 978
672 785
672 816
672 817
672 832
672 863
672 876
672 882
672 912
672 920
672 954
672 956
672 963
672 970
673 707
673 957
674 737
674 990
675 700
675 704
675 791
675 808
675 877
675 952
676 684
676 703
676 705
676 711
676 718
676 776
676 792
676 800
676 821
676 826
676 844
676 872
676 898
676 925
676 931
676 940
677 679
677 683
677 730
677 732
677 803
677 811
677 866
677 879
677 884
677 893
677 897
677 903
677 906
678 769
678 845
678 997
679 730
679 732
679 782
679 786
679 793
679 803
679 811
679 815
679 866
679 879
679 884
679 893
679 906
680 692
680 816
680 817
680 863
680 876
680 882
680 912
680 920
680 954
680 956
680 963
680 970
681 730
681 732
681 782
681 786
681 803
681 811
681 815
681 866
681 879
681 884
681 893
681 897
681 903
682 693
682 754
682 831
682 867
682 909
682 930
682 937
682 945
682 958
682 964
682 965
682 971
682 974
682 998
683 730
683 732
683 782
683 786
683 793
683 811
683 866
683 884
683 893
683 897
683 903
683 906
684 703
684 718
684 776
684 792
684 800
684 821
684 844
684 872
684 898
684 925
684 931
684 940
685 702
685 714
685 719
685 853
685 915
685 922
685 926
685 939
686 697
686 699
686 756
686 794
686 797
686 855
686 874
686 900
686 948
686 953
686 968
686 972
686 995
686 996
686 1000
687 764
687 801
687 806
687 842
687 913
687 916
687 949
687 961
687 966
687 978
688 827
688 835
688 859
688 896
688 928
688 947
689 812
689 813
689 841
689 854
689 862
689 888
689 908
689 914
689 918
689 934
689 935
690 742
690 901
690 917
690 927
690 941
690 960
690 967
690 969
690 977
690 980
690 981
690 984
691 736
691 767
691 834
691 851
691 870
691 871
692 785
692 817
692 832
692 880
692 891
692 954
692 963
692 970
693 746
693 752
693 780
693 781
693 822
693 831
693 833
693 929
693 945
693 958
693 965
693 971
693 974
693 976
693 998
694 722
694 725
694 731
694 804
694 810
694 837
694 899
695 765
695 795
695 818
695 973
695 987
697 726
697 743
697 749
697 775
697 889
697 895
697 944
697 951
697 972
697 983
697 1000
698 743
698 797
698 849
698 874
698 887
698 944
698 951
698 953
698 968
698 983
698 995
698 996
698 1000
699 726
699 774
699 825
699 873
699 887
699 895
699 900
699 951
699 953
699 972
699 975
699 983
699 995
699 996
699 1000
700 704
700 791
700 808
700 877
700 952
701 713
701 738
701 759
701 784
701 805
701 820
701 852
701 868
701 875
701 886
701 894
701 946
702 714
702 719
702 853
702 915
702 922
702 926
702 939
703 711
703 776
703 800
703 821
703 826
703 844
703 872
703 898
703 925
703 931
703 940
704 791
704 808
704 877
704 952
705 711
705 718
705 776
705 792
705 800
705 821
705 826
705 844
705 872
705 898
705 925
705 931
705 940
706 735
706 741
706 756
706 794
706 855
706 873
706 887
706 895
706 944
706 953
706 968
706 975
706 996
706 1000
707 957
709 715
709 768
709 772
709 839
709 923
709 955
710 720
710 734
710 763
710 796
710 802
710 819
710 910
710 943
710 950
711 718
711 776
711 792
711 821
711 826
711 844
711 872
711 898
711 925
711 931
711 940
712 740
712 959
713 738
713 759
713 784
713 805
713 820
713 852
713 868
713 875
713 886
713 894
713 946
714 719
714 853
714 915
714 922
714 926
714 939
715 768
715 772
715 839
715 923
715 955
716 827
716 835
716 859
716 896
716 928
716 947
717 723
717 750
717 762
717 798
717 836
717 840
717 850
717 878
717 904
718 776
718 792
718 800
718 821
718 826
718 844
718 872
718 898
718 925
718 931
718 940
719 853
719 915
719 922
719 926
719 939
720 734
720 763
720 787
720 796
720 802
720 819
720 847
720 865
720 892
720 921
720 943
720 950
720 994
720 999
721 787
721 789
721 796
721 802
721 869
721 921
721 943
721 982
721 999
722 725
722 731
722 804
722 810
722 837
722 899
723 750
723 762
723 798
723 823
723 836
723 840
723 850
723 878
723 904
724 822
724 831
724 909
724 929
724 930
724 937
724 958
724 964
724 974
724 976
724 998
725 731
725 804
725 810
725 837
725 899
726 741
726 743
726 794
726 825
726 887
726 895
726 968
726 975
726 983
726 996
726 1000
727 728
727 747
727 796
727 829
727 869
727 885
727 910
727 921
727 950
727 994
728 747
728 755
728 771
728 783
728 807
728 829
728 838
728 885
728 921
728 942
728 943
728 950
728 994
729 812
729 813
729 841
729 854
729 862
729 888
729 908
729 914
729 918
729 934
729 935
730 732
730 786
730 793
730 803
730 811
730 815
730 866
730 879
730 884
730 897
730 906
731 804
731 810
731 837
731 899
732 782
732 786
732 793
732 803
732 811
732 815
732 866
732 879
732 884
732 893
732 903
732 906
733 748
733 777
733 830
733 846
733 848
733 856
733 857
733 890
733 911
733 932
733 938
733 985
733 986
733 988
733 989
733 992
733 993
734 755
734 802
734 838
734 865
734 869
734 885
734 892
734 942
734 950
734 982
734 994
734 999
735 743
735 774
735 794
735 825
735 843
735 855
735 874
735 889
735 944
735 948
735 996
735 1000
736 767
736 834
736 851
736 870
736 871
737 990
738 759
738 784
738 805
738 820
738 852
738 868
738 875
738 886
738 894
738 946
739 860
739 979
740 959
741 766
741 774
741 849
741 887
741 948
741 953
741 972
741 975
741 983
741 995
741 1000
742 824
742 828
742 901
742 902
742 907
742 917
742 927
742 960
742 967
742 969
742 977
742 980
742 981
742 984
743 749
743 766
743 825
743 855
743 874
743 944
743 948
743 951
743 953
744 758
744 778
745 824
745 828
745 902
745 907
745 917
745 927
745 941
745 960
745 967
745 969
745 977
745 980
745 981
745 984
746 779
746 780
746 831
746 909
746 930
746 945
746 958
746 971
746 974
746 976
746 998
747 763
747 802
747 807
747 819
747 829
747 847
747 869
747 910
747 942
747 950
747 982
748 777
748 830
748 846
748 848
748 856
748 857
748 890
748 911
748 932
748 938
748 985
748 986
748 988
748 989
748 992
748 993
749 766
749 843
749 873
749 944
749 953
749 972
749 983
750 762
750 798
750 836
750 840
750 850
750 878
750 904
751 757
751 761
751 858
751 962
752 754
752 779
752 822
752 833
752 861
752 909
752 929
752 930
752 937
752 958
752 965
752 974
753 905
754 779
754 781
754 831
754 909
754 930
754 945
754 958
754 964
754 971
754 974
754 976
754 998
755 760
755 763
755 796
755 807
755 819
755 865
755 869
755 910
755 921
755 942
755 943
755 950
755 994
756 774
756 843
756 944
756 983
756 995
756 1000
757 761
757 858
757 962
758 778
759 784
759 805
759 820
759 852
759 868
759 875
759 886
759 894
759 946
760 771
760 789
760 802
760 819
760 847
760 865
760 869
760 892
760 942
760 943
760 982
760 994
761 858
761 962
762 798
762 836
762 840
762 878
762 904
763 783
763 796
763 838
763 847
763 865
763 892
763 921
763 942
763 943
763 950
763 994
763 999
764 773
764 916
764 924
764 961
764 966
764 978
765 795
765 818
765 973
765 987
766 774
766 797
766 843
766 849
766 855
766 895
766 948
766 951
766 968
766 972
766 975
766 995
766 1000
767 834
767 851
767 870
767 871
768 772
768 839
768 923
768 955
769 845
769 997
771 796
771 802
771 819
771 865
771 885
771 892
771 943
771 950
771 994
771 999
772 839
772 923
772 955
773 801
773 913
773 916
773 924
773 949
773 961
773 966
773 978
774 849
774 855
774 874
774 895
774 953
774 972
774 995
774 996
775 794
775 797
775 843
775 849
775 873
775 953
775 968
775 972
775 983
775 996
776 792
776 800
776 821
776 826
776 844
776 872
776 898
776 925
776 931
776 940
777 830
777 846
777 848
777 856
777 857
777 890
777 911
777 932
777 938
777 985
777 986
777 988
777 989
777 992
777 993
779 780
779 831
779 833
779 861
779 909
779 930
779 964
779 965
779 971
779 974
779 998
780 883
780 909
780 930
780 937
780 958
780 964
780 965
780 971
780 974
780 998
781 833
781 883
781 929
781 937
781 945
781 958
781 964
781 971
781 974
781 976
781 998
782 786
782 793
782 866
782 879
782 893
782 897
782 903
783 787
783 838
783 847
783 865
783 869
783 885
783 950
783 999
784 805
784 820
784 852
784 868
784 875
784 886
784 894
784 946
785 816
785 817
785 832
785 880
785 891
785 954
785 956
785 963
785 970
786 803
786 815
786 866
786 879
786 884
786 893
786 897
786 903
786 906
787 789
787 796
787 847
787 869
787 982
787 994
789 869
789 885
789 910
789 942
789 943
789 950
789 982
789 999
790 809
791 808
791 877
791 952
792 821
792 826
792 844
792 872
792 898
792 925
792 931
792 940
793 803
793 815
793 866
793 879
793 884
793 893
793 903
793 906
794 825
794 843
794 889
794 900
794 944
794 953
794 972
794 975
795 818
795 973
795 987
796 865
796 885
796 921
796 942
796 943
796 982
796 999
797 825
797 873
797 874
797 887
797 948
797 951
797 953
797 968
798 823
798 840
798 850
798 878
798 904
800 821
800 826
800 844
800 872
800 898
800 925
800 931
800 940
801 806
801 842
801 913
801 916
801 924
801 949
801 961
801 966
801 978
802 819
802 910
802 921
802 943
802 982
802 999
803 811
803 815
803 879
803 884
803 893
803 897
803 903
803 906
804 810
804 837
804 899
805 820
805 852
805 868
805 875
805 886
805 894
805 946
806 913
806 916
806 924
806 949
806 961
806 966
806 978
807 829
807 838
807 847
807 869
807 885
807 892
807 950
807 982
807 994
808 877
808 952
810 837
810 899
811 866
811 879
811 893
811 897
811 903
811 906
812 813
812 841
812 854
812 862
812 888
812 908
812 914
812 918
812 934
812 935
813 841
813 854
813 862
813 888
813 908
813 914
813 918
813 934
813 935
815 866
815 879
815 884
815 897
815 903
815 906
816 817
816 832
816 863
816 876
816 880
816 882
816 912
816 920
816 954
816 956
816 963
816 970
817 832
817 863
817 880
817 882
817 891
817 912
817 920
817 954
817 956
817 963
817 970
818 973
818 987
819 829
819 865
819 885
819 892
819 910
819 950
819 999
820 852
820 868
820 875
820 886
820 894
820 946
821 826
821 844
821 872
821 898
821 925
821 931
821 940
822 833
822 867
822 883
822 909
822 929
822 937
822 945
822 964
822 971
822 974
822 976
822 998
823 836
823 840
823 850
823 878
823 904
824 828
824 901
824 902
824 907
824 927
824 941
824 960
824 967
824 969
824 977
824 980
824 981
824 984
825 889
825 895
825 900
825 944
825 968
825 972
825 975
825 996
826 844
826 898
826 925
826 931
826 940
827 835
827 859
827 896
827 928
827 947
828 902
828 907
828 927
828 941
828 960
828 967
828 969
828 977
828 980
828 981
828 984
829 838
829 847
829 869
829 892
829 910
829 942
829 943
829 994
829 999
830 846
830 848
830 856
830 857
830 890
830 911
830 932
830 938
830 985
830 986
830 988
830 989
830 992
830 993
831 833
831 861
831 883
831 937
831 945
831 958
831 964
831 971
831 974
831 998
832 863
832 876
832 891
832 912
832 920
832 954
832 956
832 963
832 970
833 861
833 883
833 929
833 937
833 958
833 964
833 971
833 976
833 998
834 851
834 870
834 871
835 859
835 896
835 928
835 947
836 840
836 850
836 878
836 904
837 899
838 865
838 910
838 942
838 943
838 950
839 923
839 955
840 850
841 854
841 862
841 888
841 908
841 914
841 918
841 934
841 935
842 913
842 916
842 924
842 949
842 961
842 966
842 978
843 849
843 855
843 873
843 887
843 889
843 968
843 996
843 1000
844 872
844 898
844 925
844 931
844 940
845 997
846 848
846 856
846 857
846 890
846 911
846 932
846 938
846 985
846 986
846 988
846 989
846 992
846 993
847 865
847 885
847 892
847 910
847 921
847 942
847 943
847 982
847 994
848 856
848 857
848 890
848 911
848 932
848 938
848 985
848 986
848 988
848 989
848 992
848 993
849 873
849 889
849 895
849 944
849 948
849 951
849 953
849 983
849 995
849 996
850 878
850 904
851 870
851 871
852 868
852 875
852 886
852 894
852 946
853 915
853 922
853 926
853 939
854 862
854 888
854 908
854 914
854 918
854 934
854 935
855 874
855 951
855 953
855 968
855 975
855 983
855 995
855 1000
856 857
856 890
856 911
856 932
856 938
856 985
856 986
856 988
856 989
856 992
856 993
857 890
857 911
857 932
857 938
857 985
857 986
857 988
857 989
857 992
857 993
858 962
859 896
859 928
859 947
860 979
861 867
861 883
861 929
861 930
861 945
861 958
861 964
861 965
861 974
861 976
862 888
862 908
862 914
862 918
862 934
862 935
863 876
863 880
863 882
863 891
863 912
863 920
863 956
863 963
863 970
864 991
865 869
865 885
865 910
865 942
865 943
865 950
865 982
865 999
866 879
866 884
866 893
866 897
866 906
867 883
867 909
867 937
867 964
867 965
867 971
867 998
868 875
868 886
868 894
868 946
869 885
869 892
869 942
869 950
869 982
869 994
869 999
870 871
872 898
872 925
872 931
872 940
873 874
873 889
873 895
873 900
873 944
873 953
873 975
873 983
873 1000
874 887
874 889
874 900
874 944
874 948
874 983
874 995
874 996
875 886
875 894
875 946
876 880
876 882
876 891
876 912
876 920
876 954
876 956
876 970
877 952
878 904
879 884
879 897
879 903
879 906
880 882
880 891
880 912
880 920
880 954
880 956
880 963
880 970
882 891
882 912
882 920
882 954
882 956
882 963
882 970
883 909
883 929
883 930
883 937
883 945
883 958
883 974
884 893
884 897
884 903
884 906
885 892
885 921
885 943
885 999
886 894
886 946
887 889
887 948
887 972
887 983
887 995
887 996
887 1000
888 908
888 914
888 918
888 934
888 935
889 895
889 900
889 944
889 951
889 953
889 968
889 975
889 995
889 996
890 911
890 932
890 938
890 985
890 986
890 988
890 989
890 992
890 993
891 912
891 920
891 954
891 956
891 963
891 970
892 943
892 982
892 999
893 897
893 903
893 906
894 946
895 944
895 948
895 951
895 953
895 968
895 983
895 995
895 996
896 928
896 947
897 906
898 925
898 931
898 940
900 944
900 951
900 953
900 983
901 902
901 907
901 917
901 927
901 941
901 960
901 967
901 969
901 977
901 980
901 981
901 984
902 907
902 917
902 927
902 941
902 960
902 967
902 977
902 980
902 981
903 906
907 917
907 927
907 941
907 960
907 967
907 969
907 977
907 980
907 981
907 984
908 914
908 918
908 934
908 935
909 929
909 930
909 937
909 945
909 958
909 964
909 965
909 971
909 974
909 976
909 998
910 921
910 950
910 994
911 932
911 938
911 985
911 986
911 988
911 989
911 992
911 993
912 920
912 954
912 956
912 963
912 970
913 916
913 924
913 949
913 961
913 966
913 978
914 918
914 934
914 935
915 922
915 926
915 939
916 924
916 949
916 961
916 966
916 978
917 927
917 941
917 960
917 967
917 969
917 977
917 980
917 981
917 984
918 934
918 935
920 954
920 956
920 963
920 970
921 942
921 943
921 950
921 982
922 926
922 939
923 955
924 949
924 961
924 966
924 978
925 931
925 940
926 939
927 941
927 960
927 967
927 969
927 977
927 980
927 981
927 984
928 947
929 930
929 937
929 945
929 958
929 964
929 976
929 998
930 945
930 958
930 964
930 971
930 974
930 976
930 998
931 940
932 938
932 985
932 986
932 988
932 989
932 992
932 993
934 935
937 958
937 964
937 971
937 976
937 998
938 985
938 986
938 988
938 989
938 992
938 993
941 960
941 967
941 969
941 977
941 980
941 981
941 984
942 994
942 999
943 950
944 951
944 953
944 968
944 972
944 996
944 1000
945 958
945 964
945 965
945 971
945 974
945 976
945 998
948 951
948 953
948 968
948 972
948 975
948 983
948 996
949 961
949 966
949 978
950 982
950 994
951 968
951 975
951 983
951 995
953 972
953 983
953 995
953 1000
954 956
954 963
954 970
956 963
956 970
958 964
958 965
958 976
960 967
960 969
960 977
960 980
960 981
960 984
961 966
961 978
963 970
964 974
964 998
965 971
965 976
965 998
966 978
967 969
967 977
967 980
967 981
967 984
968 972
968 975
968 983
968 995
968 996
969 977
969 980
969 981
969 984
971 974
971 998
972 995
972 1000
973 987
974 998
975 983
975 996
975 1000
976 998
977 980
977 981
977 984
980 981
980 984
981 984
982 999
985 986
985 988
985 989
985 992
985 993
986 988
986 989
986 992
986 993
988 989
988 992
988 993
989 992
989 993
992 993
994 999
995 996
