*Disappearing Nodes
7
483
49
10
706
879
149
576
618
641
674
860
931
940
972
479
690
34
985
986
992
993
994
995
996
997
998
999
35
44
260
552
601
713
949
45
299
533
540
564
630
716
819
835
847
46
760
762
60
481
502
73
74
84
381
537
102
391
712
736
789
831
919
974
111
439
122
359
683
707
254
369
586
153
390
159
160
217
441
293
320
163
496
168
191
252
171
182
639
192
327
218
253
257
987
991
990
292
438
535
353
989
372
387
427
521
402
420
983
504
978
593
950
952
962
609
662
842
697
780
777
795
733
756
#End Disappearing Nodes

*Newborn Nodes
560
808
22
113
821
898
62
519
711
319
30
179
396
599
53
124
67
75
250
701
796
377
562
119
486
176
330
436
267
335
#End Newborn Nodes

*Disappearing Edges
1	134
134	165
3	366
3	380
3	452
266	126
266	366
266	452
266	545
366	65
366	203
366	452
380	143
380	203
380	384
452	135
545	65
545	322
545	384
621	133
621	627
627	161
627	322
688	143
4	661
4	755
4	782
4	869
4	885
661	173
661	361
661	411
661	527
661	628
661	679
661	727
661	755
661	771
661	782
661	802
661	807
661	809
661	861
661	885
661	910
661	921
661	933
661	942
661	943
755	157
755	243
755	362
755	376
755	628
755	782
782	208
782	265
782	376
782	527
782	577
782	613
782	727
782	885
861	6
861	208
861	243
861	265
861	582
861	747
861	885
869	411
869	417
869	508
869	577
869	628
869	807
869	885
885	6
885	89
885	157
885	243
885	258
885	361
885	362
885	376
885	411
885	417
885	508
885	577
885	582
885	613
885	638
885	663
885	679
885	727
885	747
885	763
885	771
885	807
885	809
885	910
885	921
885	933
885	942
885	943
921	89
921	208
921	361
921	362
921	376
933	243
933	388
942	638
943	628
5	127
5	520
5	988
127	434
127	520
127	988
520	36
520	193
520	233
520	309
520	434
520	458
520	470
520	635
520	647
520	709
520	725
520	742
520	778
520	912
520	988
635	23
635	470
635	988
647	23
647	470
647	988
709	23
709	470
709	988
725	23
725	470
725	988
742	23
742	470
742	988
778	23
778	470
778	988
912	23
912	470
912	988
988	23
988	36
988	68
988	193
988	233
988	309
988	434
988	458
988	470
6	577
6	663
577	411
577	508
663	89
663	508
663	802
802	173
802	362
802	411
802	508
802	613
802	628
802	809
809	258
809	613
809	727
910	411
910	417
910	727
7	692
7	740
7	744
7	793
7	798
7	815
7	820
7	823
7	844
7	852
692	358
692	615
692	626
692	823
740	358
740	615
740	626
740	823
744	358
744	615
744	626
744	823
793	358
793	615
793	626
793	823
798	358
798	615
798	626
798	823
815	358
815	615
815	626
815	823
820	358
820	615
820	626
820	823
823	109
823	154
823	225
823	297
823	358
823	367
823	485
823	615
823	624
823	626
823	844
823	852
844	358
844	615
844	626
852	358
852	615
852	626
8	80
8	224
8	483
8	750
80	224
80	483
80	497
80	541
80	750
224	145
224	280
224	447
224	483
224	497
224	541
224	581
224	685
224	750
224	758
447	19
447	71
447	483
447	750
483	19
483	55
483	71
483	145
483	169
483	280
483	497
483	541
483	581
483	685
483	750
483	758
497	55
497	169
497	280
497	750
541	750
581	19
581	145
581	750
685	750
750	19
750	55
750	71
750	145
750	169
750	280
750	758
9	49
9	114
9	752
49	114
49	187
49	213
49	228
49	720
49	752
114	187
114	213
114	228
114	720
114	752
187	752
213	752
228	752
720	752
10	480
10	637
10	640
10	704
10	730
10	757
10	792
10	862
10	916
10	930
480	112
480	672
480	704
480	792
637	112
637	190
637	672
637	704
637	792
640	101
640	190
640	672
640	704
640	792
704	101
704	123
704	190
704	231
704	279
704	336
704	454
704	474
704	544
704	575
704	670
704	672
704	730
704	757
704	792
704	862
704	916
704	930
730	112
730	190
730	672
730	792
757	112
757	190
757	672
757	792
792	101
792	112
792	123
792	190
792	196
792	231
792	279
792	336
792	454
792	474
792	544
792	575
792	670
792	672
792	862
792	916
792	930
862	112
862	190
862	672
916	112
916	190
916	672
930	112
930	190
930	672
11	947
11	967
11	982
941	188
941	317
941	325
941	947
941	967
941	982
947	66
947	104
947	118
947	136
947	188
947	195
947	290
947	317
947	325
947	352
947	363
947	408
947	409
947	421
947	424
947	425
947	442
947	450
947	511
947	590
947	745
947	761
947	781
947	816
947	818
947	824
947	901
947	927
947	960
947	967
947	969
947	977
947	980
947	981
947	982
947	984
960	188
960	317
960	325
960	967
960	982
967	66
967	104
967	118
967	136
967	188
967	195
967	290
967	317
967	325
967	352
967	363
967	408
967	409
967	421
967	424
967	425
967	442
967	450
967	511
967	590
967	745
967	761
967	781
967	816
967	818
967	824
967	901
967	927
967	969
967	977
967	980
967	981
967	982
967	984
969	188
969	317
969	325
969	982
977	188
977	317
977	325
977	982
980	188
980	317
980	325
980	982
981	188
981	317
981	325
981	982
982	66
982	104
982	118
982	136
982	188
982	195
982	290
982	317
982	325
982	352
982	363
982	408
982	409
982	421
982	424
982	425
982	442
982	450
982	511
982	590
982	745
982	761
982	781
982	816
982	818
982	824
982	901
982	927
982	984
984	188
984	317
984	325
12	649
12	654
12	706
12	909
649	657
649	677
649	706
649	840
649	909
654	42
654	344
654	657
654	677
654	706
654	840
654	909
706	42
706	178
706	405
706	513
706	556
706	657
706	677
706	689
706	737
706	794
706	805
706	836
706	840
706	850
706	873
706	878
706	890
706	894
706	909
836	158
836	332
836	344
836	657
836	677
836	840
836	909
850	158
850	332
850	657
850	677
850	840
850	909
873	158
873	332
873	344
873	657
873	677
873	840
873	909
878	158
878	332
878	344
878	657
878	677
878	840
878	909
890	158
890	332
890	344
890	657
890	677
890	840
890	909
894	158
894	332
894	344
894	657
894	677
894	840
894	909
909	20
909	32
909	42
909	52
909	88
909	158
909	178
909	332
909	343
909	344
909	399
909	405
909	513
909	556
909	677
909	689
909	737
909	787
909	794
909	805
909	840
13	326
13	446
13	536
13	785
13	879
326	386
326	451
326	785
326	879
446	251
446	354
446	451
446	785
446	879
451	368
451	785
451	879
473	211
473	785
473	879
536	47
536	785
536	879
703	785
703	879
703	929
722	785
722	879
785	47
785	211
785	251
785	354
785	368
785	379
785	386
785	464
785	543
785	837
785	879
837	879
879	47
879	211
879	251
879	354
879	368
879	379
879	386
879	464
879	543
15	149
15	576
15	618
15	641
15	642
15	674
15	860
15	931
15	940
15	972
149	432
149	537
149	586
149	641
149	642
149	674
149	860
149	931
149	940
149	972
576	74
576	160
576	217
576	236
576	381
576	441
576	496
576	522
576	537
576	563
576	569
576	586
576	641
576	860
576	931
576	940
576	972
618	91
618	218
618	283
618	327
618	432
618	441
618	522
618	537
618	563
618	569
618	586
618	641
618	642
618	674
618	860
618	931
618	940
618	972
641	159
641	217
641	236
641	283
641	432
641	441
641	496
641	522
641	563
641	569
641	642
641	674
641	860
641	931
641	940
641	972
642	74
642	91
642	160
642	218
642	283
642	381
642	496
642	537
642	563
642	569
642	586
642	674
642	860
642	931
642	940
642	972
674	74
674	163
674	217
674	236
674	283
674	327
674	381
674	432
674	496
674	537
674	569
674	586
674	860
674	931
674	940
674	972
860	74
860	91
860	159
860	160
860	163
860	217
860	218
860	236
860	283
860	327
860	381
860	432
860	441
860	496
860	522
860	537
860	563
860	569
860	586
860	931
860	940
860	972
931	74
931	91
931	159
931	160
931	163
931	217
931	218
931	236
931	283
931	327
931	381
931	432
931	441
931	496
931	522
931	537
931	563
931	569
931	586
931	940
931	972
940	74
940	91
940	159
940	160
940	163
940	217
940	218
940	236
940	283
940	327
940	381
940	432
940	441
940	496
940	522
940	537
940	563
940	569
940	586
940	972
972	74
972	91
972	159
972	160
972	163
972	217
972	218
972	236
972	283
972	327
972	381
972	432
972	441
972	496
972	522
972	537
972	563
972	569
972	586
16	702
16	746
16	799
16	928
16	968
702	56
702	298
702	695
702	928
702	968
746	128
746	461
746	583
746	695
746	728
746	928
746	968
799	271
799	448
799	461
799	573
799	848
799	928
799	968
924	209
924	271
924	298
924	695
924	928
924	968
928	28
928	56
928	87
928	93
928	128
928	151
928	198
928	209
928	262
928	271
928	286
928	298
928	403
928	404
928	448
928	461
928	492
928	501
928	524
928	573
928	583
928	602
928	667
928	695
928	728
928	773
928	817
928	848
928	900
928	932
928	939
928	948
928	959
928	968
932	209
932	271
932	298
932	461
932	695
932	968
939	209
939	271
939	461
939	695
939	968
948	209
948	271
948	298
948	461
948	695
948	968
959	209
959	271
959	298
959	461
959	695
959	968
968	28
968	56
968	57
968	87
968	93
968	128
968	151
968	198
968	209
968	262
968	271
968	286
968	298
968	403
968	404
968	448
968	459
968	461
968	492
968	501
968	524
968	573
968	583
968	602
968	667
968	695
968	728
968	773
968	817
968	848
968	900
18	245
18	277
18	412
18	433
18	479
18	828
64	245
64	277
64	412
64	433
64	479
64	828
245	277
245	412
245	433
245	444
245	479
245	717
277	412
277	433
277	444
277	479
277	717
277	828
412	433
412	444
412	479
412	717
412	828
433	444
433	479
433	717
433	828
444	479
444	828
479	717
479	828
717	828
19	71
19	169
169	55
20	657
20	840
657	52
657	343
657	556
657	677
657	689
657	737
657	787
657	794
657	805
657	840
787	88
787	158
787	332
787	344
787	677
787	840
840	32
840	52
840	88
840	158
840	178
840	332
840	343
840	344
840	399
840	405
840	513
840	556
840	677
840	689
840	737
840	794
840	805
21	117
21	170
21	333
21	337
48	170
48	324
48	333
48	337
117	39
117	131
117	333
117	337
131	97
131	333
131	337
170	39
170	333
170	337
324	39
324	333
324	337
333	39
333	97
333	276
333	337
333	633
333	708
333	797
337	39
337	97
337	276
337	633
337	708
337	797
633	39
708	39
797	39
23	309
23	458
309	470
458	36
458	470
24	557
24	561
24	570
24	875
557	125
557	202
557	468
557	498
557	512
557	517
557	561
557	570
557	664
557	678
557	680
557	705
557	719
557	751
557	864
557	875
557	965
561	125
561	407
561	468
561	498
561	512
561	517
561	587
561	664
561	680
561	705
561	719
561	751
561	864
561	875
561	965
570	98
570	512
570	664
570	678
570	875
680	664
680	678
680	875
705	512
705	664
705	678
705	875
719	512
719	664
719	678
719	875
751	512
751	664
751	678
751	875
864	512
864	664
864	678
864	875
875	92
875	98
875	125
875	202
875	275
875	407
875	468
875	498
875	512
875	517
875	587
875	664
875	678
875	965
965	512
965	664
965	678
25	753
25	806
25	888
753	607
753	625
753	731
753	806
753	888
806	180
806	222
806	356
806	415
806	503
806	546
806	559
806	568
806	597
806	607
806	625
806	729
806	731
806	759
806	829
806	830
806	854
806	856
806	888
806	902
806	908
806	915
806	926
806	935
806	936
854	607
854	731
854	888
888	180
888	222
888	268
888	323
888	334
888	356
888	360
888	415
888	430
888	503
888	546
888	559
888	568
888	597
888	625
888	729
888	731
888	759
888	829
888	830
888	856
888	902
888	908
888	915
888	926
888	935
888	936
902	607
902	731
908	607
908	731
915	607
915	731
926	607
926	731
935	607
935	731
936	607
936	731
26	116
26	205
26	300
26	340
26	385
26	770
116	181
116	205
116	284
116	300
116	340
116	385
116	418
116	646
116	770
116	804
205	181
205	284
205	300
205	340
205	385
205	418
205	646
205	770
205	804
284	300
284	340
284	385
284	770
300	181
300	340
300	385
300	418
300	646
300	770
300	804
340	181
340	385
340	418
340	646
340	770
340	804
385	181
385	418
385	646
385	770
385	804
418	770
646	770
770	181
770	804
27	38
27	580
27	668
27	690
27	822
27	827
27	863
27	876
27	884
27	922
38	580
38	668
38	690
38	822
38	827
38	863
38	876
38	884
38	922
580	105
580	301
580	374
580	445
580	460
580	555
580	592
580	668
580	690
580	822
580	827
580	863
580	876
580	884
580	922
668	132
668	144
668	147
668	253
668	301
668	460
668	555
668	592
668	690
668	822
690	105
690	132
690	144
690	147
690	210
690	253
690	301
690	374
690	445
690	460
690	555
690	592
690	822
690	827
690	863
690	876
690	884
690	922
822	105
822	132
822	144
822	147
822	210
822	253
822	301
822	374
822	445
822	460
822	555
822	592
822	827
822	863
822	876
822	884
822	922
827	132
827	144
827	147
827	253
827	301
827	460
827	555
827	592
863	132
863	144
863	147
863	253
863	301
863	460
863	555
863	592
876	132
876	144
876	147
876	253
876	301
876	460
876	555
876	592
884	132
884	144
884	147
884	253
884	301
884	460
884	555
884	592
922	132
922	144
922	147
922	253
922	301
922	460
922	555
922	592
28	524
28	602
524	448
524	695
524	728
602	461
602	573
602	695
31	142
31	152
31	429
31	467
31	732
142	342
142	429
142	611
152	495
152	509
152	660
152	841
429	329
429	342
429	467
429	769
429	772
467	238
467	291
467	453
467	495
467	611
467	660
467	769
467	772
715	63
715	76
715	212
715	238
715	732
715	769
715	772
732	76
732	329
732	398
732	426
732	453
732	509
732	769
732	772
907	237
907	660
907	772
946	237
946	660
946	772
953	237
953	660
953	772
955	237
955	660
955	772
32	677
677	343
677	513
677	556
677	689
677	737
677	794
677	805
794	158
794	332
794	344
33	69
33	81
33	184
33	214
33	739
33	961
69	81
69	184
69	214
69	739
69	961
81	184
81	214
81	739
81	961
184	214
184	739
184	961
214	739
214	961
739	961
34	985
34	986
34	992
34	993
34	994
34	995
34	996
34	997
34	998
34	999
985	35
985	46
985	73
985	84
985	102
985	263
985	289
985	353
985	365
985	372
985	387
985	402
985	420
985	504
985	593
985	594
985	609
985	662
985	697
985	723
985	733
985	756
985	777
985	780
985	795
985	842
985	855
985	950
985	952
985	962
985	978
985	983
985	986
985	987
985	989
985	990
985	991
985	992
985	993
985	994
985	995
985	996
985	997
985	998
985	999
986	35
986	46
986	73
986	84
986	102
986	263
986	289
986	353
986	365
986	372
986	387
986	402
986	420
986	504
986	593
986	594
986	609
986	662
986	697
986	723
986	733
986	756
986	777
986	780
986	795
986	842
986	855
986	950
986	952
986	962
986	978
986	983
986	987
986	989
986	990
986	991
986	992
986	993
986	994
986	995
986	996
986	997
986	998
986	999
992	35
992	46
992	73
992	84
992	102
992	263
992	289
992	353
992	365
992	372
992	387
992	402
992	420
992	504
992	593
992	594
992	609
992	662
992	697
992	723
992	733
992	756
992	777
992	780
992	795
992	842
992	855
992	950
992	952
992	962
992	978
992	983
992	987
992	989
992	990
992	991
992	993
992	994
992	995
992	996
992	997
992	998
992	999
993	35
993	46
993	73
993	84
993	102
993	263
993	289
993	353
993	365
993	372
993	387
993	402
993	420
993	504
993	593
993	594
993	609
993	662
993	697
993	723
993	733
993	756
993	777
993	780
993	795
993	842
993	855
993	950
993	952
993	962
993	978
993	983
993	987
993	989
993	990
993	991
993	994
993	995
993	996
993	997
993	998
993	999
994	35
994	46
994	73
994	84
994	102
994	263
994	289
994	353
994	365
994	372
994	387
994	402
994	420
994	504
994	593
994	594
994	609
994	662
994	697
994	723
994	733
994	756
994	777
994	780
994	795
994	842
994	855
994	950
994	952
994	962
994	978
994	983
994	987
994	989
994	990
994	991
994	995
994	996
994	997
994	998
994	999
995	35
995	46
995	73
995	84
995	102
995	263
995	289
995	353
995	365
995	372
995	387
995	402
995	420
995	504
995	593
995	594
995	609
995	662
995	697
995	723
995	733
995	756
995	777
995	780
995	795
995	842
995	855
995	950
995	952
995	962
995	978
995	983
995	987
995	989
995	990
995	991
995	996
995	997
995	998
995	999
996	35
996	46
996	73
996	84
996	102
996	263
996	289
996	353
996	365
996	372
996	387
996	402
996	420
996	504
996	593
996	594
996	609
996	662
996	697
996	723
996	733
996	756
996	777
996	780
996	795
996	842
996	855
996	950
996	952
996	962
996	978
996	983
996	987
996	989
996	990
996	991
996	997
996	998
996	999
997	35
997	46
997	73
997	84
997	102
997	263
997	289
997	353
997	365
997	372
997	387
997	402
997	420
997	504
997	593
997	594
997	609
997	662
997	697
997	723
997	733
997	756
997	777
997	780
997	795
997	842
997	855
997	950
997	952
997	962
997	978
997	983
997	987
997	989
997	990
997	991
997	998
997	999
998	35
998	46
998	73
998	84
998	102
998	263
998	289
998	353
998	365
998	372
998	387
998	402
998	420
998	504
998	593
998	594
998	609
998	662
998	697
998	723
998	733
998	756
998	777
998	780
998	795
998	842
998	855
998	950
998	952
998	962
998	978
998	983
998	987
998	989
998	990
998	991
998	999
999	35
999	46
999	73
999	84
999	102
999	263
999	289
999	353
999	365
999	372
999	387
999	402
999	420
999	504
999	593
999	594
999	609
999	662
999	697
999	723
999	733
999	756
999	777
999	780
999	795
999	842
999	855
999	950
999	952
999	962
999	978
999	983
999	987
999	989
999	990
999	991
39	97
39	276
97	276
44	260
44	351
44	475
44	552
44	601
44	636
44	684
44	713
44	714
44	949
260	439
260	475
260	481
260	502
260	552
260	601
260	636
260	684
260	713
260	714
260	949
351	257
351	439
351	475
351	481
351	502
351	552
351	601
351	636
351	684
351	713
351	714
351	949
475	111
475	192
475	257
475	439
475	481
475	502
475	552
475	601
475	636
475	684
475	713
475	714
475	949
552	60
552	111
552	192
552	257
552	439
552	481
552	502
552	601
552	636
552	684
552	713
552	714
552	949
601	60
601	111
601	192
601	257
601	439
601	481
601	502
601	636
601	684
601	713
601	714
601	949
636	60
636	111
636	192
636	257
636	439
636	481
636	502
636	684
636	713
636	714
636	949
684	60
684	111
684	192
684	257
684	439
684	481
684	502
684	713
684	714
684	949
713	60
713	111
713	192
713	257
713	439
713	481
713	502
713	714
713	949
714	60
714	111
714	192
714	257
714	439
714	481
714	502
714	949
949	60
949	111
949	192
949	257
949	439
949	481
949	502
45	299
45	533
45	540
45	564
45	630
45	716
45	819
45	835
45	847
45	859
299	86
299	252
299	533
299	540
299	564
299	572
299	630
299	716
299	819
299	835
299	847
299	859
533	137
533	168
533	171
533	191
533	293
533	320
533	369
533	571
533	572
533	589
533	716
533	819
533	835
533	847
533	859
540	137
540	153
540	171
540	252
540	369
540	390
540	564
540	571
540	589
540	630
540	716
540	819
540	835
540	847
540	859
564	86
564	153
564	168
564	171
564	252
564	293
564	369
564	390
564	571
564	630
564	716
564	819
564	835
564	847
564	859
630	137
630	153
630	162
630	171
630	254
630	320
630	369
630	390
630	571
630	572
630	589
630	716
630	819
630	835
630	847
630	859
716	86
716	153
716	162
716	171
716	191
716	252
716	293
716	320
716	369
716	390
716	571
716	572
716	589
716	819
716	835
716	847
716	859
819	86
819	137
819	153
819	162
819	168
819	171
819	191
819	252
819	254
819	293
819	320
819	369
819	390
819	571
819	572
819	589
819	835
819	847
819	859
835	86
835	137
835	153
835	162
835	168
835	171
835	191
835	252
835	254
835	293
835	320
835	369
835	390
835	571
835	572
835	589
835	847
835	859
847	86
847	137
847	153
847	162
847	168
847	171
847	191
847	252
847	254
847	293
847	320
847	369
847	390
847	571
847	572
847	589
847	859
859	86
859	137
859	153
859	162
859	168
859	171
859	191
859	252
859	254
859	293
859	320
859	369
859	390
859	571
859	572
859	589
47	543
354	211
354	368
354	543
464	379
50	274
50	631
50	634
50	734
274	373
274	538
274	584
274	619
274	694
274	786
274	826
274	832
274	857
274	880
274	979
631	294
631	734
634	249
634	295
634	538
634	734
734	90
734	219
734	249
734	278
734	294
734	295
734	296
734	315
734	373
734	397
734	538
734	584
734	619
734	687
734	694
734	786
734	826
734	832
734	857
734	880
734	979
786	249
786	295
826	249
826	295
832	249
832	295
857	249
857	295
880	249
880	295
979	249
979	295
51	150
51	810
150	585
150	810
610	155
610	197
610	585
610	810
612	155
612	197
612	585
612	810
614	155
614	197
614	585
614	810
622	155
622	197
622	585
622	810
651	155
651	197
651	585
651	810
718	155
718	197
718	585
718	810
783	155
783	197
783	585
783	810
810	155
810	259
810	307
810	338
810	355
810	382
810	523
810	585
810	886
886	155
886	197
886	585
805	158
805	332
805	344
54	201
54	671
54	760
54	762
54	892
201	364
201	491
201	762
201	892
623	140
623	200
623	311
623	413
623	548
623	762
623	892
671	200
671	311
671	413
671	760
671	762
671	892
738	200
738	248
738	311
738	760
738	762
738	892
760	77
760	85
760	138
760	140
760	148
760	186
760	200
760	246
760	248
760	311
760	364
760	413
760	435
760	443
760	548
760	588
760	605
760	762
760	768
760	892
760	913
760	966
762	77
762	79
762	85
762	140
762	148
762	186
762	246
762	248
762	311
762	364
762	413
762	435
762	491
762	548
762	605
762	768
762	892
762	913
762	966
768	200
768	248
768	311
768	413
768	892
892	77
892	79
892	85
892	138
892	140
892	148
892	186
892	200
892	246
892	248
892	311
892	364
892	413
892	435
892	443
892	491
892	548
892	588
892	605
892	913
892	966
913	200
913	248
913	311
913	413
966	200
966	248
966	311
966	413
55	280
280	145
56	817
817	57
817	87
817	198
817	298
817	461
817	492
848	57
848	271
848	695
900	209
900	271
900	298
900	461
900	695
59	226
59	410
59	455
59	534
59	547
59	764
59	813
59	833
59	971
59	975
226	487
226	534
410	341
410	534
455	331
455	534
534	164
534	341
534	357
534	487
534	488
534	516
534	547
534	604
534	764
534	813
534	833
534	971
534	975
547	234
547	341
764	103
764	234
764	331
764	341
764	487
813	103
813	234
813	331
813	341
813	487
833	103
833	234
833	331
833	341
833	487
971	103
971	234
971	331
971	341
971	487
975	103
975	234
975	331
975	341
975	487
60	481
60	502
481	111
481	192
481	257
481	439
481	502
502	111
502	192
502	257
502	439
63	772
63	870
495	237
495	509
495	660
495	772
748	82
748	237
748	291
748	316
748	329
748	342
748	453
748	772
769	76
769	237
769	660
769	772
772	82
772	247
772	291
772	316
772	329
772	342
772	426
772	453
772	506
772	611
772	660
772	841
772	870
870	76
870	94
870	237
870	316
870	660
65	126
65	133
126	135
126	384
133	135
133	384
68	470
470	193
470	233
470	434
70	230
70	499
70	811
70	1000
230	156
230	185
230	539
230	811
230	1000
499	83
499	156
499	172
499	183
499	221
499	414
499	428
499	539
499	603
499	691
499	788
499	811
499	896
499	918
499	1000
526	172
526	185
526	221
526	539
526	811
526	1000
681	221
681	539
681	811
681	1000
691	185
691	221
691	539
691	811
691	1000
788	185
788	221
788	539
788	811
788	1000
811	83
811	156
811	172
811	183
811	185
811	221
811	232
811	240
811	272
811	414
811	428
811	539
811	603
811	896
811	918
811	1000
896	185
896	221
896	539
896	1000
918	185
918	221
918	539
918	1000
1000	83
1000	156
1000	172
1000	183
1000	185
1000	221
1000	232
1000	240
1000	272
1000	414
1000	428
1000	539
1000	603
74	283
74	522
74	569
283	218
283	327
283	563
283	586
522	91
522	159
522	163
522	432
522	441
522	537
522	563
522	569
522	586
569	159
569	217
569	236
569	432
569	441
569	563
569	586
611	238
611	660
611	841
841	82
841	237
841	329
841	660
77	435
77	548
140	248
140	311
140	548
435	200
435	248
435	491
435	588
548	200
548	248
548	413
588	79
588	311
588	364
588	413
79	186
186	138
186	443
605	200
605	246
605	311
605	443
82	660
660	94
660	212
660	238
660	247
660	316
660	398
660	453
660	509
83	414
240	172
240	539
414	183
414	232
603	172
603	185
603	539
85	246
86	571
86	572
86	589
571	137
571	168
571	171
571	191
571	254
571	320
571	369
571	572
572	153
572	168
572	191
572	252
572	254
572	293
572	320
572	589
589	137
589	153
589	162
589	171
589	252
589	293
589	320
589	390
501	459
501	728
501	773
737	332
737	344
89	388
89	638
89	771
388	157
388	376
388	679
388	807
638	173
638	258
638	265
638	628
638	763
638	771
771	679
771	747
807	258
807	411
807	527
90	315
90	694
315	373
694	249
694	295
694	296
91	381
91	432
91	537
381	159
381	218
381	236
381	496
381	537
381	563
432	159
432	163
432	537
432	563
537	218
537	327
537	496
537	586
92	512
92	664
92	678
512	275
512	407
512	498
512	587
512	664
512	678
664	98
664	125
664	202
664	275
664	407
664	498
664	517
664	587
664	678
678	98
678	125
678	202
678	407
678	468
678	498
678	517
678	587
93	695
695	128
695	461
695	492
695	573
695	583
695	667
695	728
695	773
773	151
773	209
773	262
773	271
773	298
773	459
773	461
94	398
94	426
398	237
398	247
426	506
426	509
96	449
96	620
96	644
449	255
449	281
449	482
449	550
449	567
620	207
620	281
620	437
620	567
620	673
620	696
644	235
644	321
779	207
779	235
779	264
779	567
779	696
800	207
800	235
800	482
800	567
845	207
845	235
845	567
846	207
846	235
846	567
867	207
867	235
867	567
893	207
893	235
893	567
897	207
897	235
897	567
99	397
99	584
99	619
99	687
397	295
584	278
584	295
619	219
619	295
687	249
687	295
101	672
670	672
672	112
672	196
672	231
672	279
672	336
672	454
672	474
672	544
672	575
103	331
103	487
103	516
103	604
103	608
331	115
331	234
331	487
331	488
331	516
331	604
487	115
487	234
487	318
487	488
487	604
487	608
516	234
516	341
604	234
604	341
608	341
105	460
105	555
460	132
460	147
460	253
460	555
460	592
555	147
555	253
555	301
555	374
555	445
555	592
106	643
106	868
106	914
106	934
106	951
643	477
643	525
643	558
643	617
643	645
643	790
643	883
643	895
643	914
643	934
868	239
868	270
868	389
868	392
868	471
868	505
868	617
868	645
868	766
868	790
868	843
868	934
883	215
883	270
883	350
883	378
883	505
883	525
883	606
883	665
883	843
883	934
883	951
887	227
887	310
887	350
887	389
887	393
887	525
887	530
887	596
887	665
887	698
887	914
887	934
887	944
889	139
889	227
889	310
889	392
889	393
889	401
889	471
889	477
889	515
889	741
889	849
889	895
889	934
889	944
889	951
914	139
914	471
914	554
914	596
914	698
914	741
914	843
914	934
914	951
934	215
934	227
934	239
934	270
934	287
934	310
934	350
934	378
934	389
934	392
934	393
934	477
934	505
934	515
934	525
934	530
934	554
934	558
934	600
934	617
934	629
934	653
934	665
934	698
934	766
934	775
934	790
934	843
934	849
934	874
934	944
934	951
934	973
944	270
944	393
944	505
944	554
944	665
944	698
951	270
951	629
951	698
973	215
973	596
973	735
973	766
973	775
108	391
108	598
108	712
108	736
108	789
108	831
108	838
108	919
108	929
108	974
391	292
391	427
391	521
391	598
391	639
391	683
391	736
391	789
391	831
391	838
391	919
391	929
391	974
598	359
598	427
598	438
598	457
598	521
598	535
598	639
598	683
598	707
598	712
598	736
598	789
598	831
598	838
598	919
598	974
712	122
712	146
712	182
712	292
712	339
712	359
712	427
712	438
712	457
712	521
712	535
712	639
712	683
712	707
712	736
712	789
712	831
712	838
712	919
712	929
712	974
736	122
736	146
736	182
736	292
736	339
736	359
736	427
736	438
736	457
736	521
736	535
736	639
736	683
736	707
736	789
736	831
736	838
736	919
736	929
736	974
789	122
789	146
789	182
789	292
789	339
789	359
789	427
789	438
789	457
789	521
789	535
789	639
789	683
789	707
789	831
789	838
789	919
789	929
789	974
831	122
831	146
831	182
831	292
831	339
831	359
831	427
831	438
831	457
831	521
831	535
831	639
831	683
831	707
831	838
831	919
831	929
831	974
838	122
838	182
838	292
838	339
838	359
838	427
838	438
838	457
838	521
838	535
838	639
838	683
838	707
838	919
838	929
838	974
919	122
919	146
919	182
919	292
919	339
919	359
919	427
919	438
919	457
919	521
919	535
919	639
919	683
919	707
919	929
919	974
929	122
929	146
929	182
929	292
929	339
929	359
929	427
929	438
929	457
929	521
929	535
929	639
929	683
929	707
929	974
974	122
974	146
974	182
974	292
974	339
974	359
974	427
974	438
974	457
974	521
974	535
974	639
974	683
974	707
109	626
626	154
626	225
626	297
626	358
626	367
626	485
626	615
626	624
110	531
110	693
110	801
423	478
423	531
423	693
423	801
456	304
456	466
456	531
456	693
456	801
493	466
493	478
493	531
493	693
493	801
531	303
531	304
531	345
531	395
531	466
531	478
531	578
531	616
531	693
531	724
531	726
531	801
531	853
578	304
578	466
578	478
578	693
578	801
616	304
616	466
616	478
616	693
616	801
693	189
693	303
693	304
693	345
693	395
693	466
693	724
693	726
693	801
693	853
724	304
724	466
724	478
724	801
726	304
726	466
726	478
726	801
801	189
801	303
801	304
801	345
801	395
801	466
801	478
801	853
853	304
853	466
853	478
111	439
439	192
439	257
112	336
112	544
544	123
544	279
115	318
318	357
927	188
927	317
927	325
120	567
567	255
567	313
567	437
567	476
567	482
567	696
567	699
567	710
673	235
673	699
696	528
122	359
122	683
122	707
359	146
359	535
359	683
359	707
683	182
683	292
683	339
683	427
683	438
683	457
683	521
683	535
683	639
683	707
707	146
707	182
707	292
707	339
707	427
707	438
707	457
707	521
707	535
707	639
123	190
123	575
190	575
575	196
575	474
587	275
135	203
135	322
384	161
384	229
434	193
667	262
667	271
667	459
132	592
592	144
592	147
592	210
592	253
592	301
592	374
592	445
203	143
137	254
137	369
254	162
254	191
254	320
254	390
369	168
369	293
369	320
138	364
138	413
138	443
364	413
413	311
413	491
443	248
139	389
139	393
139	525
139	600
139	698
139	874
389	392
389	471
389	645
389	766
389	775
389	895
393	270
393	530
393	653
393	874
393	895
525	515
525	645
525	686
525	698
525	874
600	505
600	558
600	596
600	665
600	766
600	775
600	849
698	270
698	287
698	401
698	471
698	515
698	617
698	629
698	645
698	686
698	766
698	775
698	843
698	849
698	874
698	895
843	310
843	401
843	477
843	558
843	606
843	645
843	686
843	790
874	378
874	606
874	645
874	665
874	741
248	148
141	437
141	476
141	550
141	710
437	207
476	255
550	207
550	313
710	207
710	216
710	321
143	161
143	229
161	229
144	301
144	445
301	445
146	339
339	535
339	639
148	491
586	163
586	217
586	327
586	496
586	563
585	155
585	197
585	259
585	307
585	338
585	355
585	382
585	523
151	209
209	728
509	237
509	506
153	390
390	162
390	252
390	293
155	523
523	197
156	428
428	221
428	539
157	613
157	747
613	265
613	362
613	376
747	173
747	376
747	417
747	679
747	763
159	160
159	164
160	217
160	236
160	441
160	563
164	234
164	341
164	357
217	163
217	327
236	327
236	441
441	163
441	218
441	327
441	496
563	218
563	327
563	496
162	293
162	320
293	191
163	496
496	218
234	357
168	191
168	252
180	830
830	268
830	607
830	731
856	607
856	731
182	639
639	292
639	427
639	438
639	457
639	521
639	535
183	232
183	539
232	539
539	185
539	221
185	272
272	221
189	395
189	466
189	478
395	478
466	303
466	304
466	345
466	478
478	303
478	304
478	345
196	454
198	461
461	728
728	298
208	763
763	265
763	376
763	417
763	508
374	253
251	379
251	386
212	453
212	506
453	237
453	329
506	247
506	316
215	505
215	606
215	686
215	849
505	665
505	735
505	775
606	227
606	392
606	515
606	617
606	665
606	741
606	790
686	270
686	287
686	515
686	629
686	766
735	239
735	350
735	477
735	530
735	629
735	741
735	775
735	849
735	895
766	287
766	378
766	515
766	558
766	629
766	653
766	775
849	227
849	350
849	530
849	554
849	558
849	653
849	741
895	227
895	471
895	477
895	554
216	255
216	264
216	321
216	699
264	313
264	528
321	281
321	528
699	235
699	528
219	373
222	731
731	334
731	360
731	503
731	546
731	559
731	568
731	607
731	729
731	759
731	829
829	334
829	607
624	358
624	615
227	477
227	515
227	790
477	596
515	596
515	653
790	310
790	378
790	596
790	665
231	279
235	313
235	482
482	528
239	378
239	554
239	665
378	471
378	629
378	653
554	401
554	530
554	558
554	775
665	401
665	530
665	653
243	417
243	582
417	628
417	679
582	362
582	527
582	679
249	296
249	538
538	294
379	368
379	386
258	508
258	727
508	679
727	265
727	679
263	987
263	991
987	289
987	353
987	365
987	372
987	387
987	402
987	420
987	504
987	593
987	594
987	609
987	662
987	697
987	723
987	733
987	756
987	777
987	780
987	795
987	842
987	855
987	950
987	952
987	962
987	978
987	983
987	989
987	990
987	991
991	289
991	353
991	365
991	372
991	387
991	402
991	420
991	504
991	593
991	594
991	609
991	662
991	697
991	723
991	733
991	756
991	777
991	780
991	795
991	842
991	855
991	950
991	952
991	962
991	978
991	983
991	989
991	990
679	628
759	323
759	607
270	775
775	401
775	471
775	629
775	653
275	468
286	573
286	583
403	583
573	298
583	404
287	596
530	310
530	471
530	617
596	350
289	990
990	353
990	365
990	372
990	387
990	402
990	420
990	504
990	593
990	594
990	609
990	662
990	697
990	723
990	733
990	756
990	777
990	780
990	795
990	842
990	855
990	950
990	952
990	962
990	978
990	983
990	989
290	818
818	425
901	317
901	325
292	438
438	457
438	521
297	615
615	358
615	367
615	485
298	459
459	404
304	345
317	816
816	325
323	607
607	415
607	597
607	729
729	597
332	689
689	344
535	427
535	457
535	521
350	392
350	558
350	645
392	401
392	741
558	471
645	741
824	424
356	546
546	503
358	485
360	597
597	430
361	362
365	989
989	372
989	387
989	402
989	420
989	504
989	593
989	594
989	609
989	662
989	697
989	723
989	733
989	756
989	777
989	780
989	795
989	842
989	855
989	950
989	952
989	962
989	978
989	983
376	527
471	741
629	401
629	617
629	741
653	617
653	741
427	521
521	457
405	513
420	983
983	504
983	593
983	594
983	609
983	662
983	697
983	723
983	733
983	756
983	777
983	780
983	795
983	842
983	855
983	950
983	952
983	962
983	978
504	978
978	593
978	594
978	609
978	662
978	697
978	723
978	733
978	756
978	777
978	780
978	795
978	842
978	855
978	950
978	952
978	962
593	950
593	952
593	962
950	594
950	609
950	662
950	697
950	723
950	733
950	756
950	777
950	780
950	795
950	842
950	855
950	952
950	962
952	594
952	609
952	662
952	697
952	723
952	733
952	756
952	777
952	780
952	795
952	842
952	855
952	962
962	594
962	609
962	662
962	697
962	723
962	733
962	756
962	777
962	780
962	795
962	842
962	855
662	842
662	855
842	697
842	723
842	733
842	756
842	777
842	780
842	795
842	855
855	697
855	723
855	733
855	756
855	777
855	780
855	795
697	780
780	733
780	756
780	777
780	795
723	777
723	795
777	733
777	756
777	795
795	733
795	756
#End Disappearing Edges

*Newborn Edges
1	301
165	301
3	384
3	672
3	684
266	143
266	203
266	672
266	684
384	65
384	144
384	366
384	672
384	684
545	126
545	144
545	161
545	684
621	672
621	684
627	144
627	672
627	684
672	65
672	133
672	135
672	143
672	144
672	161
672	203
672	229
672	322
672	366
672	380
672	452
672	684
672	688
672	814
672	970
684	65
684	133
684	135
684	143
684	144
684	161
684	203
684	229
684	322
684	366
684	380
684	452
684	688
684	814
684	970
688	144
814	144
970	144
4	376
4	508
4	771
4	772
4	809
376	265
376	362
376	638
376	663
376	679
376	772
376	861
376	910
508	157
508	411
508	628
508	638
508	727
508	772
508	782
771	158
771	243
771	361
771	417
771	921
772	243
772	258
772	265
772	388
772	411
772	613
772	628
772	638
772	727
772	747
772	755
772	763
772	782
772	802
772	807
772	861
772	869
772	910
772	921
772	933
772	942
772	943
809	190
809	265
809	527
809	638
809	679
861	89
861	158
861	190
861	362
861	411
861	802
921	6
921	158
921	190
921	258
921	755
933	6
933	158
933	190
942	158
942	190
943	158
943	190
5	193
5	594
5	792
193	458
193	594
193	792
594	36
594	38
594	68
594	127
594	200
594	233
594	309
594	434
594	458
594	635
594	647
594	709
594	725
594	742
594	778
594	792
594	912
635	38
635	200
635	792
647	38
647	200
647	792
709	38
709	200
709	792
725	38
725	200
725	792
742	38
742	200
742	792
778	38
778	200
778	792
792	36
792	38
792	68
792	127
792	200
792	233
792	309
792	434
792	458
792	912
912	38
912	200
6	613
6	747
613	388
613	527
613	577
613	628
613	638
613	747
747	158
747	265
747	362
747	628
747	782
747	807
782	173
782	243
782	258
782	362
782	388
782	417
782	582
782	679
802	89
802	157
802	190
802	243
802	582
802	679
802	763
910	89
910	190
910	208
8	432
8	660
8	664
8	828
432	19
432	55
432	80
432	145
432	162
432	245
432	280
432	447
432	497
432	660
432	664
432	685
432	758
432	828
447	235
447	660
447	664
447	828
497	235
497	245
497	340
497	660
497	664
497	828
541	235
541	660
541	664
541	828
581	162
581	235
581	245
581	340
581	660
581	664
581	828
660	19
660	55
660	71
660	80
660	145
660	162
660	169
660	235
660	245
660	280
660	340
660	664
660	685
660	758
660	828
664	19
664	55
664	71
664	80
664	145
664	162
664	169
664	235
664	245
664	280
664	340
664	685
664	758
664	828
685	162
685	235
685	245
685	340
685	828
758	162
758	235
758	245
758	340
758	828
828	19
828	55
828	71
828	80
828	145
828	162
828	169
828	235
828	280
828	340
9	331
9	750
9	1000
187	331
187	750
213	331
213	750
228	331
228	750
331	720
331	750
720	750
1000	859
1000	961
11	901
11	927
11	988
901	118
901	136
901	195
901	205
901	512
901	555
901	770
901	988
927	66
927	104
927	205
927	512
927	555
927	770
927	988
941	205
941	512
941	555
941	770
941	988
960	205
960	512
960	555
960	770
960	988
969	205
969	512
969	555
969	770
969	988
977	205
977	512
977	555
977	770
977	988
980	205
980	512
980	555
980	770
980	988
981	205
981	512
981	555
981	770
981	988
984	205
984	512
984	555
984	770
984	988
988	66
988	104
988	118
988	136
988	195
988	205
988	290
988	352
988	363
988	408
988	409
988	421
988	424
988	425
988	442
988	450
988	511
988	512
988	555
988	590
988	745
988	761
988	770
988	781
988	816
988	818
988	824
12	689
12	737
12	787
12	805
689	33
689	178
689	236
689	343
689	556
689	569
737	20
737	32
737	52
737	236
737	343
737	569
787	32
787	33
787	52
787	178
787	236
787	399
787	569
805	20
805	32
805	33
805	42
805	88
805	236
805	569
836	33
836	42
836	236
836	343
836	405
836	569
850	33
850	236
850	569
873	33
873	236
873	569
878	33
878	236
878	569
890	33
890	236
890	569
894	33
894	236
894	569
13	251
13	379
13	543
13	695
13	892
251	368
251	536
251	695
251	892
379	326
379	354
379	451
379	695
379	892
451	354
451	386
451	695
451	892
473	368
473	695
473	892
543	211
543	695
543	892
695	47
695	211
695	326
695	354
695	368
695	386
695	446
695	464
695	536
695	703
695	722
695	837
695	892
703	892
722	892
837	892
892	47
892	211
892	326
892	354
892	368
892	386
892	446
892	464
892	536
15	365
15	560
15	693
15	723
15	734
15	785
15	808
15	838
15	885
15	888
365	335
365	351
365	478
365	585
365	607
365	693
365	723
365	734
365	785
365	808
365	838
365	885
365	888
560	67
560	146
560	155
560	283
560	335
560	351
560	478
560	585
560	607
560	693
560	723
560	734
560	785
560	808
560	838
560	885
560	888
693	53
693	67
693	146
693	155
693	283
693	325
693	335
693	351
693	585
693	607
693	723
693	734
693	785
693	808
693	838
693	885
693	888
723	53
723	67
723	146
723	155
723	283
723	325
723	335
723	351
723	478
723	585
723	607
723	734
723	785
723	808
723	838
723	885
723	888
734	53
734	67
734	146
734	155
734	283
734	325
734	335
734	351
734	478
734	585
734	607
734	785
734	808
734	838
734	885
734	888
785	53
785	67
785	146
785	155
785	283
785	325
785	335
785	351
785	478
785	585
785	607
785	808
785	838
785	885
785	888
808	53
808	67
808	146
808	155
808	283
808	325
808	335
808	351
808	478
808	585
808	607
808	838
808	885
808	888
838	53
838	67
838	155
838	283
838	325
838	335
838	351
838	478
838	585
838	607
838	885
838	888
885	53
885	67
885	146
885	155
885	283
885	325
885	335
885	351
885	478
885	585
885	607
885	888
888	53
888	67
888	146
888	155
888	283
888	325
888	335
888	351
888	478
888	585
16	501
16	667
16	817
16	848
16	900
501	56
501	385
501	602
501	702
667	185
667	198
667	524
667	573
667	799
817	28
817	128
817	151
817	185
817	286
817	385
817	524
817	602
848	93
848	128
848	151
848	262
848	385
900	28
900	185
900	459
900	573
900	583
900	773
924	185
924	198
924	385
924	583
932	56
932	185
932	385
932	773
939	185
939	385
948	185
948	385
959	185
959	385
19	162
19	340
162	80
162	280
162	340
340	235
340	245
340	280
20	794
794	33
794	52
794	88
794	178
794	236
794	343
794	569
21	276
21	277
21	731
21	947
48	97
48	117
48	184
48	731
48	947
131	184
131	731
131	947
276	277
276	731
276	947
277	97
277	117
277	170
277	184
277	324
277	633
277	708
277	731
277	797
277	947
324	184
324	731
324	947
633	184
633	731
633	947
708	184
708	731
708	947
731	97
731	117
731	170
731	184
731	797
731	947
797	184
797	947
947	97
947	117
947	170
947	184
22	113
22	520
22	572
22	657
22	821
22	875
22	898
22	909
22	928
22	934
113	147
113	563
113	572
113	657
113	821
113	875
113	898
113	909
113	928
113	934
520	59
520	86
520	188
520	221
520	289
520	317
520	330
520	337
520	563
520	657
520	821
520	875
520	898
520	909
520	928
520	934
572	147
572	188
572	221
572	289
572	317
572	330
572	337
572	457
572	563
572	657
572	821
572	875
572	898
572	909
572	928
572	934
657	59
657	86
657	147
657	188
657	221
657	289
657	317
657	330
657	337
657	457
657	563
657	821
657	875
657	898
657	928
657	934
821	59
821	86
821	147
821	188
821	221
821	289
821	317
821	330
821	337
821	457
821	563
821	875
821	898
821	909
821	928
821	934
875	59
875	86
875	147
875	188
875	221
875	289
875	317
875	330
875	337
875	457
875	563
875	898
875	909
875	928
875	934
898	59
898	86
898	147
898	188
898	221
898	289
898	317
898	330
898	337
898	457
898	563
898	909
898	928
898	934
909	59
909	86
909	147
909	188
909	221
909	289
909	317
909	330
909	337
909	457
909	563
909	928
909	934
928	59
928	86
928	147
928	188
928	221
928	289
928	317
928	330
928	337
928	457
928	563
928	934
934	59
934	86
934	147
934	188
934	221
934	289
934	317
934	330
934	337
934	457
934	563
23	62
23	134
23	487
23	519
23	567
23	589
23	592
23	636
23	698
23	711
62	124
62	487
62	567
62	589
62	592
62	636
62	698
62	711
134	114
134	124
134	295
134	519
134	567
134	589
134	592
134	636
134	698
134	711
487	75
487	114
487	124
487	295
487	319
487	333
487	519
487	567
487	589
487	592
487	636
487	698
487	711
519	75
519	114
519	124
519	295
519	319
519	333
519	341
519	567
519	589
519	592
519	636
519	698
519	711
567	27
567	75
567	114
567	124
567	295
567	319
567	333
567	341
567	589
567	592
567	636
567	698
567	711
589	27
589	75
589	114
589	124
589	295
589	319
589	333
589	341
589	592
589	636
589	698
589	711
592	27
592	75
592	114
592	124
592	295
592	319
592	333
592	341
592	636
592	698
592	711
636	27
636	75
636	114
636	124
636	295
636	319
636	333
636	341
636	698
636	711
698	27
698	75
698	114
698	124
698	295
698	319
698	333
698	341
698	711
711	27
711	75
711	114
711	124
711	295
711	319
711	333
711	341
24	468
24	517
24	704
24	714
468	92
468	498
468	704
468	714
517	339
517	412
517	704
517	714
680	125
680	339
680	412
680	704
680	714
704	92
704	98
704	125
704	202
704	275
704	339
704	407
704	412
704	498
704	570
704	587
704	705
704	714
704	719
704	751
704	864
704	965
705	98
705	339
705	412
705	714
705	738
714	92
714	98
714	125
714	202
714	275
714	339
714	407
714	412
714	498
714	570
714	587
714	719
714	751
714	864
714	965
719	339
719	412
751	339
751	412
864	339
864	412
965	339
965	412
25	180
25	546
25	830
180	759
180	829
546	415
546	430
546	539
546	568
830	39
830	222
830	300
830	323
830	539
854	39
854	300
854	360
854	539
902	39
902	69
902	300
902	539
908	39
908	69
908	300
908	539
915	39
915	69
915	300
915	539
926	39
926	69
926	300
926	539
935	39
935	69
935	300
935	539
936	39
936	69
936	300
936	539
26	181
26	234
26	237
26	298
26	461
26	475
181	234
181	237
181	298
181	461
181	475
234	237
234	284
234	298
234	418
234	461
234	475
234	646
234	804
237	284
237	298
237	418
237	461
237	475
237	646
237	804
284	298
284	461
284	475
298	418
298	461
298	475
298	646
298	804
418	461
418	475
461	475
461	646
461	804
475	646
475	804
27	295
27	319
27	333
27	341
295	319
295	333
295	341
319	124
319	333
319	341
333	75
333	341
341	114
28	286
28	583
286	524
286	799
583	57
583	602
583	702
583	773
799	56
799	93
799	185
799	198
799	385
799	728
30	179
30	271
30	396
30	499
30	571
30	599
30	677
30	810
30	855
30	967
179	304
179	460
179	499
179	571
179	599
179	626
179	677
179	810
179	855
179	967
271	249
271	267
271	377
271	460
271	562
271	571
271	626
271	677
271	810
271	855
271	967
396	137
396	267
396	304
396	377
396	413
396	499
396	562
396	599
396	626
396	677
396	810
396	855
396	967
499	249
499	267
499	304
499	413
499	460
499	562
499	571
499	599
499	626
499	677
499	810
499	855
499	967
571	197
571	249
571	267
571	304
571	377
571	413
571	460
571	562
571	599
571	626
571	677
571	810
571	855
571	967
599	108
599	137
599	197
599	249
599	267
599	304
599	377
599	460
599	562
599	626
599	677
599	810
599	855
599	967
677	108
677	137
677	197
677	249
677	267
677	304
677	377
677	413
677	460
677	562
677	626
677	810
677	855
677	967
810	108
810	137
810	249
810	267
810	304
810	377
810	413
810	460
810	562
810	626
810	855
810	967
855	108
855	137
855	197
855	249
855	267
855	304
855	377
855	413
855	460
855	562
855	626
855	967
967	108
967	137
967	197
967	249
967	267
967	304
967	377
967	413
967	460
967	562
967	626
31	247
31	329
31	531
31	769
31	870
247	76
247	732
247	806
329	238
329	316
329	509
329	769
329	806
531	152
531	212
531	426
531	467
531	495
531	509
531	611
531	715
531	748
531	806
531	841
531	870
531	907
531	946
531	953
531	955
715	103
715	142
715	467
715	506
715	509
715	806
769	94
769	142
769	291
769	398
769	433
769	806
870	103
870	238
870	433
870	453
870	806
907	103
907	433
907	806
946	103
946	433
946	806
953	103
953	433
953	806
955	103
955	433
955	806
36	434
434	38
434	200
39	829
39	856
829	69
829	300
829	539
856	69
856	300
856	539
42	649
649	88
649	405
649	513
649	569
649	654
47	386
47	446
354	326
354	386
446	326
446	464
446	536
97	170
117	184
184	170
50	296
50	580
50	687
50	694
296	294
296	538
580	219
580	315
580	397
580	538
580	584
580	619
580	631
580	634
580	687
580	694
580	786
580	826
580	832
580	857
580	880
580	979
687	132
687	278
694	99
694	132
694	397
694	619
786	132
826	132
832	132
857	132
880	132
979	132
51	523
51	752
523	112
523	150
523	752
610	112
610	752
612	112
612	752
614	112
614	752
622	112
622	752
651	112
651	752
718	112
718	752
752	112
752	150
752	259
752	307
752	338
752	355
752	382
752	783
752	886
783	112
886	112
53	585
53	607
585	146
585	283
585	325
585	335
585	351
585	478
585	607
607	146
607	155
607	283
607	325
607	335
607	351
607	478
54	224
54	443
54	491
54	588
54	605
224	148
224	443
224	491
224	588
224	605
224	623
224	671
224	738
224	768
224	913
224	966
443	85
443	148
443	364
443	738
491	77
491	140
491	246
491	671
588	140
588	186
588	605
588	671
588	768
605	138
605	140
605	148
605	186
623	77
623	79
623	138
623	148
623	186
623	435
738	138
738	140
738	186
768	77
768	364
768	548
55	71
56	728
728	87
728	185
728	385
728	404
728	459
728	492
728	773
57	385
57	746
57	773
385	459
385	746
385	773
746	185
746	198
746	262
746	403
746	459
746	573
773	128
773	404
773	492
773	524
773	702
59	457
59	563
457	86
457	147
457	317
457	330
457	337
457	563
563	188
563	221
563	289
563	317
563	330
563	337
63	467
63	732
63	841
467	142
467	316
467	398
467	732
467	748
467	806
467	841
495	82
495	342
495	611
495	806
495	841
732	103
732	212
732	342
732	429
732	433
732	748
732	806
748	76
748	103
748	152
748	212
748	429
841	433
841	453
841	806
65	452
380	126
380	135
452	144
66	590
590	424
590	770
69	729
729	268
729	334
729	360
729	559
70	156
70	183
70	414
70	603
156	183
156	232
156	332
156	466
183	230
183	428
183	526
183	603
414	172
414	230
414	332
414	428
414	466
526	83
526	230
526	232
526	274
526	332
603	240
603	274
603	332
603	466
681	274
681	332
681	466
691	83
691	274
691	332
691	466
788	274
788	332
788	466
896	274
896	332
896	466
918	274
918	332
918	466
75	114
76	426
76	806
426	433
426	453
426	806
611	94
611	152
611	506
611	806
806	103
806	238
806	291
806	316
806	342
806	398
806	429
806	453
806	506
806	509
77	85
77	246
85	364
85	548
140	201
140	435
140	671
246	138
246	435
246	671
79	364
79	435
79	548
364	186
364	435
364	548
435	186
435	201
435	548
548	138
548	148
548	201
548	671
671	201
80	169
80	245
169	245
245	235
81	250
81	522
81	598
81	615
81	678
81	701
81	796
81	822
81	929
81	982
250	470
250	486
250	598
250	615
250	642
250	678
250	701
250	796
250	822
250	929
250	982
522	119
522	214
522	263
522	344
522	436
522	486
522	561
522	598
522	615
522	642
522	678
522	701
522	796
522	822
522	929
522	982
598	119
598	214
598	263
598	344
598	436
598	470
598	486
598	561
598	615
598	642
598	678
598	701
598	796
598	822
598	982
615	176
615	207
615	214
615	263
615	436
615	470
615	486
615	561
615	642
615	678
615	701
615	796
615	822
615	929
615	982
678	119
678	176
678	207
678	214
678	263
678	344
678	436
678	470
678	486
678	642
678	701
678	796
678	822
678	929
678	982
701	119
701	176
701	207
701	214
701	263
701	344
701	436
701	470
701	486
701	561
701	642
701	796
701	822
701	929
701	982
796	119
796	176
796	207
796	214
796	263
796	344
796	436
796	470
796	486
796	561
796	642
796	822
796	929
796	982
822	119
822	176
822	207
822	214
822	263
822	344
822	436
822	470
822	486
822	561
822	642
822	929
822	982
929	119
929	176
929	207
929	214
929	263
929	344
929	436
929	470
929	486
929	561
929	642
929	982
982	119
982	176
982	207
982	214
982	263
982	344
982	436
982	470
982	486
982	561
982	642
82	429
82	433
82	509
429	94
429	152
429	291
433	94
433	398
433	453
433	506
433	509
509	316
83	232
83	466
232	172
232	274
240	272
240	274
240	466
466	172
466	230
466	274
466	332
466	428
86	221
221	289
87	93
87	573
573	448
573	492
573	702
89	679
89	727
679	158
679	208
679	258
679	411
679	763
727	190
727	388
727	628
727	638
727	807
807	158
807	243
807	577
807	582
90	584
90	619
90	631
584	219
584	373
584	397
619	294
619	538
631	132
634	99
634	132
634	315
634	373
91	596
91	617
91	766
91	775
91	843
91	849
91	883
91	944
91	951
91	973
596	139
596	248
596	270
596	629
596	775
596	868
596	889
596	895
617	378
617	505
617	600
617	735
617	883
617	889
617	944
766	227
766	270
766	310
766	350
766	392
766	525
766	606
766	643
766	645
766	741
766	790
766	883
766	914
775	139
775	215
775	227
775	350
775	378
775	515
775	558
775	606
775	643
775	665
775	741
775	889
843	106
843	227
843	248
843	350
843	389
843	393
843	471
843	505
843	525
843	554
843	735
843	849
849	106
849	270
849	378
849	393
849	477
849	515
849	665
849	686
849	887
849	914
849	973
883	139
883	239
883	392
883	471
883	515
883	554
883	600
883	645
883	741
944	139
944	287
944	310
944	350
944	401
944	471
944	741
951	227
951	248
951	378
951	392
951	530
951	606
951	874
973	248
973	477
973	525
973	643
92	587
587	202
587	339
587	412
96	482
96	696
96	699
482	321
482	437
482	620
482	779
696	141
696	216
696	311
699	255
699	264
699	311
699	321
779	255
779	311
779	437
779	476
800	216
800	311
800	449
800	550
845	311
846	311
867	311
893	311
897	311
98	339
98	412
339	407
339	570
412	125
412	498
412	570
99	373
99	538
373	538
101	480
101	575
101	801
101	840
480	231
480	454
480	801
480	840
575	231
575	279
575	358
575	544
575	801
575	840
670	358
670	801
670	840
730	123
730	358
730	801
730	840
757	358
757	801
757	840
801	123
801	196
801	231
801	279
801	336
801	358
801	454
801	474
801	544
801	637
801	640
801	840
801	862
801	916
801	930
840	123
840	196
840	231
840	279
840	336
840	358
840	454
840	474
840	544
840	637
840	640
840	862
840	916
840	930
862	358
916	358
930	358
103	453
453	316
453	398
105	374
105	445
105	534
105	661
105	668
374	116
374	534
374	661
445	116
445	534
445	661
534	116
534	210
534	661
534	668
534	827
534	863
534	876
534	884
534	922
661	116
661	210
661	668
661	827
661	863
661	876
661	884
661	922
668	116
827	116
863	116
876	116
884	116
922	116
106	471
106	645
106	895
471	139
471	239
471	505
471	606
471	629
471	686
471	790
645	139
645	310
645	477
645	554
645	686
645	735
887	215
887	239
887	378
887	401
887	477
887	505
887	554
887	629
887	735
887	868
887	874
887	889
889	215
889	239
889	248
889	270
889	389
889	558
889	600
889	653
889	665
889	686
889	914
895	239
895	248
895	401
895	515
895	558
895	600
895	665
895	741
108	304
108	377
108	413
108	460
108	562
108	626
304	249
304	413
304	626
377	197
377	413
377	460
377	562
377	626
413	137
413	197
413	562
413	626
460	137
460	197
460	562
460	626
562	137
562	197
562	249
562	267
562	626
626	137
626	197
626	249
626	267
109	557
109	624
557	154
557	209
557	225
557	297
557	367
557	485
557	624
557	692
557	740
557	744
557	793
557	798
557	815
557	820
557	844
557	852
624	154
624	209
692	209
740	209
744	209
793	209
798	209
815	209
820	209
844	209
852	209
110	811
110	823
110	968
423	303
423	811
423	823
423	968
456	189
456	345
456	811
456	823
456	968
493	189
493	811
493	823
493	968
578	811
578	823
578	968
616	811
616	823
616	968
724	811
724	823
724	968
726	811
726	823
726	968
811	189
811	303
811	345
811	395
811	823
811	853
811	968
823	189
823	303
823	345
823	395
823	853
823	968
853	968
968	189
968	303
968	345
968	395
147	289
115	547
115	739
488	226
488	547
488	739
547	164
547	739
604	164
604	318
604	516
604	739
608	739
739	164
739	226
739	318
739	357
739	410
739	455
739	516
739	764
739	813
739	833
739	971
739	975
116	210
118	818
818	352
818	409
818	512
818	555
818	770
119	486
119	642
486	176
486	436
486	470
486	561
486	642
642	176
642	207
642	214
642	263
642	344
642	436
642	470
642	561
120	710
644	264
644	449
644	476
673	264
673	311
673	449
710	281
710	311
710	313
710	528
123	637
637	279
637	358
637	474
640	196
640	279
640	336
640	358
125	570
570	275
570	407
126	133
126	144
133	229
144	203
366	143
366	322
127	309
127	458
309	233
458	200
128	702
702	403
135	143
135	161
136	761
761	290
761	409
761	421
761	425
761	511
761	512
761	555
761	770
138	201
139	665
139	868
665	227
665	350
665	378
665	389
665	558
665	629
665	643
665	868
868	248
868	287
868	310
868	393
868	515
868	525
868	530
868	554
868	629
141	216
141	311
141	620
216	281
216	550
311	528
620	255
620	313
620	449
620	528
620	550
145	235
289	317
150	355
151	448
151	602
448	404
448	602
524	492
524	602
152	506
506	238
155	325
325	283
325	478
332	172
332	272
332	428
157	417
157	527
157	763
417	362
417	527
417	582
417	638
417	663
527	411
763	243
763	258
763	388
763	577
869	158
869	190
869	258
869	361
869	388
869	638
869	755
158	361
361	663
164	455
164	516
455	410
516	318
516	357
172	230
172	274
230	428
274	272
173	577
173	628
173	755
577	638
577	755
628	582
628	663
755	208
755	265
755	411
176	344
176	561
344	263
344	470
344	561
561	207
561	214
561	263
561	436
561	470
759	356
759	360
759	430
759	539
428	272
188	330
330	337
190	411
195	745
745	205
745	290
745	408
745	424
745	450
745	555
745	770
196	544
544	336
544	358
202	498
498	275
207	436
207	470
436	214
436	470
208	362
362	663
211	368
212	342
215	389
215	392
215	741
215	914
389	270
389	401
389	477
389	653
389	874
389	914
392	393
392	629
392	643
392	874
735	248
735	378
735	393
735	515
735	554
735	643
735	653
741	239
741	515
741	530
741	600
741	643
914	227
914	378
914	393
914	401
914	525
914	530
914	686
281	264
550	321
219	294
222	597
222	753
597	300
597	323
597	356
597	539
597	568
753	268
753	300
753	334
753	356
753	539
225	485
485	297
226	357
357	410
227	393
227	629
227	874
393	248
393	558
393	790
629	505
629	525
629	530
629	653
874	248
874	270
874	350
874	505
874	686
236	654
654	399
654	405
654	513
654	569
790	248
790	505
790	515
790	525
790	554
790	558
790	653
248	350
350	378
350	530
249	267
255	528
528	313
259	382
307	338
262	404
262	459
459	403
265	582
270	287
270	530
270	606
287	643
287	653
530	515
530	558
530	643
606	477
606	525
606	600
606	643
606	653
606	686
275	407
278	315
474	358
283	478
478	335
478	351
643	310
653	525
653	554
653	600
317	337
290	781
781	352
781	421
781	424
781	425
781	442
781	512
781	555
781	770
297	367
300	539
539	503
539	559
303	345
345	395
310	558
558	401
600	515
600	554
313	437
437	321
321	449
449	476
323	503
503	559
503	625
334	625
625	415
824	512
824	555
824	770
358	454
363	770
363	816
770	408
770	425
770	442
770	450
770	511
770	512
770	555
770	816
816	512
816	555
686	401
686	477
401	477
556	405
556	513
556	569
415	568
505	525
505	554
513	569
859	961
#End Newborn Edges

*Degree Changed Nodes
134	2	11
688	20	22
814	20	23
970	20	23
661	21	12
885	33	21
988	19	37
692	20	17
740	20	17
744	20	17
793	20	17
798	20	17
815	20	17
820	20	17
823	20	15
844	20	17
852	20	17
80	9	10
581	16	18
685	16	21
750	16	6
758	16	21
114	7	11
187	7	6
213	7	6
228	7	6
720	7	6
752	7	17
704	22	21
730	23	21
757	24	21
792	24	19
862	24	21
916	24	21
930	24	21
941	38	37
947	38	14
960	38	37
967	38	21
969	38	37
977	38	37
980	38	37
981	38	37
982	38	21
984	38	37
654	21	19
836	29	27
850	31	27
873	32	27
878	32	27
890	32	27
894	32	27
909	32	21
703	20	19
785	19	21
924	38	36
928	39	21
932	39	36
939	40	36
948	41	36
959	41	36
968	41	15
18	9	3
64	9	3
245	9	12
277	9	12
412	9	14
433	9	15
444	9	3
717	9	3
828	9	21
840	30	21
48	9	10
131	11	10
633	13	14
708	13	14
797	13	14
557	18	17
719	23	21
751	23	21
864	23	21
875	23	21
965	23	21
888	32	21
284	11	10
300	11	13
340	12	13
385	11	14
418	11	10
646	11	10
770	11	25
804	11	10
668	21	12
822	22	21
827	22	12
863	22	12
876	22	12
884	22	12
922	22	12
142	11	10
907	35	36
946	35	36
953	35	36
955	35	36
33	6	10
69	6	9
81	6	10
184	6	11
214	6	12
739	6	17
961	6	2
475	16	10
636	17	18
684	17	22
714	17	21
859	26	2
734	24	21
786	26	24
826	26	24
832	26	24
857	26	24
880	26	24
979	26	24
610	19	17
612	19	17
614	19	17
622	19	17
651	19	17
718	19	17
783	19	17
810	19	21
886	19	17
768	25	23
892	29	19
913	29	23
966	29	23
57	9	10
534	17	12
764	23	17
813	23	17
833	23	17
971	23	17
975	23	17
681	21	20
691	22	20
788	23	20
811	23	15
896	23	20
918	23	20
1000	23	3
569	18	15
89	10	9
695	22	19
845	30	28
846	30	28
867	30	28
893	30	28
897	30	28
98	9	10
331	13	6
604	19	17
608	19	17
104	10	9
934	40	21
108	10	11
838	24	21
929	25	21
626	19	20
493	16	15
578	18	15
616	18	15
693	18	21
724	18	15
726	18	15
801	18	21
853	18	15
112	11	10
115	11	10
927	35	37
123	11	10
592	19	18
137	11	10
698	22	18
301	13	2
445	15	12
234	12	10
395	14	13
461	15	10
374	14	12
731	23	14
237	12	10
818	26	28
901	31	35
615	16	19
298	13	10
304	12	13
485	15	14
367	14	13
556	18	17
513	16	15
781	19	26
590	18	19
745	18	24
761	18	25
855	28	21
723	23	21
