*Disappearing Nodes
388
527
613
807
861
921
942
943
792
6
411
663
772
802
981
13
434
487
491
630
686
712
881
950
973
63
30
271
396
409
499
626
677
810
855
117
276
277
324
354
398
403
708
823
947
826
771
782
637
934
926
88
89
719
809
910
97
184
445
486
752
157
158
763
165
301
680
173
361
179
197
460
190
376
377
208
209
237
304
351
416
243
249
258
362
265
668
273
469
519
298
367
582
408
417
511
#End Disappearing Nodes

*Newborn Nodes
540
713
716
25
39
925
997
406
40
44
674
721
949
998
438
697
882
983
455
73
220
241
656
834
866
964
356
153
215
206
270
318
370
372
#End Newborn Nodes

*Disappearing Edges
1	500
1	532
1	585
500	49
500	236
500	266
500	391
500	421
500	532
500	547
500	577
500	585
500	597
500	723
500	750
500	858
500	956
500	986
532	49
532	125
532	236
532	266
532	391
532	421
532	547
532	577
532	585
532	597
532	723
532	750
532	858
532	956
532	986
3	627
3	684
229	239
229	366
229	580
229	627
229	672
621	126
621	133
621	143
621	170
621	239
621	452
621	627
627	133
627	135
627	144
627	161
627	239
627	322
627	366
627	384
627	580
627	672
627	684
627	688
627	729
627	737
627	814
627	828
627	970
684	144
684	203
684	380
684	452
684	688
688	135
688	143
688	144
688	161
688	239
688	452
729	170
729	380
729	452
729	672
737	65
737	322
737	366
737	452
814	144
814	452
828	144
828	452
970	144
970	452
4	388
4	527
4	613
4	807
4	861
4	869
4	921
4	933
4	942
4	943
388	208
388	243
388	361
388	446
388	727
388	747
388	807
388	809
388	861
388	869
388	910
388	933
388	942
527	376
527	411
527	628
527	668
527	719
527	763
527	772
527	802
527	809
527	861
527	869
527	910
527	921
527	933
527	942
527	943
613	157
613	208
613	243
613	362
613	508
613	638
613	679
613	747
613	752
613	763
613	807
613	809
613	869
613	910
613	921
613	933
613	942
613	943
807	52
807	89
807	158
807	190
807	208
807	258
807	367
807	376
807	582
807	628
807	668
807	719
807	727
807	747
807	763
807	771
807	802
807	809
807	861
807	910
807	921
807	933
807	942
807	943
861	6
861	89
861	243
861	265
861	361
861	367
861	411
861	417
861	508
861	582
861	638
861	663
861	668
861	679
861	719
861	727
861	747
861	752
861	763
861	771
861	802
861	809
861	869
861	910
861	921
861	933
861	942
861	943
869	6
869	52
869	157
869	173
869	243
869	265
869	361
869	417
869	446
869	582
869	628
869	638
869	668
869	727
869	747
869	752
869	763
869	771
869	772
869	782
869	802
869	809
869	910
869	921
869	933
869	942
869	943
921	52
921	89
921	145
921	158
921	173
921	190
921	208
921	258
921	265
921	361
921	362
921	367
921	376
921	411
921	417
921	446
921	582
921	638
921	679
921	727
921	747
921	752
921	763
921	771
921	772
921	782
921	802
921	809
921	933
921	942
921	943
933	6
933	52
933	89
933	145
933	157
933	173
933	208
933	243
933	258
933	361
933	362
933	367
933	376
933	411
933	417
933	446
933	628
933	638
933	668
933	679
933	719
933	727
933	747
933	752
933	763
933	771
933	772
933	782
933	809
933	910
933	942
933	943
942	6
942	52
942	89
942	158
942	173
942	190
942	243
942	265
942	361
942	362
942	367
942	376
942	411
942	417
942	508
942	582
942	628
942	638
942	663
942	668
942	719
942	727
942	747
942	752
942	763
942	771
942	772
942	782
942	802
942	809
942	910
942	943
943	6
943	52
943	89
943	145
943	157
943	158
943	173
943	208
943	243
943	258
943	265
943	361
943	362
943	367
943	376
943	411
943	417
943	508
943	582
943	628
943	638
943	663
943	668
943	679
943	719
943	727
943	752
943	763
943	771
943	772
943	782
943	910
5	594
5	792
594	36
594	38
594	68
594	109
594	127
594	193
594	200
594	233
594	458
594	635
594	647
594	657
594	709
594	725
594	742
594	778
594	792
594	912
635	193
635	200
635	792
647	193
647	200
647	792
657	193
657	200
657	792
709	193
709	200
709	792
725	193
725	200
725	792
742	193
742	200
742	792
778	193
778	200
778	792
792	36
792	38
792	68
792	109
792	127
792	193
792	200
792	233
792	458
792	912
912	193
912	200
6	411
6	628
6	663
6	772
6	802
411	145
411	258
411	719
411	727
411	747
411	782
411	802
628	190
628	208
628	367
628	376
628	582
628	663
628	668
628	747
628	763
628	771
628	772
628	802
663	89
663	157
663	158
663	243
663	362
663	367
663	417
663	446
663	638
663	727
663	771
663	772
663	782
663	802
663	809
663	910
772	145
772	157
772	361
772	362
772	376
772	417
772	446
772	508
772	582
772	638
772	679
772	747
772	771
772	782
772	802
772	809
802	145
802	157
802	173
802	243
802	367
802	417
802	446
802	582
802	638
802	668
802	752
802	763
802	771
802	782
802	809
802	910
11	901
11	981
824	352
824	363
824	408
824	450
824	511
824	901
824	981
901	66
901	104
901	118
901	136
901	195
901	205
901	290
901	313
901	352
901	363
901	408
901	424
901	425
901	442
901	511
901	512
901	555
901	590
901	689
901	745
901	761
901	770
901	816
901	818
901	927
901	941
901	960
901	969
901	977
901	980
901	981
901	984
927	66
927	313
927	352
927	408
927	450
927	511
927	981
941	66
941	313
941	352
941	408
941	450
941	511
941	981
960	66
960	313
960	352
960	408
960	450
960	511
960	981
969	66
969	313
969	352
969	408
969	450
969	511
969	981
977	66
977	313
977	352
977	408
977	450
977	511
977	981
980	66
980	313
980	352
980	408
980	450
980	511
980	981
981	66
981	104
981	118
981	136
981	195
981	205
981	290
981	313
981	352
981	363
981	408
981	424
981	425
981	442
981	450
981	511
981	512
981	555
981	590
981	689
981	745
981	761
981	770
981	816
981	818
981	984
984	66
984	313
984	352
984	408
984	450
984	511
12	649
649	32
649	33
649	88
649	178
768	88
787	88
794	88
805	88
836	88
850	88
873	88
878	88
890	88
13	434
13	487
13	491
13	630
13	686
13	712
13	813
13	881
13	950
13	973
434	273
434	298
434	416
434	469
434	487
434	491
434	519
434	630
434	686
434	712
434	813
434	881
434	950
434	973
487	237
487	273
487	298
487	416
487	469
487	491
487	519
487	630
487	686
487	712
487	813
487	881
487	950
487	973
491	237
491	298
491	304
491	416
491	469
491	519
491	630
491	686
491	712
491	813
491	881
491	950
491	973
630	237
630	273
630	298
630	304
630	351
630	416
630	469
630	519
630	686
630	712
630	813
630	881
630	950
630	973
686	237
686	273
686	298
686	304
686	351
686	416
686	469
686	519
686	712
686	813
686	881
686	950
686	973
712	237
712	273
712	298
712	304
712	351
712	416
712	469
712	519
712	813
712	881
712	950
712	973
813	237
813	273
813	298
813	304
813	351
813	416
813	469
813	519
813	881
813	950
813	973
881	237
881	273
881	298
881	304
881	351
881	416
881	469
881	519
881	950
881	973
950	237
950	273
950	298
950	304
950	351
950	416
950	469
950	519
950	973
973	237
973	273
973	298
973	304
973	351
973	416
973	469
973	519
15	63
15	531
15	806
63	94
63	247
63	386
63	509
63	732
63	841
63	854
63	953
63	955
142	238
142	715
142	769
142	841
142	854
531	31
531	235
531	342
531	467
531	495
531	769
531	841
806	31
806	152
806	212
806	235
806	238
806	429
841	103
841	238
841	316
841	329
841	386
841	433
841	470
854	76
854	94
854	238
854	329
854	342
854	907
870	76
870	82
870	238
870	329
870	429
907	212
907	238
907	329
907	429
953	238
953	329
953	429
955	238
955	329
955	429
16	492
16	545
16	573
16	848
492	56
492	151
492	448
492	459
492	932
545	185
545	448
545	501
545	728
545	746
545	773
573	28
573	262
573	286
573	448
573	501
573	583
573	746
573	817
773	128
773	151
773	404
773	524
773	583
773	746
848	57
848	185
848	524
848	667
924	262
924	746
20	704
20	705
20	714
20	965
498	339
498	468
498	704
498	705
498	714
498	965
570	24
570	339
570	468
570	704
570	705
570	714
570	965
704	24
704	92
704	202
704	339
704	407
704	412
704	468
704	517
704	705
704	714
704	731
704	751
704	853
704	864
704	965
705	24
705	92
705	202
705	339
705	407
705	412
705	468
705	517
705	714
705	731
705	751
705	853
705	864
705	965
714	24
714	92
714	202
714	339
714	407
714	412
714	468
714	517
714	731
714	751
714	853
714	864
714	965
731	24
731	339
731	468
731	965
751	24
751	339
751	468
751	965
853	24
853	339
853	468
853	965
864	24
864	339
864	468
864	965
965	92
965	202
965	339
965	407
965	412
965	468
965	517
22	159
22	547
159	421
24	517
517	339
517	468
26	325
26	560
325	283
325	478
325	637
560	54
560	335
560	478
560	637
607	335
607	478
607	637
610	53
610	335
610	478
610	637
693	53
693	335
693	478
693	637
785	53
785	335
785	478
785	637
808	53
808	335
808	478
808	637
838	53
838	335
838	478
838	637
885	53
885	335
885	478
885	637
888	53
888	335
888	478
888	637
27	75
27	124
27	319
27	333
27	567
75	134
75	295
75	319
75	333
75	341
75	567
75	592
75	636
75	711
124	62
124	134
124	295
124	319
124	333
124	341
124	567
124	592
124	636
124	711
295	134
295	319
295	333
295	567
319	62
319	134
319	333
319	341
319	567
319	592
319	636
319	711
333	62
333	134
333	341
333	567
333	592
333	636
333	711
341	134
341	567
567	62
567	134
567	592
567	636
567	711
592	134
636	134
711	134
28	587
28	667
28	746
28	799
587	93
587	198
587	286
587	524
587	602
587	702
667	87
667	262
667	448
667	501
667	524
667	702
667	746
746	87
746	151
799	57
799	83
799	87
799	602
799	728
30	271
30	396
30	409
30	499
30	562
30	626
30	677
30	810
30	855
30	967
271	179
271	396
271	409
271	460
271	499
271	562
271	626
271	677
271	810
271	855
271	967
396	179
396	249
396	377
396	413
396	460
396	499
396	562
396	626
396	677
396	810
396	855
396	967
409	197
409	209
409	249
409	377
409	460
409	499
409	562
409	626
409	677
409	810
409	855
409	967
499	197
499	209
499	249
499	377
499	413
499	460
499	562
499	626
499	677
499	810
499	855
499	967
562	179
562	197
562	209
562	249
562	377
562	413
562	460
562	626
562	677
562	810
562	855
562	967
626	179
626	197
626	209
626	249
626	377
626	413
626	460
626	677
626	810
626	855
626	967
677	179
677	197
677	209
677	249
677	377
677	413
677	460
677	810
677	855
677	967
810	179
810	197
810	209
810	249
810	377
810	413
810	460
810	855
810	967
855	179
855	197
855	209
855	249
855	377
855	413
855	460
855	967
967	179
967	197
967	209
967	249
967	377
967	413
967	460
31	316
31	470
31	506
316	467
316	470
316	495
316	506
316	509
470	433
470	495
470	732
470	769
506	76
506	235
506	426
506	467
506	732
506	769
37	789
37	900
37	938
536	336
536	789
536	900
536	938
543	399
543	789
543	900
543	938
687	789
687	900
687	938
783	789
783	900
783	938
789	267
789	269
789	280
789	306
789	336
789	344
789	399
789	474
789	886
789	889
789	900
789	938
789	987
886	900
886	938
889	900
889	938
900	267
900	269
900	280
900	306
900	336
900	344
900	399
900	474
900	938
900	987
938	267
938	269
938	280
938	306
938	336
938	344
938	399
938	474
938	987
42	181
42	234
42	284
42	418
42	475
42	646
42	755
42	804
42	929
181	234
181	284
181	418
181	475
181	646
181	755
181	804
181	929
234	284
234	418
234	475
234	646
234	755
234	804
234	929
284	418
284	475
284	646
284	755
284	804
284	929
418	475
418	646
418	755
418	804
418	929
475	646
475	755
475	804
475	929
646	755
646	804
646	929
755	804
755	929
804	929
46	695
46	700
46	781
46	791
46	797
46	915
46	935
46	985
46	988
46	990
695	700
695	797
695	935
700	64
700	275
700	305
700	444
700	477
700	549
700	603
700	615
700	781
700	791
700	797
700	915
700	935
700	985
700	988
700	990
781	797
781	935
791	797
791	935
797	64
797	275
797	305
797	444
797	477
797	549
797	603
797	615
797	915
797	935
797	985
797	988
797	990
915	935
935	64
935	275
935	305
935	444
935	477
935	549
935	603
935	615
935	985
935	988
935	990
990	867
47	368
47	379
47	451
47	464
47	473
47	722
47	734
47	837
47	892
47	913
368	211
368	251
368	326
368	379
368	451
368	464
368	473
368	722
368	734
368	837
368	892
368	913
379	211
379	326
379	892
379	913
451	326
451	892
451	913
464	326
464	892
464	913
473	326
473	892
473	913
722	326
722	892
722	913
734	326
734	892
734	913
837	326
837	892
837	913
892	211
892	251
892	326
892	913
913	211
913	251
913	326
48	117
48	276
48	277
48	324
48	354
48	398
48	403
48	708
48	823
48	947
117	184
117	276
117	277
117	324
117	354
117	398
117	403
117	708
117	823
117	947
276	97
276	184
276	277
276	324
276	354
276	398
276	403
276	708
276	823
276	947
277	97
277	184
277	324
277	354
277	398
277	403
277	708
277	823
277	947
324	97
324	184
324	354
324	398
324	403
324	708
324	823
324	947
354	97
354	184
354	398
354	403
354	708
354	823
354	947
398	97
398	184
398	403
398	708
398	823
398	947
403	97
403	184
403	708
403	823
403	947
708	97
708	184
708	823
708	947
823	97
823	184
823	947
947	97
947	184
50	821
50	826
634	821
634	826
694	821
694	826
726	821
726	826
786	821
786	826
821	90
821	99
821	132
821	219
821	278
821	315
821	373
821	397
821	538
821	584
821	619
821	631
821	703
821	826
821	832
821	857
821	880
821	979
826	90
826	99
826	132
826	219
826	278
826	315
826	373
826	397
826	538
826	584
826	619
826	631
826	703
826	832
826	857
826	880
826	979
51	307
51	338
51	432
51	523
51	612
51	614
51	622
51	651
51	718
51	894
307	622
307	894
338	622
338	894
432	98
432	622
432	894
523	98
523	622
523	894
612	98
612	622
612	894
614	98
614	622
614	894
622	98
622	150
622	259
622	355
622	651
622	718
622	894
651	98
651	894
718	98
718	894
894	98
894	150
894	259
894	355
52	508
52	638
52	771
52	782
508	145
508	157
508	367
508	727
508	752
508	763
508	771
508	809
508	910
638	158
638	190
638	361
638	417
638	582
638	679
638	719
638	809
638	910
771	190
771	258
771	265
771	361
771	417
771	582
771	668
771	727
771	763
771	782
771	809
771	910
782	145
782	158
782	173
782	243
782	258
782	265
782	361
782	446
782	582
782	668
782	679
782	727
782	752
782	763
782	910
53	283
53	382
53	637
283	478
283	637
382	155
382	335
382	637
637	54
637	67
637	146
637	155
637	335
637	365
637	478
56	583
56	602
583	57
583	262
583	602
583	702
602	93
602	404
602	728
57	93
93	702
59	457
59	928
59	934
289	457
289	928
289	934
330	113
330	457
330	928
330	934
457	86
457	113
457	147
457	188
457	317
457	520
457	572
457	862
457	875
457	898
457	928
457	934
520	113
520	928
520	934
572	113
572	928
572	934
862	113
862	928
862	934
875	113
875	928
875	934
898	113
898	928
898	934
928	86
928	113
928	147
928	188
928	317
928	934
934	86
934	113
934	147
934	188
934	317
62	134
94	611
94	732
94	769
247	342
247	495
247	748
386	212
386	329
386	433
386	509
386	732
509	238
509	329
509	453
509	748
732	82
732	342
732	429
732	433
732	467
732	611
65	133
65	239
65	452
133	452
133	580
239	322
239	384
452	135
452	366
452	380
452	580
452	672
66	761
761	118
761	408
761	450
761	511
67	365
67	478
365	146
365	335
365	478
478	155
478	335
69	620
69	696
69	779
69	800
69	845
69	846
69	867
69	883
69	893
69	897
620	321
620	449
620	528
620	845
620	897
696	96
696	311
696	673
696	845
696	897
779	321
779	845
779	897
800	321
800	845
800	897
845	96
845	120
845	216
845	255
845	264
845	281
845	311
845	321
845	437
845	449
845	476
845	482
845	528
845	550
845	644
845	673
845	710
845	846
845	867
845	883
845	893
845	897
846	321
846	897
867	321
867	897
883	321
883	897
893	321
893	897
897	96
897	120
897	216
897	255
897	264
897	281
897	311
897	321
897	437
897	449
897	476
897	482
897	528
897	550
897	644
897	673
897	710
70	156
70	240
70	428
70	633
70	691
70	720
70	788
70	896
70	918
156	183
156	272
156	466
156	633
156	691
156	720
156	788
156	896
156	918
156	1000
240	172
240	230
240	332
240	633
240	691
240	896
240	1000
428	172
428	274
428	332
428	633
428	691
428	896
428	1000
633	172
633	183
633	230
633	232
633	272
633	274
633	332
633	414
633	466
633	691
633	720
633	788
633	896
633	918
633	1000
691	172
691	183
691	230
691	232
691	272
691	274
691	332
691	414
691	466
691	720
691	788
691	896
691	918
691	1000
720	172
720	230
720	274
720	332
720	896
720	1000
788	172
788	230
788	274
788	332
788	896
788	1000
896	172
896	183
896	230
896	232
896	272
896	274
896	332
896	414
896	466
896	918
896	1000
918	172
918	230
918	274
918	332
918	1000
1000	113
1000	172
1000	183
1000	230
1000	232
1000	272
1000	274
1000	332
1000	414
1000	466
76	426
76	769
426	238
426	429
611	82
611	212
611	238
611	329
611	748
769	152
769	238
769	329
769	429
77	201
77	224
77	246
77	443
201	79
201	85
201	364
201	435
201	443
201	447
201	548
201	588
201	738
201	966
224	79
224	85
224	186
224	246
246	138
246	140
435	138
435	140
435	186
443	138
443	140
443	186
447	79
447	138
447	140
447	186
548	138
548	140
548	186
588	138
588	140
588	186
738	138
738	140
738	186
966	138
966	140
966	186
78	515
78	564
78	571
78	670
78	671
78	698
78	717
78	767
78	914
78	952
515	192
515	291
515	571
515	914
564	192
564	571
564	914
571	122
571	137
571	139
571	141
571	154
571	291
571	308
571	563
571	670
571	671
571	698
571	717
571	767
571	914
571	952
670	192
670	914
671	192
671	914
698	192
698	914
717	192
717	914
767	192
767	914
914	122
914	137
914	139
914	141
914	154
914	192
914	291
914	308
914	563
914	952
952	192
79	364
364	85
364	138
364	140
364	186
81	395
81	616
81	811
81	926
395	110
395	189
395	303
395	345
395	423
395	456
395	493
395	578
395	616
395	724
395	811
395	926
395	968
423	110
423	303
423	616
423	811
423	926
456	110
456	303
456	616
456	811
456	926
493	110
493	303
493	616
493	811
493	926
578	110
578	303
578	616
578	811
578	926
616	110
616	189
616	303
616	345
616	724
616	811
616	926
616	968
724	110
724	303
724	811
724	926
811	110
811	189
811	303
811	345
811	926
811	968
926	110
926	189
926	303
926	345
926	968
968	110
968	303
82	429
429	152
429	313
429	467
429	495
429	715
429	748
433	453
433	467
433	748
748	103
748	152
748	329
748	715
83	128
83	501
83	817
128	459
501	87
501	817
817	87
817	185
817	524
85	140
140	138
89	719
89	809
89	910
719	145
719	157
719	158
719	190
719	265
719	362
719	376
719	582
719	668
719	679
719	727
719	752
719	763
719	910
809	258
809	362
809	367
809	446
809	582
809	668
809	679
809	747
809	752
809	763
809	910
910	145
910	158
910	173
910	190
910	208
910	243
910	265
910	361
910	367
910	376
910	417
910	446
910	668
910	679
910	727
910	747
910	752
910	763
92	468
468	339
468	407
468	412
702	286
702	404
96	673
673	550
97	184
98	259
98	355
101	480
101	544
101	575
101	640
101	730
101	757
101	801
101	840
101	909
101	930
480	123
480	231
480	279
544	123
544	231
575	231
640	231
730	231
757	231
801	231
840	231
909	231
930	231
103	453
453	235
453	329
453	715
715	212
715	329
715	467
105	445
105	486
105	534
105	863
105	884
430	445
430	486
430	534
430	863
430	884
445	210
445	213
445	296
445	374
445	486
445	534
445	661
445	827
445	863
445	876
445	884
445	922
486	210
486	213
486	296
486	374
486	534
486	661
486	827
486	863
486	876
486	884
486	922
534	210
534	213
534	296
534	374
534	661
534	827
534	876
534	884
534	922
661	863
661	884
827	863
827	884
863	210
863	213
863	296
863	374
863	876
863	884
863	922
876	884
884	210
884	213
884	296
884	374
884	922
458	193
458	200
110	345
345	303
112	561
112	678
112	796
112	822
119	561
119	678
119	796
119	822
436	214
436	561
436	678
436	796
436	822
522	214
522	561
522	678
522	796
522	822
561	176
561	207
561	214
561	250
561	294
561	598
561	642
561	678
561	701
561	796
561	822
561	982
598	214
598	678
598	796
598	822
642	214
642	678
642	796
642	822
678	176
678	207
678	214
678	250
678	294
678	701
678	796
678	822
678	982
701	214
701	796
701	822
796	176
796	207
796	214
796	250
796	294
796	822
796	982
822	176
822	207
822	214
822	250
822	294
822	982
982	214
114	692
114	699
114	793
114	798
624	225
624	692
624	699
624	793
624	798
692	116
692	131
692	148
692	225
692	297
692	557
692	699
692	740
692	744
692	798
692	815
692	820
692	844
692	852
699	116
699	131
699	148
699	225
699	297
699	557
699	740
699	744
699	793
699	815
699	820
699	844
699	852
740	225
740	793
740	798
744	225
744	793
744	798
793	116
793	131
793	148
793	225
793	297
793	557
793	798
793	815
793	820
793	844
793	852
798	116
798	131
798	148
798	225
798	297
798	557
798	815
798	820
798	844
798	852
815	225
820	225
844	225
852	225
115	357
115	410
115	488
115	764
115	975
357	164
357	226
357	309
357	410
357	488
357	516
357	604
357	608
357	739
357	764
357	833
357	971
357	975
410	164
410	226
410	309
410	488
410	516
410	604
410	608
410	739
410	764
410	833
410	971
410	975
488	164
488	226
488	309
488	516
488	604
488	608
488	739
488	833
488	971
488	975
516	764
516	975
604	764
604	975
608	764
608	975
739	764
739	975
764	164
764	226
764	309
764	833
764	971
764	975
833	975
971	975
975	164
975	226
975	309
816	352
816	408
816	450
816	511
120	255
120	437
120	644
437	476
437	644
563	192
123	454
454	231
454	279
454	337
126	144
126	580
144	161
144	366
144	580
144	672
672	161
385	151
385	404
385	448
459	524
459	728
135	143
135	161
135	203
135	384
143	203
203	170
384	366
136	770
770	205
770	352
770	450
770	511
138	186
139	154
366	170
366	380
145	752
752	157
752	158
752	190
752	208
752	265
752	446
752	668
752	679
752	747
752	763
151	728
728	185
728	198
728	448
152	495
342	235
342	467
183	274
272	230
466	230
466	274
466	332
157	747
747	190
747	243
747	258
747	362
747	367
747	417
747	668
747	679
747	727
158	763
763	173
763	367
763	446
763	582
763	668
763	679
165	301
165	680
301	680
680	766
170	380
380	322
172	232
172	414
414	230
414	332
173	361
173	679
361	258
679	208
679	265
679	362
679	582
679	727
176	250
294	214
178	654
179	197
179	413
179	460
197	377
197	413
413	209
413	249
413	377
413	460
460	209
460	249
460	377
274	332
190	376
376	446
376	582
376	727
192	308
195	745
745	290
745	313
745	511
377	209
377	249
198	524
524	404
207	214
208	727
727	258
727	362
727	417
727	582
211	326
326	251
216	311
311	528
311	550
476	482
221	766
221	859
221	961
766	859
766	961
859	961
225	557
230	332
231	358
358	279
358	337
237	304
237	351
237	416
304	298
304	351
304	416
304	519
351	273
351	416
351	469
351	519
416	469
416	519
258	362
362	668
264	321
264	550
321	482
321	550
321	710
710	528
265	668
668	417
668	446
267	344
474	336
273	469
273	519
469	298
469	519
519	298
286	404
818	313
818	352
818	408
818	450
818	511
528	449
313	689
689	450
689	511
339	412
343	556
343	569
569	405
405	513
513	461
408	590
424	555
#End Disappearing Edges

*Newborn Edges
1	391
1	547
1	561
391	561
547	49
547	561
561	22
561	125
561	159
561	193
561	236
561	266
561	421
561	577
561	585
561	597
561	723
561	750
561	858
561	956
561	986
577	193
597	193
723	193
750	193
858	193
956	193
956	982
986	193
3	672
3	896
229	133
229	143
229	203
229	688
229	896
621	135
621	366
621	380
621	384
621	410
621	688
621	896
672	65
672	124
672	135
672	410
672	896
688	124
688	170
688	322
688	384
688	410
688	896
729	161
729	203
729	410
729	580
729	896
737	124
737	135
737	239
737	410
737	896
814	124
814	410
814	896
828	124
828	410
828	896
896	65
896	124
896	126
896	133
896	135
896	143
896	161
896	170
896	203
896	239
896	322
896	366
896	380
896	384
896	410
896	580
896	684
896	970
970	124
970	410
4	110
4	309
4	418
4	516
4	604
4	608
4	739
4	833
4	967
4	971
110	226
110	309
110	418
110	516
110	604
110	608
110	739
110	833
110	967
110	971
309	115
309	164
309	418
309	967
418	115
418	164
418	226
418	516
418	604
418	608
418	739
418	833
418	967
418	971
516	967
604	967
608	967
739	967
833	967
967	115
967	164
967	226
967	971
5	458
5	929
458	36
458	38
458	929
635	929
647	929
657	929
709	929
725	929
742	929
778	929
912	929
929	36
929	38
929	68
929	109
929	127
929	233
11	770
11	818
770	118
770	290
770	442
770	555
770	704
770	761
818	113
818	118
818	134
818	136
818	205
818	704
824	104
824	113
824	134
824	136
824	195
824	424
824	704
927	113
927	134
927	704
941	113
941	134
941	704
960	113
960	134
960	704
969	113
969	134
969	704
977	113
977	134
977	704
980	113
980	134
980	704
984	113
984	134
984	704
12	755
755	32
755	33
755	178
755	321
755	343
755	405
755	461
755	513
755	556
755	569
755	649
755	654
755	714
755	768
755	787
755	794
755	805
755	836
755	850
755	873
755	878
755	890
768	321
768	714
787	321
787	714
794	321
794	714
805	321
805	714
836	321
836	714
850	321
850	714
873	321
873	714
878	321
878	714
890	321
890	714
15	433
15	732
15	748
142	212
142	453
142	748
142	806
433	316
433	335
433	426
433	506
433	611
433	769
732	31
732	76
732	225
732	247
732	316
732	335
732	426
732	495
732	616
732	748
748	94
748	316
748	470
748	506
748	531
748	616
841	82
841	212
841	225
841	235
841	335
841	452
841	467
841	616
841	769
841	806
854	152
854	212
854	225
854	235
854	247
854	335
854	452
854	616
870	225
870	386
870	452
870	509
870	616
907	225
907	335
907	342
907	452
907	616
953	225
953	335
953	452
953	616
955	225
955	335
955	452
955	616
16	583
16	746
16	817
16	822
583	286
583	524
583	567
583	587
583	667
583	822
583	913
746	83
746	128
746	448
746	567
746	822
746	848
746	913
773	28
773	286
773	567
773	573
773	817
773	822
773	913
817	28
817	56
817	567
817	913
822	28
822	56
822	83
822	93
822	151
822	185
822	404
822	448
822	492
822	524
822	545
822	573
822	587
822	602
822	667
822	728
822	799
822	848
822	913
822	924
822	932
822	939
822	948
822	959
924	567
924	913
932	567
932	913
939	567
939	913
948	567
948	913
959	567
959	913
20	138
20	407
20	412
20	517
138	202
138	407
138	412
138	498
138	517
138	570
138	731
138	751
138	853
138	864
407	92
407	202
412	92
412	202
498	92
517	92
22	585
421	193
421	236
585	193
24	446
24	450
24	540
24	679
24	713
24	716
24	796
24	901
24	961
446	101
446	145
446	206
446	215
446	332
446	450
446	540
446	713
446	716
446	796
446	901
446	961
446	965
450	101
450	145
450	206
450	215
450	332
450	540
450	679
450	713
450	716
450	796
450	961
450	965
540	101
540	145
540	153
540	206
540	215
540	332
540	679
540	713
540	716
540	796
540	901
540	961
540	965
679	101
679	145
679	153
679	206
679	215
679	332
679	713
679	716
679	796
679	901
679	961
679	965
713	101
713	145
713	153
713	206
713	215
713	332
713	716
713	796
713	901
713	961
713	965
716	101
716	145
716	153
716	206
716	215
716	332
716	796
716	901
716	961
716	965
796	101
796	145
796	153
796	206
796	215
796	332
796	901
796	961
796	965
901	101
901	145
901	153
901	206
901	215
901	332
901	961
901	965
961	101
961	145
961	153
961	206
961	215
961	332
961	965
965	101
965	145
965	153
965	206
965	215
965	332
25	39
25	413
25	692
25	727
25	793
25	811
25	884
25	925
25	997
25	1000
39	406
39	692
39	727
39	793
39	811
39	884
39	925
39	997
39	1000
413	70
413	75
413	144
413	186
413	406
413	692
413	727
413	793
413	811
413	884
413	925
413	997
413	1000
692	40
692	70
692	75
692	144
692	186
692	406
692	727
692	811
692	884
692	925
692	997
692	1000
727	40
727	70
727	75
727	144
727	186
727	406
727	793
727	811
727	884
727	925
727	997
727	1000
793	40
793	70
793	75
793	144
793	186
793	406
793	811
793	884
793	925
793	997
793	1000
811	40
811	70
811	75
811	144
811	186
811	406
811	884
811	925
811	997
811	1000
884	40
884	70
884	75
884	144
884	186
884	406
884	925
884	997
884	1000
925	40
925	70
925	75
925	144
925	186
925	406
925	997
925	1000
997	40
997	70
997	75
997	144
997	186
997	406
997	1000
1000	40
1000	66
1000	75
1000	144
1000	186
1000	406
26	594
26	638
594	54
594	67
594	146
594	155
594	283
594	325
594	365
594	382
594	560
594	607
594	610
594	638
594	693
594	785
594	808
594	838
594	885
594	888
607	67
607	638
610	54
610	155
610	638
638	54
638	67
638	146
638	155
638	283
638	325
638	365
638	382
638	560
638	693
638	785
638	808
638	838
638	885
638	888
27	62
27	284
27	368
27	633
27	933
62	284
62	368
62	633
62	933
284	295
284	341
284	368
284	592
284	633
284	636
284	711
284	933
295	368
295	633
295	933
341	368
341	633
341	933
368	592
368	633
368	636
368	711
368	933
592	633
592	933
633	636
633	711
633	933
636	933
711	933
933	622
28	448
28	913
448	459
448	524
448	567
913	56
913	57
913	83
913	87
913	93
913	128
913	151
913	198
913	262
913	286
913	385
913	404
913	459
913	492
913	501
913	524
913	545
913	567
913	573
913	587
913	602
913	667
913	702
913	728
913	799
31	335
31	453
31	467
31	611
335	316
335	467
335	470
335	506
335	769
453	342
453	467
453	470
453	506
467	386
467	452
467	611
467	616
611	152
611	506
611	531
611	616
37	344
37	399
37	474
344	306
344	336
344	352
399	267
399	280
399	352
474	156
474	267
474	352
536	156
536	201
536	280
536	352
543	156
543	201
543	306
543	352
687	156
687	201
687	352
783	156
783	201
783	352
886	156
886	201
886	352
889	156
889	201
889	352
987	156
987	201
987	352
406	40
406	70
406	144
406	186
40	75
42	395
42	897
395	897
44	478
44	534
44	622
44	627
44	674
44	721
44	863
44	900
44	949
44	998
478	214
478	318
478	319
478	370
478	372
478	457
478	534
478	622
478	627
478	674
478	721
478	863
478	900
478	949
478	998
534	214
534	318
534	319
534	370
534	372
534	457
534	622
534	627
534	674
534	721
534	900
534	949
534	998
622	214
622	318
622	319
622	370
622	372
622	457
622	627
622	674
622	721
622	863
622	900
622	949
622	998
627	214
627	318
627	319
627	370
627	372
627	457
627	674
627	721
627	863
627	900
627	949
627	998
674	214
674	318
674	319
674	370
674	372
674	457
674	721
674	863
674	900
674	949
674	998
721	214
721	318
721	319
721	370
721	372
721	457
721	863
721	900
721	949
721	998
863	214
863	318
863	319
863	370
863	372
863	457
863	900
863	949
863	998
900	214
900	318
900	319
900	370
900	372
900	457
900	949
900	998
949	214
949	318
949	319
949	370
949	372
949	457
949	998
998	214
998	318
998	319
998	370
998	372
998	457
46	303
46	438
46	508
46	532
46	562
46	628
46	697
46	882
46	928
46	983
303	270
303	274
303	438
303	455
303	508
303	532
303	562
303	628
303	697
303	882
303	928
303	983
438	47
438	200
438	270
438	274
438	455
438	508
438	532
438	562
438	628
438	697
438	882
438	928
438	983
508	47
508	53
508	200
508	270
508	274
508	455
508	532
508	562
508	697
508	882
508	928
508	983
532	47
532	53
532	200
532	270
532	274
532	455
532	562
532	628
532	697
532	882
532	928
532	983
562	47
562	53
562	200
562	270
562	274
562	455
562	628
562	697
562	882
562	928
562	983
628	47
628	53
628	200
628	270
628	274
628	455
628	697
628	882
628	928
628	983
697	47
697	53
697	200
697	270
697	274
697	455
697	882
697	928
697	983
882	47
882	53
882	200
882	270
882	274
882	455
882	928
882	983
928	47
928	53
928	200
928	270
928	274
928	455
928	983
983	47
983	53
983	200
983	270
983	274
983	455
47	455
455	53
455	200
455	270
455	274
48	563
48	564
48	670
48	671
48	698
48	717
48	767
48	845
48	952
563	238
563	845
564	122
564	238
564	845
670	238
670	845
671	238
671	845
698	238
698	845
717	238
717	845
767	238
767	845
845	122
845	137
845	139
845	141
845	154
845	238
845	291
845	308
845	515
845	952
952	238
50	703
50	766
634	132
634	766
694	99
694	766
703	766
726	766
766	90
766	99
766	132
766	219
766	278
766	315
766	373
766	397
766	538
766	584
766	619
766	631
766	786
766	832
766	857
766	880
766	979
51	183
51	232
51	240
51	272
51	414
51	428
51	466
51	720
51	788
51	918
183	240
183	272
183	428
183	466
232	240
232	272
240	272
240	414
240	466
414	428
52	259
52	307
52	326
52	432
52	523
52	612
52	614
52	651
52	678
52	718
259	326
259	678
307	326
307	678
326	150
326	338
326	355
326	432
326	523
326	612
326	614
326	651
326	678
326	718
432	78
432	678
523	78
523	678
612	78
612	678
614	78
614	678
651	78
651	678
678	78
678	150
678	338
678	355
678	718
718	78
53	200
799	198
799	501
799	545
799	567
848	87
848	151
848	262
57	524
57	545
57	728
524	492
524	501
524	602
545	198
545	587
545	667
728	87
728	286
728	404
728	587
728	667
59	317
59	329
59	804
289	329
289	330
289	804
317	329
317	804
329	86
329	147
329	188
329	330
329	520
329	572
329	804
329	862
329	875
329	898
330	86
330	804
520	804
572	804
804	86
804	147
804	188
804	862
804	875
804	898
64	603
64	615
64	975
603	975
615	975
695	975
781	975
791	975
915	975
975	275
975	305
975	444
975	477
975	549
975	985
975	988
975	990
65	203
65	410
410	135
410	380
410	580
410	684
684	124
684	133
684	161
684	239
684	366
66	69
66	230
66	813
66	859
69	230
69	813
69	859
230	813
230	859
813	859
73	220
73	241
73	333
73	429
73	656
73	691
73	834
73	866
73	894
73	964
220	140
220	231
220	241
220	356
220	429
220	656
220	691
220	834
220	866
220	894
220	964
241	181
241	231
241	333
241	356
241	656
241	691
241	834
241	866
241	894
241	964
333	181
333	192
333	231
333	356
333	429
333	656
333	691
333	834
333	866
333	894
333	964
429	140
429	181
429	192
429	231
429	356
429	423
429	656
429	691
429	834
429	866
429	894
429	964
656	140
656	181
656	192
656	231
656	356
656	691
656	834
656	866
656	894
656	964
691	140
691	181
691	192
691	231
691	356
691	834
691	866
691	894
691	964
834	140
834	181
834	192
834	231
834	356
834	866
834	894
834	964
866	140
866	181
866	192
866	231
866	356
866	894
866	964
894	140
894	181
894	192
894	231
894	356
894	964
964	140
964	181
964	192
964	231
964	356
76	386
76	470
76	616
76	806
386	316
386	495
386	531
386	715
470	94
470	152
470	342
616	82
616	212
616	426
616	509
616	531
616	715
616	769
616	806
806	94
806	506
806	769
77	364
77	475
77	789
77	797
364	224
364	357
364	475
364	789
364	797
435	357
435	475
435	789
435	797
447	357
447	443
447	475
447	789
447	797
475	79
475	85
475	224
475	246
475	357
475	443
475	548
475	588
475	738
475	789
475	797
475	966
548	357
548	789
548	797
588	357
588	789
588	797
738	357
738	789
738	797
789	79
789	85
789	224
789	246
789	357
789	443
789	797
789	966
797	79
797	85
797	224
797	246
797	357
797	443
797	966
966	357
78	338
78	355
443	357
81	345
81	869
81	892
81	914
345	221
345	869
345	892
345	914
423	221
423	869
423	892
423	914
456	221
456	869
456	892
456	914
493	221
493	869
493	892
493	914
578	221
578	869
578	892
578	914
724	221
724	869
724	892
724	914
869	189
869	221
869	892
869	914
869	968
892	189
892	221
892	914
892	968
914	189
914	221
914	968
968	221
82	94
82	531
94	452
531	225
531	426
531	452
85	357
357	224
357	246
87	602
87	702
602	501
602	573
602	667
702	185
702	492
702	567
702	573
90	631
92	202
93	385
93	501
385	667
501	459
452	103
452	225
452	235
452	342
452	506
452	769
96	571
96	620
96	644
96	710
571	120
571	281
571	313
571	437
571	449
571	482
571	620
571	644
571	673
571	696
571	710
571	779
571	800
571	846
571	867
571	883
571	893
620	311
620	313
620	476
620	550
644	311
644	313
710	120
710	255
779	313
779	437
800	313
846	313
867	313
883	313
893	313
98	640
98	705
98	730
98	757
98	801
98	840
98	909
98	930
98	935
98	938
640	705
640	935
640	938
705	123
705	279
705	337
705	358
705	454
705	480
705	544
705	575
705	730
705	757
705	801
705	840
705	909
705	930
705	935
705	938
730	935
730	938
757	935
757	938
801	935
801	938
840	935
840	938
909	935
909	938
930	935
930	938
935	123
935	279
935	337
935	358
935	454
935	480
935	544
935	575
935	938
938	123
938	279
938	337
938	358
938	454
938	480
938	544
938	575
619	219
619	278
103	495
103	506
103	769
495	509
495	715
495	769
509	152
509	225
509	247
509	715
715	152
715	235
715	342
769	235
769	316
104	745
104	761
745	113
745	205
745	425
745	512
745	704
761	195
761	290
761	363
761	689
761	704
105	213
105	296
105	374
105	468
105	500
213	210
213	234
213	468
213	500
296	210
296	234
296	468
296	500
374	234
374	468
374	500
430	234
430	468
430	500
468	210
468	234
468	500
468	661
468	827
468	876
468	922
500	210
500	234
500	661
500	827
500	876
500	922
661	234
827	234
876	234
922	234
109	233
233	127
226	115
226	164
112	250
112	294
112	488
112	764
119	294
119	339
119	488
119	764
250	207
250	339
250	488
250	764
294	339
294	488
294	764
436	176
436	339
436	488
436	764
488	176
488	207
488	339
488	522
488	598
488	642
488	701
488	982
522	339
522	764
598	339
598	764
642	339
642	764
701	339
701	764
764	176
764	207
764	339
764	982
982	339
113	816
816	134
816	136
816	195
816	205
816	704
114	116
114	131
114	557
114	646
116	297
116	557
116	646
131	297
131	557
131	646
557	148
557	172
557	646
624	172
624	646
646	148
646	172
646	297
646	740
646	744
646	815
646	820
646	844
646	852
740	172
744	172
815	172
820	172
844	172
852	172
115	164
297	148
297	172
118	704
704	290
704	363
704	424
704	425
704	512
704	555
704	590
704	689
339	176
339	207
120	550
120	673
120	696
550	281
550	313
550	476
550	482
673	264
673	311
673	528
696	216
696	313
696	437
696	449
122	515
291	141
291	154
515	139
515	154
515	238
124	380
124	384
124	580
380	143
380	239
580	143
580	170
125	159
126	170
126	366
170	135
366	133
366	161
366	239
366	322
128	262
262	404
667	151
667	567
133	322
134	689
689	363
689	424
135	239
239	161
137	308
308	238
139	238
140	181
140	192
140	356
181	356
192	231
192	356
356	231
212	342
144	186
145	153
153	215
153	332
560	365
147	188
148	172
151	573
573	185
573	492
573	567
215	332
332	206
156	201
156	336
156	352
201	269
201	336
201	352
336	267
336	352
176	207
178	714
714	321
714	343
714	405
714	461
714	513
714	556
714	569
714	649
714	654
185	567
567	459
567	587
189	221
193	266
269	267
269	280
210	234
211	699
211	700
211	747
211	798
211	821
451	699
451	700
451	747
451	798
451	821
464	699
464	700
464	747
464	798
464	821
473	699
473	700
473	747
473	798
473	821
699	251
699	379
699	700
699	722
699	734
699	747
699	821
699	837
700	251
700	379
700	722
700	734
700	747
700	798
700	821
700	837
722	747
722	798
722	821
734	747
734	798
734	821
747	251
747	379
747	798
747	821
747	837
798	251
798	379
798	821
798	837
821	251
821	379
821	837
214	457
457	318
457	319
457	370
457	372
216	482
216	528
476	313
476	528
482	449
528	255
528	264
528	313
225	247
225	316
255	449
404	492
404	587
264	311
264	437
311	437
306	280
270	274
275	477
275	549
477	305
283	365
283	382
365	325
382	325
305	444
315	584
318	370
318	372
370	319
370	372
372	319
321	649
321	654
373	538
538	397
442	590
#End Newborn Edges

*Degree Changed Nodes
500	16	12
532	17	16
956	19	20
627	20	16
869	32	12
933	40	11
635	19	16
647	19	16
657	19	16
709	19	16
725	19	16
742	19	16
778	19	16
912	19	16
628	20	16
901	35	16
927	35	30
941	35	30
960	35	30
969	35	30
977	35	30
980	35	30
984	35	30
649	21	19
768	21	23
787	21	23
794	21	23
805	21	23
836	21	23
850	21	23
873	21	23
878	21	23
890	21	23
813	18	4
142	11	10
924	37	38
932	37	39
939	37	40
948	37	40
959	37	40
498	16	12
570	18	12
704	18	22
714	18	20
731	18	12
751	18	12
853	18	12
864	18	12
965	18	16
517	16	12
560	18	16
693	21	19
785	21	19
808	21	19
838	21	19
885	21	19
888	21	19
295	12	10
319	12	13
333	12	13
341	12	10
567	12	18
592	12	10
636	12	10
711	12	10
562	17	16
967	17	13
789	18	16
900	18	16
42	9	2
181	9	11
234	9	11
284	9	10
418	9	13
475	9	16
646	9	14
755	9	23
804	9	13
929	9	16
695	18	15
700	18	13
781	18	15
791	18	15
797	18	16
915	18	15
985	18	15
988	18	15
990	19	15
368	13	10
379	13	12
892	13	12
913	13	36
48	10	9
49	10	9
726	23	22
786	23	22
821	23	13
832	23	22
857	23	22
880	23	22
979	23	22
622	14	17
894	14	15
638	20	19
54	9	10
583	17	18
520	15	13
572	15	13
862	15	13
875	15	13
898	15	13
928	15	16
66	10	5
68	10	9
69	10	4
779	26	25
800	27	25
845	27	18
846	27	25
867	28	25
883	27	25
893	27	25
897	27	2
240	12	10
428	15	10
633	19	10
691	19	15
720	19	10
788	19	10
896	19	27
918	19	10
1000	20	17
78	10	9
670	19	18
671	19	18
698	19	18
717	19	18
767	19	18
914	19	12
952	19	18
79	10	9
395	14	2
423	14	13
456	14	12
493	14	12
578	14	12
616	14	19
724	14	12
811	14	16
968	14	12
83	10	9
468	15	12
619	18	19
480	16	15
575	16	17
640	16	18
730	16	18
757	16	18
801	16	18
840	16	18
909	16	18
930	16	18
103	9	10
104	9	10
430	14	12
534	14	16
661	14	12
827	14	12
863	14	16
876	14	12
884	14	16
922	14	12
345	13	12
436	15	14
522	16	14
561	16	18
598	16	14
642	16	14
678	16	14
701	16	14
822	16	28
982	16	15
113	10	11
624	17	14
692	17	16
699	17	13
740	17	14
744	17	14
793	17	16
798	17	13
815	17	14
820	17	14
844	17	14
852	17	14
516	14	13
604	14	13
608	14	13
739	14	13
833	14	13
971	14	13
975	14	15
122	10	11
454	15	14
125	10	11
186	10	11
183	11	10
272	12	10
466	15	10
747	24	13
232	12	10
414	14	10
679	21	16
654	17	19
274	11	12
214	12	11
727	23	16
374	13	12
326	12	13
311	13	12
221	3	11
766	4	22
859	3	4
961	3	16
557	13	14
309	12	13
230	12	4
233	11	12
251	11	12
603	16	15
615	16	15
280	11	12
297	12	13
303	11	13
549	15	14
337	12	13
412	14	12
556	16	17
407	13	12
590	19	18
555	17	16
444	14	13
461	14	15
538	14	15
