*Disappearing Nodes
547
925
814
4
115
226
309
702
833
953
967
635
11
739
770
927
941
960
969
977
980
984
791
811
140
421
627
636
64
549
603
615
695
713
781
915
985
990
500
357
96
620
673
696
710
779
800
846
867
883
893
480
104
818
824
112
113
118
590
745
120
528
644
133
136
284
156
418
536
543
562
687
889
391
195
201
280
271
205
216
241
255
311
437
262
264
550
269
336
344
281
290
313
363
424
425
555
442
#End Disappearing Nodes

*Newborn Nodes
9
288
495
600
877
904
13
417
467
566
825
930
29
386
392
664
946
312
387
558
623
668
995
81
532
606
658
831
160
172
177
422
374
#End Newborn Nodes

*Disappearing Edges
1	547
1	585
1	925
513	236
513	266
513	391
513	547
513	585
513	925
547	49
547	125
547	159
547	193
547	236
547	266
547	391
547	577
547	585
547	597
547	838
547	858
547	925
547	956
547	986
577	236
577	266
577	391
577	585
577	925
585	49
585	125
585	159
585	193
585	236
585	266
585	391
585	597
585	838
585	858
585	925
585	956
585	986
597	236
597	266
597	391
597	925
838	236
838	266
838	391
838	925
858	236
858	266
858	391
858	925
925	49
925	125
925	159
925	193
925	236
925	266
925	391
925	956
925	986
956	236
956	266
956	391
986	236
986	266
986	391
986	998
3	729
3	814
492	135
492	161
492	239
492	410
492	729
492	814
580	170
580	380
580	729
580	814
684	380
684	414
684	688
684	729
684	814
688	229
688	380
688	414
688	729
688	814
729	65
729	135
729	161
729	170
729	239
729	289
729	366
729	380
729	384
729	410
729	621
729	672
729	737
729	814
729	828
729	896
729	970
737	135
737	380
737	414
737	814
814	65
814	135
814	143
814	161
814	170
814	229
814	239
814	289
814	322
814	366
814	380
814	384
814	410
814	414
814	621
814	672
814	828
814	896
814	970
828	135
828	380
828	414
896	135
896	380
896	414
970	135
970	380
970	414
4	115
4	226
4	309
4	604
4	608
4	702
4	833
4	953
4	967
115	226
115	309
115	604
115	608
115	702
115	833
115	953
115	967
226	221
226	309
226	604
226	608
226	702
226	833
226	953
226	967
309	604
309	608
309	702
309	833
309	953
309	967
604	608
604	702
604	833
604	953
604	967
608	702
608	833
608	953
608	967
702	833
702	953
702	967
833	953
833	967
953	967
5	544
5	635
5	912
544	38
544	68
544	109
544	127
544	233
544	450
544	635
544	647
544	657
544	671
544	709
544	725
544	742
544	778
544	912
635	38
635	68
635	109
635	127
635	233
635	450
635	647
635	657
635	671
635	709
635	725
635	742
635	778
635	912
647	38
647	912
657	38
657	912
671	38
671	912
709	38
709	912
725	38
725	912
742	38
742	912
778	38
778	488
778	912
912	38
912	68
912	109
912	127
912	233
912	450
11	739
11	761
11	770
11	927
11	941
11	960
11	969
11	977
11	980
11	984
739	136
739	195
739	241
739	290
739	363
739	424
739	425
739	442
739	512
739	590
739	704
739	745
739	761
739	770
739	818
739	824
739	927
739	941
739	960
739	969
739	977
739	980
739	984
761	113
761	136
761	195
761	241
761	363
761	424
761	425
761	442
761	555
761	590
761	704
761	745
761	770
761	818
761	824
761	927
761	941
761	960
761	969
761	977
761	980
761	984
770	104
770	113
770	241
770	290
770	363
770	424
770	425
770	442
770	512
770	555
770	590
770	704
770	745
770	818
770	824
770	927
770	941
770	960
770	969
770	977
770	980
770	984
927	104
927	113
927	118
927	134
927	136
927	195
927	205
927	241
927	290
927	363
927	424
927	425
927	442
927	512
927	555
927	590
927	704
927	745
927	818
927	824
927	941
927	960
927	969
927	977
927	980
927	984
941	104
941	113
941	118
941	134
941	136
941	195
941	205
941	241
941	290
941	363
941	424
941	425
941	442
941	512
941	555
941	590
941	704
941	745
941	818
941	824
941	960
941	969
941	977
941	980
941	984
960	104
960	113
960	118
960	134
960	136
960	195
960	205
960	241
960	290
960	363
960	424
960	425
960	442
960	512
960	555
960	590
960	704
960	745
960	818
960	824
960	969
960	977
960	980
960	984
969	104
969	113
969	118
969	134
969	136
969	195
969	205
969	241
969	290
969	363
969	424
969	425
969	442
969	512
969	555
969	590
969	704
969	745
969	818
969	824
969	977
969	980
969	984
977	104
977	113
977	118
977	134
977	136
977	195
977	205
977	241
977	290
977	363
977	424
977	425
977	442
977	512
977	555
977	590
977	704
977	745
977	818
977	824
977	980
977	984
980	104
980	113
980	118
980	134
980	136
980	195
980	205
980	241
980	290
980	363
980	424
980	425
980	442
980	512
980	555
980	590
980	704
980	745
980	818
980	824
980	984
984	104
984	113
984	118
984	134
984	136
984	195
984	205
984	241
984	290
984	363
984	424
984	425
984	442
984	512
984	555
984	590
984	704
984	745
984	818
984	824
16	56
16	646
16	667
56	459
56	583
56	587
56	773
646	57
646	93
646	185
646	262
646	524
646	573
667	286
667	404
667	459
667	501
667	746
817	87
817	185
817	262
817	404
817	468
817	587
848	28
848	83
848	185
848	262
848	587
924	185
924	262
924	587
929	185
929	262
929	587
939	185
939	262
939	587
948	185
948	262
948	587
959	185
959	262
959	587
20	138
20	306
20	791
20	853
20	864
138	202
138	306
138	407
138	412
138	517
138	570
138	731
138	791
138	853
138	864
306	202
306	407
306	412
306	517
306	570
306	731
306	791
306	853
306	864
407	791
407	853
407	864
412	791
412	853
412	864
517	791
517	853
517	864
570	791
570	853
570	864
731	791
731	853
731	864
791	202
791	853
791	864
853	202
853	864
864	202
24	33
24	42
24	211
24	866
24	897
24	971
33	42
33	211
33	866
33	897
42	211
42	897
42	971
211	866
211	897
211	971
866	897
866	971
897	971
25	692
25	727
25	811
498	692
498	727
498	811
638	692
638	727
638	811
692	39
692	75
692	126
692	406
692	413
692	458
692	727
692	755
692	793
692	811
692	884
692	997
692	1000
727	39
727	75
727	126
727	406
727	413
727	458
727	755
727	793
727	811
727	884
727	997
727	1000
755	811
793	811
811	39
811	75
811	126
811	406
811	413
811	458
811	884
811	997
811	1000
26	325
26	607
325	37
325	230
325	607
365	54
365	230
365	607
428	37
428	230
428	607
474	37
474	230
474	607
594	37
594	230
594	607
607	37
607	54
607	67
607	146
607	283
607	785
607	808
607	885
607	888
785	37
785	230
808	37
808	230
885	37
885	230
888	37
888	230
27	188
27	317
27	330
27	506
27	862
188	210
188	317
188	330
188	506
188	862
221	210
221	317
221	330
221	506
221	862
317	210
317	330
317	506
317	520
317	572
317	804
317	862
317	898
330	210
330	506
330	520
330	572
330	804
330	862
330	898
506	210
506	520
506	572
506	804
506	862
506	898
520	210
520	862
572	210
572	862
804	210
804	862
862	210
862	898
898	210
28	587
28	746
28	773
587	385
587	404
587	448
587	501
587	545
587	573
587	693
587	746
587	799
693	185
693	404
693	459
693	524
693	583
693	799
746	262
746	286
746	448
746	459
746	524
773	57
773	151
773	185
773	198
773	262
773	286
773	583
36	140
36	220
36	836
36	894
140	73
140	181
140	333
140	356
140	429
140	560
140	834
140	836
140	894
140	964
220	333
220	356
220	836
220	894
333	69
333	836
333	894
356	836
356	894
429	836
429	894
560	836
560	894
834	836
834	894
836	69
836	73
836	181
836	192
836	894
836	964
894	69
894	73
894	181
894	192
894	964
37	146
146	283
40	719
40	816
449	133
449	719
449	816
643	133
643	719
643	816
655	133
655	719
655	816
719	133
719	190
719	231
719	250
719	411
719	813
719	816
719	826
719	917
719	932
719	974
813	133
813	816
816	133
816	190
816	231
816	250
816	411
816	826
816	917
816	932
816	974
826	133
917	133
932	133
974	133
43	213
43	218
43	228
43	324
43	633
43	716
43	747
43	758
43	860
43	875
213	142
213	218
213	271
213	324
213	327
213	633
213	716
213	747
213	758
213	860
213	875
218	203
218	271
218	284
218	633
228	203
228	271
228	284
228	327
228	633
324	284
324	327
324	633
633	142
633	203
633	271
633	284
633	327
633	716
633	747
633	758
633	860
633	875
716	203
716	271
716	284
716	327
747	203
747	271
747	284
747	327
758	203
758	271
758	284
758	327
860	203
860	271
860	284
860	327
875	203
875	271
875	284
875	327
44	372
44	721
44	724
372	627
372	721
372	724
622	53
622	627
622	721
622	724
674	53
674	627
674	721
674	724
689	53
689	627
689	721
689	724
721	53
721	90
721	200
721	214
721	318
721	319
721	370
721	457
721	478
721	534
721	627
721	724
721	863
721	900
721	949
721	998
724	53
724	90
724	200
724	214
724	318
724	319
724	370
724	457
724	478
724	534
724	627
724	863
724	900
724	949
724	998
863	53
863	627
900	53
900	627
949	53
949	627
998	53
998	627
48	141
48	352
48	563
48	564
48	670
48	698
48	717
48	767
48	845
48	952
141	308
141	698
141	717
352	137
352	291
352	303
352	515
352	563
352	564
352	670
352	698
352	717
352	767
352	845
352	952
563	698
563	717
564	698
564	717
670	698
670	717
698	122
698	137
698	139
698	154
698	291
698	303
698	308
698	515
698	717
698	767
698	845
698	952
717	122
717	137
717	139
717	154
717	291
717	303
717	308
717	515
717	767
717	845
717	952
49	266
266	391
50	726
50	766
50	857
694	278
694	726
694	766
694	857
726	99
726	132
726	219
726	373
726	397
726	538
726	584
726	619
726	631
726	703
726	766
726	786
726	832
726	857
726	880
726	933
726	979
726	983
766	99
766	132
766	219
766	278
766	373
766	397
766	538
766	584
766	619
766	631
766	703
766	786
766	832
766	857
766	880
766	933
766	979
766	983
786	278
786	857
832	278
832	857
857	99
857	132
857	219
857	278
857	373
857	397
857	538
857	584
857	619
857	631
857	703
857	880
857	933
857	979
857	983
880	278
880	801
933	278
979	278
983	278
51	183
51	232
51	240
51	272
51	421
51	466
51	720
51	751
51	788
183	232
183	240
183	272
183	421
183	466
183	720
183	751
183	788
232	272
232	421
232	466
232	720
232	751
232	788
240	272
240	421
240	466
240	720
240	751
240	788
272	421
272	466
272	720
272	751
272	788
421	466
421	720
421	751
421	788
466	720
466	751
466	788
720	751
720	788
751	788
52	294
52	339
52	982
294	112
294	982
339	119
339	982
436	112
436	982
488	112
488	982
522	112
522	982
598	112
598	982
642	112
642	982
701	112
701	982
764	112
764	982
982	112
982	119
982	176
982	207
982	267
53	627
627	90
627	200
627	214
627	318
627	319
627	370
627	457
627	478
627	534
54	67
67	230
67	283
459	567
459	728
583	57
583	87
583	573
57	799
799	87
799	151
799	262
799	501
62	295
62	341
62	368
62	592
62	636
62	711
295	368
295	592
295	636
295	711
341	368
341	592
341	636
341	711
368	592
368	636
592	636
592	711
636	711
64	477
64	549
64	603
64	615
64	695
64	713
64	781
64	915
64	985
64	990
477	275
477	305
477	444
477	549
477	603
477	615
477	695
477	713
477	781
477	915
477	985
477	990
549	275
549	305
549	444
549	603
549	615
549	695
549	713
549	781
549	915
549	985
549	990
603	275
603	305
603	444
603	615
603	695
603	713
603	781
603	915
603	985
603	990
615	275
615	305
615	444
615	695
615	713
615	781
615	915
615	985
615	990
695	275
695	305
695	444
695	713
695	781
695	915
695	985
695	990
713	275
713	305
713	444
713	781
713	915
713	985
713	990
781	275
781	305
781	444
781	915
781	985
781	990
915	275
915	305
915	444
915	985
915	990
985	275
985	305
985	444
985	990
990	275
990	305
990	444
65	414
414	289
414	322
414	366
414	672
672	380
672	384
66	85
66	432
66	575
66	651
66	801
66	859
66	878
230	283
69	192
70	105
70	110
70	234
70	296
70	500
70	661
70	744
70	827
70	876
105	110
105	234
105	296
105	500
105	661
105	744
105	827
105	876
110	234
110	296
110	500
110	661
110	744
110	827
110	876
234	500
234	661
234	744
234	876
296	500
296	661
296	744
296	876
500	661
500	744
500	827
500	876
661	744
661	827
661	876
744	827
744	876
827	876
77	475
77	548
77	588
443	224
443	357
443	447
443	475
443	548
447	246
447	357
447	364
447	475
447	588
475	79
475	224
475	246
475	357
548	79
548	94
548	246
548	357
588	94
588	357
738	357
789	357
797	357
922	357
966	357
78	259
78	307
78	326
78	612
78	614
259	150
259	612
259	614
307	612
307	614
326	612
326	614
338	355
338	612
338	614
355	612
355	614
523	612
523	614
612	150
612	614
612	678
612	718
614	150
614	678
614	718
516	94
516	224
516	246
516	357
83	567
567	151
567	524
86	465
86	774
86	923
382	465
382	774
382	923
465	124
465	128
465	251
465	263
465	486
465	571
465	750
465	762
465	774
465	821
465	923
486	774
486	923
571	774
571	923
750	774
750	923
762	774
762	923
774	124
774	128
774	251
774	263
774	821
774	923
821	923
923	124
923	128
923	251
923	263
93	524
93	573
524	501
524	728
573	385
573	545
728	198
728	286
728	385
728	468
728	545
94	357
94	364
357	224
357	364
364	246
96	620
96	673
96	696
96	710
96	779
96	800
96	846
96	867
96	883
96	893
620	120
620	216
620	281
620	313
620	437
620	482
620	528
620	550
620	644
620	673
620	696
620	710
620	779
620	800
620	846
620	867
620	883
620	893
673	216
673	255
673	264
673	281
673	311
673	313
673	437
673	476
673	482
673	528
673	550
673	644
673	696
673	779
673	800
673	846
673	867
673	883
673	893
696	120
696	216
696	255
696	264
696	311
696	313
696	437
696	476
696	482
696	528
696	550
696	644
696	710
696	779
696	800
696	846
696	867
696	883
696	893
710	120
710	216
710	255
710	264
710	281
710	311
710	313
710	437
710	476
710	482
710	528
710	550
710	644
710	779
710	800
710	846
710	867
710	883
710	893
779	120
779	216
779	255
779	264
779	281
779	311
779	313
779	437
779	476
779	482
779	528
779	550
779	644
779	800
779	846
779	867
779	883
779	893
800	120
800	216
800	255
800	264
800	281
800	311
800	313
800	437
800	476
800	482
800	528
800	550
800	644
800	846
800	867
800	883
800	893
846	120
846	216
846	255
846	264
846	281
846	311
846	313
846	437
846	476
846	482
846	528
846	550
846	644
846	867
846	883
846	893
867	120
867	216
867	255
867	264
867	281
867	311
867	313
867	437
867	476
867	482
867	528
867	550
867	644
867	883
867	893
883	120
883	216
883	255
883	264
883	281
883	311
883	313
883	437
883	476
883	482
883	528
883	550
883	644
883	893
893	120
893	216
893	255
893	264
893	281
893	311
893	313
893	437
893	476
893	482
893	528
893	550
893	644
98	358
98	454
98	480
98	640
98	705
98	757
98	909
98	935
98	938
358	480
358	840
454	480
454	840
480	123
480	279
480	337
480	640
480	705
480	757
480	840
480	909
480	935
480	938
640	840
705	840
757	840
840	123
840	279
840	337
840	909
840	935
840	938
104	818
104	824
818	113
818	118
818	134
818	195
818	205
818	241
818	290
818	363
818	424
818	425
818	442
818	512
818	555
818	590
818	704
818	745
818	824
824	113
824	118
824	134
824	136
824	195
824	205
824	290
824	363
824	424
824	425
824	442
824	512
824	555
824	590
824	704
824	745
112	207
112	267
207	176
267	176
118	590
118	745
590	424
590	442
590	512
590	555
590	704
590	745
745	134
745	136
745	205
745	290
745	363
745	424
745	425
745	512
745	555
745	704
119	176
120	528
120	644
528	281
528	437
528	476
528	482
528	550
528	644
644	216
644	264
644	311
644	313
644	437
644	476
644	482
644	550
154	291
515	303
124	263
251	128
125	236
236	391
703	278
133	411
135	143
135	384
135	410
135	621
143	229
384	322
384	621
410	380
621	289
621	380
137	139
137	303
139	308
308	291
142	164
142	284
142	327
164	499
164	589
164	610
164	809
284	203
284	271
284	327
327	203
327	271
229	161
239	366
144	345
144	892
144	914
189	345
189	892
189	914
345	423
345	456
345	493
345	578
345	869
345	892
345	914
345	968
423	892
423	914
456	892
456	914
493	892
493	914
578	892
578	914
869	892
869	914
892	914
892	968
914	968
151	501
501	198
155	395
155	656
395	340
395	360
395	435
395	656
395	675
395	691
395	712
395	730
395	735
395	844
395	856
395	913
435	293
435	656
656	293
656	315
656	340
656	360
656	675
656	691
656	712
656	730
656	735
656	844
656	856
656	913
675	293
691	293
712	293
730	293
735	293
844	293
856	293
913	293
156	399
156	418
156	536
156	543
156	562
156	687
156	783
156	886
156	889
156	987
399	201
399	269
399	336
399	344
399	418
399	536
399	543
399	562
399	687
399	783
399	889
399	987
418	201
418	269
418	280
418	336
418	344
418	536
418	543
418	562
418	687
418	783
418	886
418	889
418	987
536	201
536	269
536	280
536	336
536	344
536	543
536	562
536	687
536	783
536	886
536	889
536	987
543	201
543	269
543	280
543	336
543	344
543	562
543	687
543	783
543	886
543	889
543	987
562	201
562	269
562	280
562	336
562	344
562	687
562	783
562	886
562	889
562	987
687	201
687	269
687	280
687	336
687	344
687	783
687	886
687	889
687	987
783	201
783	269
783	280
783	336
783	344
783	886
783	889
783	987
886	201
886	269
886	280
886	336
886	344
886	889
886	987
889	201
889	269
889	280
889	336
889	344
889	987
987	201
987	269
987	280
987	336
987	344
158	499
158	589
158	610
158	809
321	499
321	589
321	610
321	809
430	499
430	589
430	610
430	809
499	182
499	186
499	329
499	589
499	610
499	722
499	723
499	837
499	902
499	965
589	182
589	186
589	329
589	610
589	722
589	723
589	809
589	837
589	902
589	965
610	182
610	186
610	329
610	722
610	723
610	809
610	837
610	902
610	965
722	809
723	809
809	182
809	186
809	329
809	837
809	902
809	965
159	391
391	193
170	380
380	289
185	448
448	262
448	286
448	468
200	457
201	280
280	336
280	344
203	271
205	704
704	290
704	363
704	424
704	425
704	442
704	512
704	555
214	318
534	319
216	482
482	264
482	476
482	550
631	278
231	250
322	289
241	512
512	555
255	311
255	437
255	476
311	313
311	476
437	313
437	550
476	281
476	550
264	550
550	281
269	336
269	344
336	344
275	305
275	444
305	444
545	385
545	468
293	315
293	360
379	451
379	464
379	473
379	699
379	700
379	734
451	464
451	473
451	699
451	700
451	734
464	473
464	699
464	700
464	734
473	699
473	700
473	734
404	468
425	555
555	442
#End Disappearing Edges

*Newborn Edges
1	125
1	159
1	193
125	49
125	159
125	193
159	49
159	193
193	49
513	49
3	239
3	322
239	161
239	544
239	621
322	65
322	229
322	621
492	65
492	170
492	275
492	289
492	317
492	544
580	275
580	317
580	544
580	684
684	161
684	275
684	317
684	544
688	143
688	275
688	317
688	544
688	672
688	737
737	275
737	289
737	317
737	544
828	275
828	317
828	544
896	275
896	317
896	544
970	275
970	317
970	544
5	450
5	692
5	720
450	68
450	692
450	720
647	692
647	720
657	692
657	720
671	692
671	720
692	68
692	109
692	127
692	233
692	709
692	720
692	725
692	742
692	778
709	720
720	68
720	109
720	127
720	233
720	725
720	742
720	778
9	288
9	295
9	444
9	495
9	499
9	600
9	809
9	877
9	892
9	904
288	24
288	110
288	295
288	341
288	444
288	495
288	499
288	600
288	809
288	877
288	892
288	904
295	48
295	110
295	444
295	495
295	499
295	600
295	809
295	877
295	892
295	904
444	24
444	48
444	110
444	341
444	495
444	499
444	600
444	809
444	877
444	892
444	904
495	24
495	48
495	110
495	341
495	499
495	600
495	809
495	877
495	892
495	904
499	24
499	48
499	110
499	341
499	600
499	877
499	892
499	904
600	24
600	48
600	110
600	341
600	809
600	877
600	892
600	904
809	24
809	48
809	110
809	341
809	691
809	877
809	892
809	904
877	24
877	48
877	110
877	341
877	892
877	904
892	24
892	48
892	110
892	341
892	904
904	24
904	48
904	110
904	341
13	417
13	467
13	476
13	566
13	614
13	729
13	751
13	825
13	912
13	930
417	53
417	70
417	374
417	414
417	422
417	467
417	476
417	566
417	614
417	729
417	751
417	825
417	912
417	930
467	53
467	70
467	374
467	414
467	422
467	476
467	566
467	614
467	729
467	751
467	825
467	912
467	930
476	53
476	70
476	374
476	414
476	422
476	566
476	614
476	729
476	751
476	825
476	912
476	930
566	53
566	70
566	374
566	414
566	422
566	614
566	729
566	751
566	825
566	912
566	930
614	53
614	70
614	374
614	414
614	422
614	729
614	751
614	825
614	912
614	930
729	53
729	70
729	374
729	422
729	751
729	825
729	912
729	930
751	53
751	70
751	374
751	414
751	422
751	825
751	912
751	930
825	53
825	70
825	374
825	414
825	422
825	912
825	930
912	53
912	70
912	374
912	414
912	422
912	930
930	53
930	70
930	374
930	414
930	422
16	286
16	524
16	583
286	459
286	468
286	693
286	799
524	151
524	198
524	404
524	583
524	773
524	783
583	385
583	404
583	459
583	667
817	28
817	545
817	746
817	783
817	799
817	848
848	93
848	567
848	667
848	783
924	783
929	783
939	783
948	783
959	783
20	42
20	202
20	866
42	202
42	407
42	412
42	517
42	570
42	731
202	866
407	866
412	866
517	866
570	866
731	866
24	341
341	48
341	110
25	458
25	633
25	744
458	39
458	75
458	633
458	744
498	633
498	744
633	39
633	75
633	126
633	406
633	413
633	638
633	744
633	755
633	793
633	884
633	997
633	1000
638	744
744	39
744	75
744	126
744	406
744	413
744	755
744	793
744	884
744	997
744	1000
26	592
26	853
365	67
365	592
365	853
428	67
428	592
428	853
474	592
474	853
592	54
592	67
592	146
592	283
592	325
592	594
592	785
592	808
592	853
592	885
592	888
594	853
785	853
808	853
853	54
853	67
853	146
853	283
853	325
853	885
853	888
27	134
27	185
27	203
27	272
27	761
134	185
134	188
134	203
134	221
134	272
134	520
134	572
134	804
134	898
185	188
185	203
185	221
185	272
185	520
185	572
185	761
185	804
185	898
203	188
203	221
203	272
203	520
203	572
203	761
203	804
203	898
221	272
221	761
272	188
272	520
272	572
272	761
272	804
272	898
520	761
572	761
761	188
761	804
761	898
28	728
28	783
28	799
693	83
693	151
693	448
693	468
693	646
693	783
728	56
728	57
728	87
728	573
728	773
728	783
783	56
783	87
783	198
783	385
783	404
783	448
783	459
783	501
783	545
783	567
783	646
783	667
783	746
783	773
783	799
799	56
799	385
799	459
29	386
29	392
29	465
29	466
29	482
29	610
29	664
29	719
29	886
29	946
386	172
386	327
386	352
386	392
386	399
386	465
386	466
386	482
386	610
386	664
386	719
386	886
386	946
392	172
392	327
392	352
392	399
392	465
392	466
392	482
392	610
392	664
392	719
392	886
392	946
465	38
465	172
465	327
465	352
465	399
465	466
465	482
465	610
465	664
465	719
465	886
465	946
466	38
466	172
466	327
466	352
466	399
466	482
466	610
466	664
466	719
466	886
466	946
482	38
482	172
482	327
482	352
482	399
482	610
482	664
482	719
482	886
482	946
610	38
610	172
610	327
610	352
610	399
610	606
610	664
610	719
610	886
610	946
664	38
664	172
664	327
664	352
664	399
664	719
664	886
664	946
719	38
719	172
719	327
719	352
719	399
719	886
719	946
886	38
886	172
886	327
886	352
886	946
946	38
946	172
946	327
946	352
946	399
33	210
33	232
33	240
33	816
210	232
210	240
210	816
210	971
232	422
232	816
232	971
240	816
240	971
816	971
36	66
36	138
36	266
36	724
66	138
66	192
66	220
66	333
66	356
66	560
66	724
66	834
66	964
138	51
138	69
138	266
138	333
138	429
138	560
138	724
138	834
138	964
266	69
266	181
266	220
266	356
266	429
266	560
266	724
266	834
266	964
333	51
333	73
333	724
356	51
356	724
429	51
429	724
560	51
560	724
724	51
724	69
724	73
724	181
724	192
724	220
724	834
724	964
834	51
964	51
37	430
37	604
37	722
37	723
37	837
37	864
37	894
37	902
37	965
430	604
430	864
430	894
604	158
604	164
604	182
604	186
604	321
604	329
604	722
604	723
604	837
604	864
604	894
604	902
604	965
722	864
722	894
723	864
723	894
837	864
837	894
864	158
864	164
864	182
864	186
864	321
864	329
864	894
864	902
864	965
894	158
894	164
894	182
894	186
894	321
894	329
894	902
894	965
38	327
38	399
327	352
327	399
399	172
399	352
40	451
40	862
449	213
449	451
449	862
451	190
451	213
451	231
451	250
451	411
451	643
451	655
451	813
451	826
451	862
451	917
451	932
451	974
643	213
643	862
655	213
655	862
813	213
813	862
826	213
826	862
862	190
862	213
862	231
862	250
862	411
862	917
862	932
862	974
917	213
932	213
974	213
43	312
43	387
43	512
43	558
43	623
43	656
43	668
43	774
43	840
43	995
312	62
312	98
312	135
312	387
312	512
312	558
312	623
312	656
312	668
312	774
312	840
312	995
387	62
387	98
387	135
387	512
387	558
387	623
387	656
387	668
387	774
387	840
387	995
512	62
512	98
512	135
512	558
512	623
512	656
512	668
512	774
512	840
512	995
558	62
558	98
558	135
558	623
558	656
558	668
558	774
558	840
558	995
623	62
623	98
623	135
623	656
623	668
623	774
623	840
623	995
656	62
656	98
656	135
656	668
656	774
656	840
656	995
668	62
668	98
668	135
668	774
668	840
668	995
774	62
774	98
774	135
774	840
774	995
840	62
840	135
840	900
840	995
995	62
995	98
995	135
44	478
44	534
44	914
478	200
478	914
534	90
534	200
534	914
622	90
622	914
674	914
689	914
863	914
900	914
914	90
914	200
914	214
914	318
914	319
914	370
914	372
914	457
914	949
914	998
50	631
50	703
50	717
631	99
631	132
631	589
631	717
694	589
694	717
703	99
703	589
703	717
717	99
717	132
717	219
717	373
717	397
717	538
717	584
717	589
717	619
717	786
717	832
717	880
717	933
717	979
717	983
786	589
832	589
880	589
933	589
979	589
983	589
51	69
51	220
220	181
52	119
52	608
52	857
119	608
119	857
436	608
436	857
488	608
488	857
522	608
522	857
598	608
598	857
608	176
608	207
608	267
608	294
608	339
608	642
608	701
608	764
608	857
642	857
701	857
764	857
857	176
857	207
857	267
857	294
857	339
54	325
325	146
56	646
56	746
646	385
646	404
646	468
646	773
746	57
746	87
746	501
746	567
746	773
57	404
57	573
573	151
573	468
573	501
573	567
65	621
621	317
621	366
621	544
672	229
672	275
672	317
672	544
192	73
77	698
77	726
77	727
443	278
443	607
443	698
443	726
443	727
447	79
447	94
447	607
447	698
447	726
447	727
698	94
698	211
698	224
698	230
698	246
698	278
698	364
698	475
698	516
698	548
698	588
698	607
698	726
698	727
698	738
698	789
698	797
698	922
698	966
726	79
726	94
726	211
726	224
726	230
726	246
726	364
726	475
726	516
726	548
726	588
726	607
726	727
726	738
726	789
726	797
726	922
726	966
727	79
727	94
727	211
727	224
727	230
727	246
727	278
727	364
727	475
727	516
727	548
727	588
727	607
727	738
727	789
727	797
727	922
727	966
738	211
738	230
738	278
738	607
789	211
789	230
789	278
789	607
797	211
797	230
797	278
797	607
922	211
922	230
922	278
922	607
966	211
966	230
966	278
966	607
78	293
78	395
78	464
78	587
78	897
293	259
293	307
293	326
293	338
293	355
293	464
293	523
293	587
293	678
293	718
293	897
338	395
338	464
338	587
338	897
355	395
355	464
355	587
355	897
395	150
395	259
395	307
395	326
395	464
395	523
395	587
395	678
395	718
395	897
464	150
464	259
464	307
464	326
464	523
464	587
464	678
464	718
464	897
523	587
523	897
587	150
587	259
587	307
587	326
587	678
587	718
587	897
678	897
718	897
897	150
897	259
897	307
897	326
516	607
588	230
588	278
81	473
81	506
81	532
81	606
81	658
81	704
81	831
81	923
81	982
81	987
473	105
473	160
473	177
473	183
473	477
473	506
473	532
473	606
473	658
473	704
473	831
473	923
473	982
473	987
506	105
506	160
506	177
506	183
506	477
506	532
506	606
506	658
506	704
506	831
506	923
506	982
506	987
532	105
532	160
532	177
532	183
532	477
532	606
532	658
532	704
532	831
532	923
532	982
532	987
606	105
606	160
606	177
606	183
606	477
606	658
606	704
606	831
606	923
606	982
606	987
658	105
658	160
658	177
658	183
658	477
658	704
658	831
658	923
658	982
658	987
704	105
704	160
704	177
704	183
704	477
704	831
704	923
704	982
704	987
831	105
831	160
831	177
831	183
831	477
831	923
831	982
831	987
923	105
923	160
923	177
923	183
923	477
923	982
923	987
982	105
982	160
982	177
982	183
982	477
982	987
987	105
987	160
987	177
987	183
987	477
83	151
773	93
773	468
773	501
773	667
86	379
86	721
86	766
379	124
379	128
379	251
379	263
379	345
379	382
379	486
379	571
379	721
379	750
379	762
379	766
379	821
382	345
382	721
382	766
486	345
486	721
486	766
571	345
571	721
571	766
721	124
721	128
721	251
721	263
721	345
721	750
721	762
721	766
721	821
750	345
750	766
762	345
762	766
766	124
766	128
766	251
766	263
766	345
766	821
821	345
93	448
448	459
448	501
448	545
667	198
667	545
94	475
475	230
475	278
475	607
109	233
233	127
294	176
122	303
122	308
122	661
154	236
154	330
154	661
303	139
303	141
303	330
303	661
308	137
308	236
308	330
308	661
515	137
515	236
515	330
515	661
563	236
563	330
563	661
564	236
564	330
564	661
661	137
661	139
661	141
661	236
661	291
661	330
661	670
661	767
661	845
661	952
670	236
670	330
767	236
767	330
845	236
845	330
952	236
952	330
123	279
124	345
251	345
345	128
345	263
126	413
132	619
619	219
619	589
137	291
137	330
291	139
291	236
291	330
139	141
141	236
142	218
142	228
218	228
143	544
544	161
544	289
544	366
544	384
544	410
144	380
189	380
380	423
380	456
380	493
380	578
380	869
380	968
155	340
155	360
340	306
360	306
435	306
675	306
691	306
712	306
730	306
735	306
844	306
856	306
913	306
158	186
321	164
321	182
160	477
477	177
477	183
161	384
384	275
384	289
384	317
384	410
164	329
170	275
170	317
170	410
275	366
317	229
410	289
410	366
176	339
411	213
200	214
214	370
214	457
207	267
211	246
211	548
211	607
246	607
548	230
548	607
607	224
607	278
607	364
213	231
370	319
457	318
457	372
219	584
584	589
229	289
422	374
422	414
234	305
296	305
305	827
459	545
306	315
318	319
318	372
319	372
368	612
368	876
612	711
612	876
711	876
373	538
373	589
538	397
538	589
589	397
374	414
585	788
585	836
788	836
#End Newborn Edges

*Degree Changed Nodes
513	16	11
577	17	11
585	17	2
597	17	11
838	17	11
858	17	11
956	17	11
986	18	11
729	23	15
828	26	24
896	26	24
970	26	24
604	9	15
608	9	15
544	16	17
647	16	14
657	16	14
671	16	14
709	16	14
725	16	14
742	16	14
778	17	14
912	16	15
761	25	11
924	37	35
929	37	35
939	37	35
948	37	35
959	37	35
20	10	8
306	11	12
407	11	8
412	11	8
517	11	8
570	11	8
731	11	8
853	11	15
864	11	15
24	6	10
33	6	5
42	6	8
211	6	11
866	6	8
897	6	14
971	6	5
498	16	15
638	16	15
692	16	14
727	16	23
755	16	15
793	16	15
884	16	15
997	16	15
1000	16	15
474	16	15
594	16	15
607	16	19
785	16	15
808	16	15
885	16	15
888	16	15
188	11	10
221	12	11
317	11	13
330	11	13
506	11	15
862	11	15
587	18	14
429	14	15
560	14	16
834	14	16
836	14	2
894	14	15
964	14	16
37	10	9
816	15	5
218	12	8
228	12	8
324	13	8
716	15	8
747	15	8
758	15	8
860	15	8
875	15	8
622	20	18
674	21	18
689	21	18
721	21	14
724	21	16
863	21	18
900	21	19
949	21	18
998	22	18
352	13	12
563	18	17
564	18	17
670	18	17
698	18	22
717	18	19
767	18	17
845	18	17
952	18	17
266	12	11
694	21	19
726	21	23
766	21	14
786	21	19
832	21	19
857	21	15
880	22	19
933	21	19
979	21	19
983	21	19
51	9	10
183	9	11
232	9	6
240	9	5
272	9	11
466	9	15
720	9	14
751	9	15
788	9	2
488	16	15
62	6	10
295	6	13
341	6	13
368	6	3
592	6	15
711	6	3
414	13	12
66	7	10
85	7	6
432	7	6
575	7	6
651	7	6
801	8	6
859	7	6
878	7	6
283	13	11
70	9	10
105	9	10
110	9	11
234	9	3
296	9	3
661	9	17
744	9	15
827	9	3
876	9	3
588	17	18
738	17	23
789	17	23
797	17	23
922	17	23
966	17	23
259	11	12
307	11	13
326	11	13
338	11	13
355	11	13
523	11	14
612	11	3
614	11	15
678	11	14
718	11	14
79	9	10
382	13	14
465	13	15
486	13	14
571	13	14
750	13	14
762	13	14
821	13	14
923	13	15
358	13	10
454	13	10
640	13	10
705	13	10
757	13	10
840	13	14
909	13	10
935	13	10
938	13	10
450	13	14
122	10	11
123	11	10
337	12	10
458	13	15
135	11	10
143	11	10
202	10	8
142	11	8
144	10	8
189	10	8
345	10	13
423	10	8
456	10	8
493	10	8
578	10	8
869	10	8
892	10	14
914	10	18
968	10	8
150	10	11
501	16	15
435	15	13
656	15	13
675	15	13
691	15	14
712	15	13
730	15	13
735	15	13
844	15	13
856	15	13
913	15	13
783	15	26
321	12	13
499	15	14
610	15	16
380	14	8
210	10	5
704	22	15
482	16	15
631	18	19
250	12	11
233	11	12
512	16	13
476	16	15
305	12	3
444	12	14
279	11	10
315	13	12
360	14	13
619	16	17
379	6	14
451	6	15
464	6	14
473	6	15
699	6	2
700	6	2
734	6	2
406	12	11
538	14	15
