*Disappearing Nodes
8
497
541
581
660
664
685
758
9
187
228
331
18
19
162
340
21
23
589
25
180
546
830
902
908
936
599
946
39
829
856
605
623
55
71
526
681
80
169
245
91
596
617
775
843
849
944
951
916
106
471
645
887
895
108
665
868
455
759
196
215
389
392
735
741
222
753
485
227
393
629
874
790
248
350
263
268
270
287
530
606
643
653
300
539
310
558
600
318
323
503
334
625
378
356
360
559
401
415
568
505
525
554
#End Disappearing Nodes

*Newborn Nodes
500
532
858
956
986
630
712
881
950
159
391
37
789
938
987
46
700
791
985
990
49
78
564
767
952
122
192
308
416
306
269
273
469
305
549
#End Newborn Nodes

*Disappearing Edges
1	165
1	301
3	266
3	384
3	545
3	672
266	133
266	143
266	203
266	380
266	621
266	627
266	672
266	684
266	688
266	814
266	970
384	65
384	144
384	203
384	452
384	621
384	688
545	126
545	133
545	143
545	144
545	161
545	203
545	229
545	366
545	380
545	452
545	621
545	627
545	684
545	688
545	814
545	970
621	65
621	135
621	229
621	366
621	380
621	688
627	65
627	126
627	143
627	203
627	380
627	452
672	65
672	133
672	135
672	203
684	133
684	135
684	161
684	366
688	229
688	322
4	376
4	508
4	771
4	772
4	809
376	265
376	362
376	638
376	663
376	679
376	861
376	869
508	411
508	638
508	755
508	782
508	921
508	933
771	158
771	173
771	243
771	362
771	613
771	755
772	243
772	258
772	265
772	388
772	411
772	613
772	727
772	755
772	763
772	807
772	861
772	910
809	6
809	190
809	208
809	243
809	265
809	361
809	417
809	577
809	628
809	755
809	943
861	157
861	158
861	190
861	258
861	362
861	577
861	613
861	628
861	755
861	782
921	6
921	157
921	243
921	388
921	577
921	628
921	663
921	755
921	910
933	158
933	190
933	265
933	577
933	582
933	663
933	755
933	802
942	157
942	208
942	258
942	577
942	679
942	755
943	190
943	388
943	577
943	747
943	755
943	802
5	193
594	309
594	434
635	309
635	434
647	309
647	434
709	309
709	434
725	309
725	434
742	309
742	434
778	309
778	434
792	309
792	434
912	309
912	434
6	613
6	747
6	782
6	910
613	388
613	527
613	577
613	628
613	755
747	158
747	265
747	527
747	582
747	638
747	663
747	782
747	802
782	362
782	388
782	417
782	638
782	807
802	89
802	190
802	208
802	258
802	679
802	727
802	755
910	258
910	362
910	577
910	582
910	628
910	755
8	432
8	447
8	497
8	541
8	581
8	660
8	664
8	685
8	758
8	828
432	19
432	55
432	80
432	145
432	162
432	245
432	280
432	447
432	497
432	660
432	664
432	685
432	758
432	828
447	55
447	145
447	169
447	235
447	280
447	497
447	541
447	581
447	660
447	664
447	685
447	758
447	828
497	19
497	71
497	145
497	235
497	245
497	340
497	541
497	581
497	660
497	664
497	685
497	758
497	828
541	19
541	55
541	71
541	145
541	169
541	235
541	280
541	340
541	581
541	660
541	664
541	685
541	758
541	828
581	55
581	71
581	80
581	162
581	169
581	235
581	245
581	280
581	340
581	660
581	664
581	685
581	758
581	828
660	19
660	55
660	71
660	80
660	145
660	162
660	169
660	235
660	245
660	280
660	340
660	664
660	685
660	758
660	828
664	19
664	55
664	71
664	80
664	145
664	162
664	169
664	235
664	245
664	280
664	340
664	685
664	758
664	828
685	19
685	55
685	71
685	80
685	145
685	162
685	169
685	235
685	245
685	280
685	340
685	758
685	828
758	19
758	55
758	71
758	80
758	145
758	162
758	169
758	235
758	245
758	280
758	340
758	828
828	19
828	55
828	71
828	80
828	145
828	162
828	169
828	235
828	245
828	280
828	340
9	187
9	213
9	228
9	331
9	720
9	750
9	1000
187	213
187	228
187	331
187	720
187	750
213	228
213	331
213	720
213	750
228	331
228	720
228	750
331	720
331	750
720	750
1000	859
1000	961
11	988
901	409
901	421
901	781
901	988
927	409
927	421
927	781
927	988
941	409
941	421
941	781
941	988
960	409
960	421
960	781
960	988
969	409
969	421
969	781
969	988
977	409
977	421
977	781
977	988
980	409
980	421
980	781
980	988
981	409
981	421
981	781
981	988
984	409
984	421
984	781
984	988
988	66
988	104
988	118
988	136
988	195
988	205
988	290
988	352
988	363
988	408
988	409
988	421
988	424
988	425
988	442
988	450
988	511
988	512
988	555
988	590
988	745
988	761
988	770
988	816
988	818
988	824
12	689
12	737
12	894
689	33
689	178
689	236
689	343
689	399
689	405
689	513
689	556
689	569
689	649
689	654
689	737
689	787
689	794
689	805
689	836
689	850
689	873
689	878
689	890
689	894
737	20
737	32
737	52
737	88
737	236
737	343
737	399
737	405
737	513
737	556
737	569
737	649
737	654
737	787
737	794
737	805
737	836
737	850
737	873
737	878
737	890
737	894
787	20
787	42
787	52
787	236
787	399
787	894
805	20
805	42
805	52
805	236
805	399
805	894
836	20
836	42
836	52
836	236
836	399
836	894
850	20
850	42
850	52
850	236
850	399
850	894
873	20
873	42
873	52
873	236
873	399
873	894
878	20
878	42
878	52
878	236
878	399
878	894
890	20
890	42
890	52
890	236
890	399
890	894
894	20
894	32
894	33
894	42
894	52
894	88
894	178
894	236
894	343
894	399
894	405
894	513
894	556
894	569
894	649
894	654
894	794
13	251
13	379
13	451
13	473
13	543
13	695
13	703
13	722
13	837
13	892
251	211
251	354
251	536
251	543
251	695
251	703
379	354
379	446
379	536
379	543
379	695
379	703
451	354
451	386
451	536
451	543
451	695
451	703
473	386
473	446
473	536
473	543
473	695
473	703
543	211
543	326
543	368
543	386
543	446
543	464
543	695
543	703
543	722
543	837
543	892
695	47
695	211
695	326
695	354
695	368
695	386
695	446
695	464
695	536
695	703
695	722
695	837
695	892
703	47
703	211
703	326
703	354
703	368
703	386
703	446
703	464
703	536
703	722
703	837
703	892
722	354
722	386
722	446
722	536
837	354
837	386
837	446
837	536
892	354
892	386
892	446
892	536
15	365
15	560
15	693
15	723
15	734
15	785
15	808
15	838
15	885
15	888
365	351
365	585
365	723
365	734
560	67
560	351
560	585
560	723
560	734
693	351
693	585
693	723
693	734
723	53
723	67
723	146
723	155
723	283
723	325
723	335
723	351
723	478
723	607
723	734
723	785
723	808
723	838
723	885
723	888
734	53
734	67
734	146
734	155
734	283
734	325
734	335
734	351
734	478
734	585
734	607
734	785
734	808
734	838
734	885
734	888
785	351
785	585
808	351
808	585
838	351
838	585
885	351
885	585
888	351
888	585
16	501
16	667
16	817
16	900
501	56
501	385
501	492
501	602
501	900
667	198
667	573
667	583
667	728
667	900
817	28
817	128
817	403
817	773
817	900
848	151
848	262
848	385
848	403
848	746
848	900
900	28
900	56
900	57
900	87
900	93
900	128
900	151
900	185
900	198
900	262
900	286
900	403
900	404
900	448
900	459
900	492
900	524
900	573
900	583
900	602
900	702
900	728
900	746
900	773
900	799
900	924
900	932
900	939
900	948
900	959
924	403
932	403
939	403
948	403
959	403
18	64
18	444
18	717
64	444
64	717
444	717
19	162
19	340
162	80
162	280
162	340
340	235
340	245
340	280
20	794
794	42
794	52
794	236
794	399
21	48
21	131
21	276
21	277
21	324
21	633
21	708
21	731
21	797
21	947
48	97
48	184
48	633
48	731
48	797
131	170
131	184
131	276
131	324
131	633
131	708
131	731
131	797
131	947
276	170
276	633
276	731
276	797
277	170
277	633
277	731
277	797
324	170
324	633
324	731
324	797
633	97
633	117
633	170
633	184
633	708
633	731
633	797
633	947
708	170
708	731
708	797
731	97
731	117
731	170
731	184
731	797
731	947
797	97
797	117
797	170
797	184
797	947
947	170
22	113
22	520
22	572
22	657
22	821
22	875
22	898
22	909
22	928
22	934
113	147
113	563
113	657
113	821
113	909
520	221
520	337
520	563
520	657
520	821
520	909
572	221
572	337
572	563
572	657
572	821
572	909
657	59
657	86
657	147
657	188
657	221
657	289
657	317
657	330
657	337
657	457
657	563
657	821
657	875
657	898
657	909
657	928
657	934
821	59
821	86
821	147
821	188
821	221
821	289
821	317
821	330
821	337
821	457
821	563
821	875
821	898
821	909
821	928
821	934
875	221
875	337
875	563
875	909
898	221
898	337
898	563
898	909
909	59
909	86
909	147
909	188
909	221
909	289
909	317
909	330
909	457
909	563
909	928
909	934
928	221
928	337
928	563
934	221
934	337
934	563
23	62
23	134
23	487
23	519
23	567
23	589
23	592
23	636
23	698
23	711
62	487
62	589
62	698
134	114
134	519
134	589
134	698
487	75
487	114
487	124
487	295
487	319
487	333
487	341
487	567
487	589
487	592
487	636
487	698
487	711
519	75
519	114
519	124
519	295
519	319
519	333
519	341
519	567
519	589
519	592
519	636
519	698
519	711
567	114
567	589
567	698
589	27
589	75
589	114
589	124
589	295
589	319
589	333
589	341
589	592
589	636
589	698
589	711
592	114
592	698
636	114
636	698
698	27
698	75
698	114
698	124
698	295
698	319
698	333
698	341
698	711
711	114
24	468
24	680
24	719
468	587
468	680
468	719
517	275
517	587
517	680
517	719
680	92
680	98
680	125
680	202
680	275
680	339
680	407
680	412
680	498
680	570
680	587
680	704
680	705
680	714
680	719
680	751
680	864
680	965
704	98
704	125
704	275
704	587
704	719
705	98
705	125
705	275
705	587
705	719
705	738
714	98
714	125
714	275
714	587
714	719
719	92
719	98
719	125
719	202
719	275
719	339
719	407
719	412
719	498
719	570
719	587
719	751
719	864
719	965
751	98
751	125
751	275
751	587
864	98
864	125
864	275
864	587
965	98
965	125
965	275
965	587
25	180
25	546
25	830
25	854
25	902
25	908
25	915
25	926
25	935
25	936
180	759
180	829
180	854
180	856
180	902
180	908
180	915
180	926
180	935
180	936
546	415
546	430
546	539
546	568
546	729
546	753
546	829
546	830
546	854
546	856
546	902
546	908
546	915
546	926
546	935
546	936
830	39
830	222
830	300
830	323
830	334
830	356
830	360
830	415
830	430
830	503
830	539
830	559
830	568
830	597
830	625
830	729
830	753
830	759
830	829
830	854
830	856
830	902
830	908
830	915
830	926
830	935
830	936
854	39
854	222
854	268
854	300
854	323
854	334
854	356
854	360
854	415
854	430
854	503
854	539
854	559
854	568
854	597
854	625
854	729
854	753
854	759
854	829
854	856
854	902
854	908
854	915
854	926
854	935
854	936
902	39
902	69
902	222
902	268
902	300
902	323
902	334
902	356
902	360
902	415
902	430
902	503
902	539
902	559
902	568
902	597
902	625
902	729
902	753
902	759
902	829
902	856
902	908
902	915
902	926
902	935
902	936
908	39
908	69
908	222
908	268
908	300
908	323
908	334
908	356
908	360
908	415
908	430
908	503
908	539
908	559
908	568
908	597
908	625
908	729
908	753
908	759
908	829
908	856
908	915
908	926
908	935
908	936
915	39
915	69
915	222
915	268
915	300
915	323
915	334
915	356
915	360
915	415
915	430
915	503
915	539
915	559
915	568
915	597
915	625
915	729
915	753
915	759
915	829
915	856
915	926
915	936
926	39
926	69
926	222
926	268
926	300
926	323
926	334
926	356
926	360
926	415
926	430
926	503
926	539
926	559
926	568
926	597
926	625
926	729
926	753
926	759
926	829
926	856
926	935
926	936
935	39
935	69
935	222
935	268
935	300
935	323
935	334
935	356
935	360
935	415
935	430
935	503
935	539
935	559
935	568
935	597
935	625
935	729
935	753
935	759
935	829
935	856
935	936
936	39
936	69
936	222
936	268
936	300
936	323
936	334
936	356
936	360
936	415
936	430
936	503
936	539
936	559
936	568
936	597
936	625
936	729
936	753
936	759
936	829
936	856
26	181
26	234
26	237
26	284
26	298
26	418
26	461
26	475
26	646
26	804
181	237
181	298
181	461
234	237
234	298
234	461
237	284
237	298
237	418
237	461
237	475
237	646
237	804
284	298
284	461
298	418
298	461
298	475
298	646
298	804
418	461
461	475
461	646
461	804
341	114
28	286
28	583
286	403
286	524
286	773
583	492
799	93
799	198
799	385
799	403
799	492
799	524
30	179
30	571
30	599
179	304
179	499
179	571
179	599
271	249
271	267
271	377
271	571
396	137
396	267
396	304
396	599
499	267
499	304
499	571
499	599
571	197
571	249
571	267
571	304
571	377
571	413
571	460
571	562
571	599
571	626
571	677
571	810
571	855
571	967
599	108
599	137
599	197
599	249
599	267
599	304
599	377
599	460
599	562
599	626
599	677
599	810
599	855
599	967
677	108
677	137
677	267
677	304
810	108
810	137
810	267
810	304
855	108
855	137
855	267
855	304
967	108
967	137
967	267
967	304
31	247
31	329
31	715
31	769
31	946
247	76
247	611
247	732
247	946
329	238
329	316
329	342
329	506
329	806
329	946
531	152
531	212
531	426
531	509
531	611
531	748
531	946
715	291
715	316
715	342
715	398
715	509
715	946
769	63
769	291
769	342
769	398
769	433
769	495
769	806
769	841
769	946
870	103
870	291
870	398
870	509
870	946
907	63
907	291
907	342
907	398
907	946
946	63
946	76
946	82
946	94
946	103
946	142
946	152
946	212
946	238
946	291
946	316
946	342
946	398
946	426
946	429
946	433
946	453
946	467
946	495
946	506
946	509
946	611
946	732
946	748
946	806
946	841
946	953
946	955
953	291
953	398
955	291
955	398
36	434
434	38
434	200
434	233
434	309
434	458
39	829
39	856
829	69
829	222
829	268
829	300
829	323
829	356
829	360
829	415
829	430
829	539
829	559
829	568
829	597
829	625
829	729
829	753
829	759
829	856
856	69
856	222
856	268
856	300
856	323
856	334
856	356
856	360
856	415
856	430
856	503
856	539
856	559
856	568
856	597
856	625
856	729
856	753
856	759
42	649
649	399
47	354
47	386
47	446
354	326
354	386
354	464
354	536
386	368
386	446
386	464
386	536
446	211
446	326
446	368
446	464
446	536
464	536
97	117
97	170
184	170
50	296
50	580
50	687
296	294
296	538
296	619
296	631
296	634
296	687
296	786
296	826
296	832
296	857
296	880
296	979
580	132
580	219
580	315
580	397
580	538
580	584
580	619
580	631
580	634
580	687
580	694
580	786
580	826
580	832
580	857
580	880
580	979
687	132
687	219
687	278
687	294
687	315
687	373
687	397
687	538
687	584
687	619
687	631
687	634
687	694
687	786
687	826
687	832
687	857
687	880
687	979
694	99
694	294
786	294
826	294
832	294
857	294
880	294
979	294
51	610
51	752
51	783
51	886
523	112
523	382
523	610
523	752
523	783
523	886
610	112
610	150
610	259
610	307
610	338
610	355
610	612
610	614
610	622
610	651
610	718
610	752
610	783
610	886
612	112
612	382
612	752
612	783
612	886
614	112
614	382
614	752
614	783
614	886
622	112
622	382
622	752
622	783
622	886
651	112
651	382
651	752
651	783
651	886
718	112
718	382
718	752
718	783
718	886
752	112
752	150
752	259
752	307
752	338
752	355
752	382
752	783
752	886
783	112
783	150
783	259
783	307
783	338
783	355
783	382
886	112
886	150
886	259
886	307
886	338
886	355
886	382
53	585
53	607
585	146
585	283
585	325
585	335
585	351
585	478
585	607
607	351
54	224
54	443
54	491
54	588
54	605
54	623
54	738
54	768
54	913
54	966
224	148
224	491
224	605
224	623
224	671
224	768
224	913
443	148
443	491
443	623
443	671
443	768
443	913
491	77
491	140
491	246
491	364
491	548
491	588
491	605
491	623
491	671
491	738
491	768
491	913
491	966
588	148
588	605
588	623
588	671
588	768
588	913
605	79
605	138
605	140
605	148
605	186
605	201
605	364
605	435
605	548
605	623
605	671
605	738
605	768
605	913
605	966
623	77
623	79
623	85
623	138
623	148
623	186
623	246
623	364
623	435
623	671
623	738
623	768
623	913
623	966
738	148
738	671
738	768
738	913
768	77
768	79
768	85
768	138
768	140
768	148
768	186
768	201
768	246
768	364
768	435
768	548
768	671
768	913
768	966
913	77
913	79
913	85
913	138
913	140
913	148
913	186
913	201
913	246
913	364
913	435
913	548
913	671
913	966
966	148
966	671
55	71
71	280
56	728
728	87
728	262
728	385
728	404
57	385
57	746
385	459
746	185
746	262
746	403
746	459
773	93
773	403
773	448
773	573
59	563
457	337
457	563
563	188
563	221
563	289
563	317
563	330
563	337
63	467
63	495
63	748
467	142
467	398
467	748
467	841
495	82
495	342
495	732
732	103
732	212
732	238
732	291
732	316
732	748
748	76
748	238
748	398
748	506
841	212
841	291
841	398
841	429
841	806
65	380
380	126
380	135
380	229
452	126
452	143
452	144
452	161
452	229
66	590
590	424
590	781
69	729
729	268
729	323
729	334
729	360
729	430
729	503
729	559
729	568
729	625
729	753
729	759
70	183
70	414
70	526
70	603
70	681
156	232
156	332
156	603
156	681
183	230
183	428
183	526
183	603
183	681
414	428
414	526
414	603
414	681
526	83
526	230
526	232
526	240
526	272
526	274
526	332
526	428
526	603
526	681
526	691
526	788
526	896
526	918
603	83
603	230
603	232
603	240
603	272
603	274
603	332
603	428
603	466
603	681
603	691
603	788
603	896
603	918
681	83
681	172
681	230
681	232
681	240
681	272
681	274
681	332
681	428
681	466
681	691
681	788
681	896
681	918
691	83
788	83
896	83
918	83
75	114
76	806
426	433
426	453
426	611
611	152
611	506
611	806
806	103
806	291
806	398
806	506
77	85
77	140
85	671
140	201
140	671
246	671
79	671
364	671
435	671
548	148
548	671
671	138
671	148
671	186
671	201
80	169
80	245
169	145
169	245
245	235
81	250
81	522
81	598
81	615
81	678
81	701
81	796
81	822
81	929
81	982
250	470
250	486
250	615
250	929
522	263
522	344
522	486
522	615
522	929
598	263
598	344
598	470
598	486
598	615
598	929
615	176
615	207
615	214
615	263
615	436
615	470
615	486
615	561
615	642
615	678
615	701
615	796
615	822
615	929
615	982
678	263
678	344
678	470
678	486
678	929
701	263
701	344
701	470
701	486
701	929
796	263
796	344
796	470
796	486
796	929
822	263
822	344
822	470
822	486
822	929
929	119
929	176
929	207
929	214
929	263
929	344
929	436
929	470
929	486
929	561
929	642
929	982
982	263
982	344
982	470
982	486
82	509
429	94
429	291
429	398
433	94
433	398
433	506
433	509
83	232
83	240
83	466
232	274
240	272
240	274
240	466
466	172
86	221
221	289
87	93
87	573
573	459
573	492
573	702
89	679
89	727
679	158
679	258
679	411
679	577
679	755
679	807
679	869
727	190
727	361
727	527
727	577
727	628
727	638
727	755
727	763
807	243
807	417
807	577
807	638
807	663
807	755
90	584
90	619
90	631
90	634
584	219
584	294
619	294
634	99
634	132
91	596
91	617
91	766
91	775
91	843
91	849
91	883
91	944
91	951
91	973
596	139
596	248
596	270
596	558
596	629
596	645
596	665
596	735
596	775
596	843
596	849
596	868
596	874
596	883
596	889
596	895
596	944
596	951
617	378
617	392
617	505
617	558
617	600
617	686
617	735
617	775
617	843
617	849
617	874
617	883
617	889
617	895
617	914
617	944
617	951
617	973
766	215
766	227
766	270
766	310
766	350
766	392
766	471
766	525
766	554
766	606
766	643
766	645
766	665
766	741
766	790
766	843
766	849
766	874
766	883
766	887
766	895
766	914
766	944
766	951
775	139
775	215
775	227
775	350
775	378
775	515
775	558
775	606
775	643
775	645
775	665
775	686
775	741
775	790
775	843
775	849
775	868
775	874
775	883
775	889
775	895
775	914
775	944
843	106
843	139
843	227
843	248
843	350
843	389
843	393
843	471
843	505
843	525
843	530
843	554
843	643
843	653
843	665
843	735
843	741
843	849
843	874
843	887
843	889
843	895
843	944
843	951
843	973
849	106
849	239
849	270
849	378
849	389
849	393
849	401
849	477
849	515
849	525
849	606
849	643
849	645
849	665
849	686
849	790
849	868
849	874
849	883
849	887
849	895
849	914
849	944
849	951
849	973
883	106
883	139
883	227
883	239
883	310
883	392
883	393
883	471
883	477
883	515
883	530
883	554
883	600
883	629
883	645
883	653
883	686
883	735
883	741
883	868
883	874
883	887
883	889
883	895
883	914
883	944
883	973
944	106
944	139
944	215
944	227
944	239
944	287
944	310
944	350
944	378
944	389
944	401
944	471
944	477
944	515
944	525
944	530
944	558
944	600
944	606
944	629
944	643
944	645
944	653
944	686
944	735
944	741
944	790
944	868
944	874
944	895
944	914
944	951
944	973
951	139
951	215
951	227
951	239
951	248
951	287
951	310
951	350
951	378
951	389
951	392
951	393
951	401
951	471
951	477
951	505
951	515
951	525
951	530
951	554
951	558
951	600
951	606
951	643
951	645
951	653
951	665
951	735
951	741
951	790
951	868
951	874
951	887
951	895
951	973
973	106
973	139
973	227
973	239
973	248
973	270
973	287
973	310
973	350
973	378
973	389
973	392
973	393
973	401
973	471
973	477
973	505
973	515
973	525
973	530
973	554
973	558
973	600
973	606
973	629
973	643
973	645
973	653
973	665
973	741
973	790
973	868
973	874
973	887
973	889
973	895
973	914
92	587
587	125
587	202
587	339
587	407
587	412
587	498
587	570
96	482
96	699
482	437
482	699
696	120
696	141
696	216
696	313
696	437
696	449
696	699
699	255
699	264
699	281
699	311
699	313
699	321
699	437
699	476
699	550
699	620
699	644
699	710
699	779
699	800
699	845
699	846
699	867
699	893
699	897
779	141
779	313
779	437
800	141
800	313
845	141
845	313
846	141
846	313
867	141
867	313
893	141
893	313
897	141
897	313
98	339
98	412
339	407
412	125
99	373
99	538
373	538
538	278
538	397
101	670
101	862
101	916
480	474
480	637
480	670
480	862
480	916
575	336
575	637
575	670
575	862
575	916
670	123
670	196
670	231
670	279
670	336
670	358
670	454
670	474
670	544
670	637
670	640
670	730
670	757
670	801
670	840
670	862
670	916
670	930
730	196
730	336
730	474
730	637
730	862
730	916
757	196
757	336
757	474
757	637
757	862
757	916
801	196
801	336
801	474
801	637
801	862
801	916
840	196
840	336
840	474
840	637
840	862
840	916
862	123
862	196
862	231
862	279
862	336
862	358
862	454
862	474
862	544
862	637
862	640
862	916
862	930
916	123
916	196
916	231
916	279
916	336
916	358
916	454
916	474
916	544
916	637
916	640
916	930
930	196
930	336
930	474
930	637
453	291
453	316
453	398
105	374
105	668
374	116
374	668
445	116
445	668
534	116
534	668
661	116
661	668
668	116
668	210
668	827
668	863
668	876
668	884
668	922
827	116
863	116
876	116
884	116
922	116
106	471
106	645
106	887
106	889
106	895
471	139
471	239
471	505
471	606
471	629
471	686
471	790
471	874
471	887
645	139
645	310
645	477
645	554
645	686
645	735
645	790
645	887
645	889
645	895
645	914
887	215
887	239
887	287
887	378
887	392
887	401
887	477
887	505
887	515
887	554
887	558
887	600
887	606
887	629
887	643
887	653
887	686
887	735
887	741
887	790
887	868
887	874
887	889
887	895
889	215
889	239
889	248
889	270
889	287
889	350
889	378
889	389
889	505
889	525
889	530
889	554
889	558
889	600
889	606
889	629
889	643
889	653
889	665
889	686
889	735
889	790
889	868
889	874
889	914
895	215
895	239
895	248
895	287
895	310
895	350
895	392
895	401
895	505
895	515
895	525
895	558
895	600
895	629
895	653
895	665
895	686
895	741
895	790
895	868
895	914
108	304
108	377
108	413
108	460
108	562
108	626
304	249
304	413
304	626
413	137
460	137
460	197
562	137
562	267
626	137
626	267
109	557
109	624
109	692
109	740
109	744
109	793
109	798
109	815
109	820
109	844
109	852
557	154
557	209
557	367
557	485
624	154
624	209
624	367
624	485
692	154
692	209
692	367
692	485
740	154
740	209
740	367
740	485
744	154
744	209
744	367
744	485
793	154
793	209
793	367
793	485
798	154
798	209
798	367
798	485
815	154
815	209
815	367
815	485
820	154
820	209
820	367
820	485
844	154
844	209
844	367
844	485
852	154
852	209
852	367
852	485
110	726
110	823
110	853
423	726
423	823
423	853
456	726
456	823
456	853
493	726
493	823
493	853
578	726
578	823
578	853
616	726
616	823
616	853
724	726
724	823
724	853
726	189
726	303
726	345
726	395
726	811
726	823
726	853
726	968
811	823
811	853
823	189
823	303
823	345
823	395
823	853
823	968
853	189
853	303
853	345
853	395
853	968
115	547
115	813
488	318
488	455
488	547
488	813
547	164
547	226
547	318
547	357
547	410
547	455
547	516
547	604
547	608
547	739
547	764
547	813
547	833
547	971
547	975
604	318
604	455
604	813
608	318
608	455
608	813
739	318
739	455
739	813
764	318
764	455
764	813
813	164
813	226
813	318
813	357
813	410
813	455
813	516
813	833
813	971
813	975
833	318
833	455
971	318
971	455
975	318
975	455
116	210
118	818
818	409
818	421
818	781
119	486
486	176
486	436
486	470
486	561
486	642
642	263
642	344
642	470
120	673
120	710
644	264
673	264
673	311
673	528
710	313
123	637
637	196
637	231
637	279
637	336
637	358
637	454
637	474
637	544
637	640
640	196
640	336
640	474
125	570
570	275
126	133
126	366
133	229
133	322
144	203
366	135
366	143
366	161
366	322
127	309
309	233
309	458
128	702
702	403
702	448
702	492
702	602
229	322
322	161
322	203
761	290
761	409
761	421
761	770
761	781
138	201
139	665
139	868
665	227
665	350
665	378
665	389
665	392
665	558
665	629
665	643
665	735
665	868
665	914
868	248
868	287
868	310
868	393
868	401
868	477
868	515
868	525
868	530
868	554
868	600
868	606
868	629
868	643
868	653
868	686
868	735
868	741
868	874
868	914
141	216
141	311
141	620
216	281
216	550
620	255
620	313
620	476
620	550
145	235
355	382
151	448
151	524
151	602
448	404
524	492
524	602
602	492
152	506
506	238
506	291
155	325
332	172
332	272
157	417
157	527
157	763
417	362
417	527
417	582
527	755
763	243
763	258
763	361
763	388
763	411
763	577
763	663
869	158
869	190
869	208
869	258
869	362
869	663
869	755
158	361
361	628
361	663
164	455
455	318
455	357
455	410
455	516
516	318
172	230
172	274
230	428
274	272
173	577
173	628
173	755
577	362
577	582
577	628
577	638
577	755
755	208
755	265
755	388
755	411
755	638
755	663
176	344
344	263
344	470
344	561
561	263
561	470
759	268
759	334
759	356
759	360
759	415
759	430
759	503
759	539
759	559
759	568
759	597
759	625
759	753
330	337
190	411
745	205
745	408
745	450
745	781
196	544
544	336
544	474
498	275
207	470
436	470
208	362
211	536
368	536
536	326
212	342
215	389
215	392
215	735
215	741
215	914
389	270
389	401
389	477
389	653
389	874
389	914
392	393
392	629
392	643
392	874
392	914
735	248
735	270
735	378
735	393
735	515
735	554
735	600
735	643
735	653
735	686
735	874
735	914
741	239
741	378
741	477
741	505
741	515
741	525
741	530
741	554
741	558
741	600
741	643
741	686
741	790
914	227
914	239
914	270
914	287
914	310
914	378
914	393
914	401
914	477
914	505
914	525
914	530
914	558
914	600
914	606
914	629
914	653
914	686
914	874
281	264
550	476
219	294
294	278
222	597
222	753
597	300
597	323
597	356
597	539
597	568
597	625
597	753
753	268
753	300
753	334
753	356
753	360
753	430
753	503
753	539
753	559
753	568
225	485
485	297
485	367
227	393
227	629
227	874
393	248
393	558
393	686
393	790
629	477
629	505
629	525
629	530
629	606
629	653
629	874
874	248
874	270
874	310
874	350
874	401
874	477
874	505
874	554
874	558
874	600
874	653
874	686
874	790
236	654
654	399
239	790
790	248
790	287
790	401
790	505
790	515
790	525
790	530
790	554
790	558
790	600
790	653
248	350
350	378
350	530
249	267
255	528
528	313
259	382
307	382
382	338
262	404
262	459
459	403
265	582
582	663
270	287
270	530
270	606
287	530
287	643
287	653
530	515
530	558
530	643
606	477
606	525
606	600
606	643
606	653
606	686
275	407
278	315
279	474
474	358
474	454
478	351
643	310
643	515
643	653
653	525
653	554
653	600
317	337
290	781
781	352
781	421
781	424
781	425
781	442
781	511
781	512
781	555
781	770
781	816
781	824
297	367
300	539
539	503
539	559
310	558
310	600
558	401
600	515
600	554
313	437
437	321
318	410
321	449
449	476
323	503
503	559
503	625
334	625
625	356
625	415
625	430
625	559
625	568
378	686
824	409
824	421
360	559
559	568
663	388
770	408
770	442
770	555
816	409
816	421
686	401
686	477
686	505
401	477
399	556
415	568
505	525
505	554
525	554
#End Disappearing Edges

*Newborn Edges
1	500
1	532
1	577
1	585
1	597
1	723
1	750
1	858
1	956
1	986
500	49
500	236
500	266
500	391
500	421
500	532
500	547
500	577
500	585
500	597
500	723
500	750
500	858
500	956
500	986
532	49
532	125
532	236
532	266
532	391
532	421
532	547
532	577
532	585
532	597
532	723
532	750
532	858
532	956
532	986
577	49
577	125
577	159
577	236
577	266
577	391
577	421
577	547
577	585
577	597
577	723
577	750
577	858
577	956
577	986
585	49
585	125
585	159
585	236
585	266
585	391
585	421
585	547
585	597
585	750
585	858
585	956
585	986
597	22
597	49
597	125
597	159
597	236
597	266
597	391
597	421
597	547
597	723
597	750
597	858
597	956
597	986
723	22
723	49
723	125
723	159
723	236
723	266
723	391
723	421
723	547
723	750
723	858
723	956
723	986
750	22
750	49
750	125
750	159
750	236
750	266
750	391
750	421
750	547
750	858
750	956
750	986
858	22
858	49
858	125
858	159
858	236
858	266
858	391
858	421
858	547
858	956
858	986
956	22
956	49
956	125
956	159
956	236
956	266
956	391
956	421
956	547
956	986
986	22
986	49
986	125
986	159
986	236
986	266
986	391
986	421
986	547
3	229
3	729
3	737
3	828
229	239
229	366
229	580
229	729
229	737
229	828
621	133
621	170
621	203
621	239
621	580
621	627
621	729
621	737
621	828
627	161
627	239
627	322
627	580
627	729
627	737
627	828
684	126
684	170
684	580
684	729
684	737
684	828
688	143
688	239
688	580
688	729
688	737
688	828
729	65
729	126
729	133
729	135
729	143
729	170
729	239
729	322
729	366
729	380
729	384
729	452
729	672
729	737
729	814
729	828
729	970
737	65
737	126
737	133
737	143
737	161
737	170
737	203
737	322
737	366
737	380
737	384
737	452
737	580
737	672
737	814
737	828
737	970
814	170
814	239
814	580
814	828
828	65
828	126
828	133
828	135
828	143
828	144
828	161
828	170
828	203
828	239
828	322
828	366
828	380
828	384
828	452
828	580
828	672
828	970
970	170
970	239
970	580
4	388
4	527
4	613
4	807
4	869
388	208
388	243
388	361
388	446
388	807
388	809
388	933
527	376
527	668
527	719
527	763
527	772
613	157
613	208
613	243
613	362
613	508
613	679
613	752
613	809
807	52
807	190
807	258
807	367
807	668
807	719
807	861
861	6
861	243
861	265
861	367
861	417
861	582
861	668
861	719
861	747
861	752
861	763
869	6
869	52
869	265
869	417
869	446
869	628
869	668
869	752
921	52
921	89
921	145
921	208
921	361
921	362
921	367
921	376
921	446
921	752
933	52
933	145
933	243
933	367
933	446
933	668
933	719
933	752
942	52
942	367
942	638
942	668
942	719
942	752
943	52
943	145
943	367
943	628
943	668
943	719
943	752
5	657
594	109
594	657
635	109
635	657
647	109
647	657
657	36
657	38
657	68
657	109
657	127
657	193
657	200
657	233
657	458
657	709
657	725
657	742
657	778
657	792
657	912
709	109
725	109
742	109
778	109
792	109
912	109
6	411
6	628
6	663
6	772
411	145
411	258
411	719
411	727
411	802
628	190
628	208
628	367
628	376
628	668
628	802
663	89
663	157
663	158
663	243
663	367
663	446
663	638
663	772
663	782
663	802
772	145
772	157
772	361
772	362
772	417
772	446
772	582
772	679
772	771
772	809
802	145
802	173
802	367
802	446
802	668
802	752
802	809
11	824
824	205
824	290
824	689
901	66
901	104
901	313
901	689
927	313
927	689
941	313
941	689
960	313
960	689
969	313
969	689
977	313
977	689
980	313
980	689
981	313
981	689
984	313
984	689
12	649
12	768
12	794
649	32
649	33
649	461
649	768
768	32
768	33
768	88
768	178
768	343
768	405
768	461
768	513
768	556
768	569
768	654
768	787
768	794
768	805
768	836
768	850
768	873
768	878
768	890
787	88
787	461
794	461
805	461
836	461
850	461
873	461
878	461
890	461
13	434
13	487
13	491
13	630
13	686
13	712
13	813
13	881
13	950
13	973
434	273
434	298
434	416
434	469
434	487
434	491
434	519
434	630
434	686
434	712
434	813
434	881
434	950
434	973
487	237
487	273
487	298
487	416
487	469
487	491
487	630
487	686
487	712
487	813
487	881
487	950
487	973
491	237
491	298
491	304
491	416
491	469
491	519
491	630
491	686
491	712
491	813
491	881
491	950
491	973
630	237
630	273
630	298
630	304
630	351
630	416
630	469
630	519
630	686
630	712
630	813
630	881
630	950
630	973
686	237
686	273
686	298
686	304
686	351
686	416
686	469
686	519
686	712
686	813
686	881
686	950
712	237
712	273
712	298
712	304
712	351
712	416
712	469
712	519
712	813
712	881
712	950
712	973
813	237
813	273
813	298
813	304
813	351
813	416
813	469
813	519
813	881
813	950
813	973
881	237
881	273
881	298
881	304
881	351
881	416
881	469
881	519
881	950
881	973
950	237
950	273
950	298
950	304
950	351
950	416
950	469
950	519
950	973
973	237
973	273
973	298
973	304
973	351
973	416
973	469
973	519
15	63
15	142
15	531
15	806
15	841
15	854
15	870
15	907
15	953
15	955
63	94
63	247
63	386
63	509
63	854
142	238
142	854
531	94
531	235
531	342
531	732
531	769
531	854
806	31
806	82
806	152
806	212
806	235
806	386
806	470
806	748
806	854
841	103
841	152
841	329
841	386
841	470
841	611
841	854
854	31
854	76
854	94
854	103
854	238
854	316
854	329
854	342
854	386
854	426
854	433
854	453
854	467
854	470
854	495
854	506
854	611
854	715
854	732
854	748
854	769
854	870
854	907
854	953
854	955
870	76
870	235
870	316
907	235
907	386
907	470
953	235
953	386
953	470
955	235
955	386
955	470
16	492
16	545
16	573
16	773
492	56
492	151
492	448
492	459
492	545
492	746
492	817
545	185
545	448
545	501
545	524
545	702
545	728
545	746
545	773
545	817
545	848
545	924
545	932
545	939
545	948
545	959
573	28
573	262
573	286
573	501
573	587
573	799
773	151
773	262
773	459
773	501
773	587
848	57
848	83
848	185
848	587
848	799
924	83
924	587
932	83
932	587
939	83
939	587
948	83
948	587
959	83
959	587
20	498
20	570
20	704
20	705
20	714
20	731
20	751
20	853
20	864
20	965
498	339
498	731
498	853
570	24
570	92
570	731
570	853
704	731
704	853
705	731
705	853
714	731
714	853
731	24
731	92
731	202
731	339
731	407
731	412
731	468
731	517
731	751
731	853
731	864
731	965
751	853
853	24
853	92
853	202
853	339
853	407
853	412
853	468
853	517
853	864
853	965
22	159
22	391
22	421
22	547
159	421
159	547
391	236
391	421
391	547
421	266
421	547
547	125
547	236
547	266
517	202
517	407
26	325
26	560
26	607
26	610
26	693
26	785
26	808
26	838
26	885
26	888
325	560
325	610
325	637
560	54
560	382
560	610
560	637
607	54
607	382
607	610
607	637
610	53
610	67
610	146
610	283
610	335
610	365
610	478
610	637
610	693
610	785
610	808
610	838
610	885
610	888
693	54
693	382
693	637
785	54
785	382
785	637
808	54
808	382
808	637
838	54
838	382
838	637
885	54
885	382
885	637
888	54
888	382
888	637
27	75
27	124
75	134
75	295
75	319
75	341
124	295
124	333
124	341
295	62
319	62
319	134
333	62
333	134
341	62
341	134
28	587
28	667
28	746
587	93
587	198
587	286
587	385
587	524
587	602
587	702
587	799
587	817
667	87
667	262
667	286
667	459
667	501
746	87
746	151
746	583
746	728
799	57
799	83
799	87
799	448
30	409
30	562
30	626
271	179
271	396
271	409
271	499
396	179
396	249
396	460
409	197
409	209
409	249
409	377
409	460
409	499
409	562
409	626
409	677
409	810
409	855
409	967
499	197
499	209
499	377
562	179
562	209
626	209
677	209
810	209
855	209
967	209
31	316
31	470
31	506
316	470
316	506
470	212
470	426
470	433
470	467
470	495
470	732
470	769
506	76
506	235
506	386
506	426
506	467
506	732
37	536
37	543
37	687
37	783
37	789
37	886
37	889
37	900
37	938
37	987
536	267
536	269
536	306
536	336
536	344
536	399
536	474
536	687
536	783
536	789
536	886
536	889
536	900
536	938
536	987
543	267
543	269
543	280
543	336
543	344
543	399
543	474
543	687
543	783
543	789
543	886
543	889
543	900
543	938
543	987
687	267
687	269
687	280
687	306
687	336
687	344
687	399
687	474
687	783
687	789
687	886
687	889
687	900
687	938
687	987
783	267
783	269
783	280
783	306
783	336
783	344
783	399
783	474
783	789
783	889
783	900
783	938
783	987
789	267
789	269
789	280
789	306
789	336
789	344
789	399
789	474
789	886
789	889
789	900
789	938
789	987
886	267
886	269
886	280
886	306
886	336
886	344
886	399
886	474
886	889
886	900
886	938
886	987
889	267
889	269
889	280
889	306
889	336
889	344
889	399
889	474
889	900
889	938
889	987
900	267
900	269
900	280
900	306
900	336
900	344
900	399
900	474
900	938
900	987
938	267
938	269
938	280
938	306
938	336
938	344
938	399
938	474
938	987
987	267
987	269
987	280
987	306
987	336
987	344
987	399
987	474
42	181
42	234
42	284
42	418
42	475
42	646
42	755
42	804
42	929
181	755
181	929
234	755
234	929
284	755
284	929
418	755
418	929
475	755
475	929
646	755
646	929
755	804
755	929
804	929
46	695
46	700
46	781
46	791
46	797
46	915
46	935
46	985
46	988
46	990
695	64
695	275
695	305
695	444
695	477
695	549
695	603
695	615
695	700
695	781
695	791
695	797
695	915
695	935
695	985
695	988
695	990
700	64
700	275
700	305
700	444
700	477
700	549
700	603
700	615
700	781
700	791
700	797
700	915
700	935
700	985
700	988
700	990
781	64
781	275
781	305
781	444
781	477
781	549
781	603
781	615
781	791
781	797
781	915
781	935
781	985
781	990
791	64
791	275
791	305
791	444
791	477
791	549
791	603
791	615
791	797
791	915
791	935
791	985
791	988
791	990
797	64
797	275
797	305
797	444
797	477
797	549
797	603
797	615
797	915
797	935
797	985
797	988
797	990
915	64
915	275
915	305
915	444
915	477
915	549
915	603
915	615
915	985
915	988
915	990
935	64
935	275
935	305
935	444
935	477
935	549
935	603
935	615
935	985
935	988
935	990
985	64
985	275
985	305
985	444
985	477
985	549
985	603
985	615
985	988
985	990
988	64
988	275
988	305
988	444
988	477
988	549
988	603
988	615
988	990
990	64
990	275
990	305
990	444
990	477
990	549
990	603
990	615
990	867
47	368
47	379
47	473
47	734
47	913
368	379
368	451
368	734
368	913
379	211
379	251
379	464
379	734
379	913
451	251
451	326
451	734
451	913
464	211
464	251
464	734
464	913
473	211
473	734
473	913
722	734
722	913
734	211
734	251
734	326
734	837
734	892
734	913
837	913
892	913
913	211
913	251
913	326
48	277
48	324
48	354
48	398
48	403
48	823
117	354
117	398
117	403
117	823
276	97
276	184
276	354
276	398
276	403
276	823
277	354
277	398
277	403
277	823
324	354
324	398
324	403
324	823
354	97
354	184
354	398
354	403
354	708
354	823
354	947
398	97
398	184
398	403
398	708
398	823
398	947
403	97
403	184
403	708
403	823
403	947
708	823
823	97
823	184
823	947
50	634
50	726
50	821
634	278
634	538
634	703
634	726
634	821
694	90
694	703
694	726
694	821
726	90
726	99
726	132
726	219
726	278
726	315
726	373
726	397
726	538
726	584
726	619
726	631
726	703
726	786
726	821
726	826
726	832
726	857
726	880
726	979
786	703
786	821
821	90
821	99
821	132
821	219
821	278
821	315
821	373
821	397
821	538
821	584
821	619
821	631
821	703
821	826
821	832
821	857
821	880
821	979
826	703
832	703
857	703
880	703
979	703
51	307
51	338
51	432
51	894
307	150
307	355
307	432
307	894
338	150
338	259
338	432
338	894
432	98
432	150
432	259
432	355
432	523
432	612
432	614
432	622
432	651
432	718
432	894
523	98
523	894
612	98
612	894
614	98
614	894
622	98
622	894
651	98
651	894
718	98
718	894
894	98
894	150
894	259
894	355
52	508
52	638
52	771
52	782
508	145
508	367
508	752
508	763
508	771
638	158
638	190
638	361
638	679
638	719
771	190
771	258
771	265
771	668
782	145
782	158
782	265
782	446
782	668
782	727
782	752
53	283
53	382
53	637
283	637
382	155
382	335
382	365
382	637
637	54
637	67
637	146
637	155
637	335
637	365
637	478
56	583
56	602
583	262
602	93
602	262
602	385
602	728
57	93
93	702
59	289
59	330
59	572
59	862
289	86
289	188
289	457
289	862
330	113
330	147
330	317
330	862
457	113
457	188
457	520
457	862
520	113
520	147
520	572
520	862
572	86
572	862
862	86
862	113
862	147
862	188
862	317
862	875
862	898
862	928
862	934
62	134
247	342
247	495
247	748
247	769
386	212
386	329
386	433
386	509
386	732
386	769
509	103
509	238
509	611
509	732
732	235
732	715
732	769
65	133
65	239
133	452
133	580
239	322
239	384
239	580
452	135
452	366
452	380
452	580
66	761
761	118
761	408
761	424
761	442
761	450
67	365
67	478
365	146
478	155
69	620
69	696
69	779
69	800
69	845
69	846
69	867
69	883
69	893
69	897
620	216
620	437
620	673
620	696
620	883
696	255
696	528
696	710
696	779
696	883
779	264
779	883
800	482
800	883
845	883
846	883
867	883
883	96
883	120
883	216
883	255
883	264
883	281
883	311
883	321
883	437
883	449
883	476
883	482
883	528
883	550
883	644
883	673
883	710
883	893
883	897
70	240
70	428
70	633
70	720
70	1000
156	272
156	633
156	720
156	1000
240	172
240	230
240	332
240	633
240	720
240	1000
428	172
428	274
428	633
428	720
428	1000
633	172
633	183
633	230
633	232
633	272
633	274
633	332
633	414
633	466
633	691
633	720
633	788
633	896
633	918
633	1000
691	720
691	1000
720	172
720	183
720	230
720	232
720	272
720	274
720	332
720	414
720	466
720	788
720	896
720	918
720	1000
788	1000
896	1000
918	1000
1000	113
1000	172
1000	183
1000	230
1000	232
1000	272
1000	274
1000	332
1000	414
1000	466
76	769
426	238
426	429
611	82
611	235
611	238
611	329
769	212
769	429
769	715
77	201
77	224
77	435
77	443
77	447
77	548
201	79
201	85
201	364
201	443
201	447
224	79
224	85
224	186
224	246
224	435
224	447
224	548
246	140
246	364
246	447
246	548
435	138
435	447
435	588
443	79
443	138
443	140
443	186
443	588
447	79
447	85
447	138
447	140
447	186
447	364
447	548
447	588
447	738
447	966
548	140
588	79
588	85
588	364
78	515
78	564
78	571
78	670
78	671
78	698
78	717
78	767
78	914
78	952
515	137
515	141
515	192
515	291
515	308
515	563
515	564
515	571
515	670
515	671
515	698
515	717
515	767
515	952
564	137
564	139
564	141
564	154
564	192
564	291
564	308
564	563
564	571
564	670
564	671
564	698
564	717
564	767
564	914
564	952
571	122
571	137
571	139
571	141
571	154
571	291
571	308
571	563
571	670
571	671
571	698
571	717
571	767
571	914
571	952
670	122
670	137
670	139
670	141
670	154
670	192
670	291
670	308
670	563
670	671
670	698
670	717
670	767
670	914
670	952
671	122
671	137
671	139
671	141
671	154
671	192
671	291
671	308
671	563
671	698
671	717
671	767
671	914
671	952
698	122
698	137
698	139
698	141
698	154
698	192
698	291
698	308
698	563
698	717
698	767
698	914
698	952
717	122
717	137
717	139
717	141
717	154
717	192
717	291
717	308
717	563
717	767
717	914
717	952
767	122
767	137
767	139
767	141
767	154
767	192
767	291
767	308
767	563
767	914
767	952
914	122
914	137
914	139
914	141
914	154
914	192
914	291
914	308
914	563
914	952
952	122
952	137
952	139
952	141
952	154
952	192
952	291
952	308
952	563
364	138
364	140
81	395
81	423
81	456
81	493
81	578
81	616
81	724
81	811
81	926
81	968
395	110
395	189
395	926
423	926
456	926
493	926
578	926
616	926
724	926
811	926
926	110
926	189
926	303
926	345
926	968
82	748
429	313
429	467
429	495
433	467
433	495
433	715
433	748
748	235
748	329
748	342
748	453
83	128
83	501
83	817
128	385
128	459
501	728
817	87
817	198
85	140
140	138
86	317
317	147
317	188
89	719
89	809
719	145
719	157
719	158
719	190
719	265
719	362
719	376
719	582
719	668
719	679
719	727
719	752
719	763
719	910
809	258
809	362
809	367
809	446
809	582
809	668
809	752
910	145
910	158
910	367
910	417
910	446
910	668
910	727
910	752
90	703
703	99
703	132
703	219
703	278
703	315
703	373
703	397
703	538
703	584
703	619
703	631
468	339
468	412
702	262
702	286
702	404
702	459
96	673
673	281
97	184
98	259
98	355
259	355
99	619
101	544
101	640
101	909
480	123
480	279
480	337
480	358
480	909
544	123
544	231
544	279
544	337
544	909
575	123
575	337
575	909
640	337
640	909
730	337
730	909
757	337
757	909
801	337
801	909
840	337
840	909
909	123
909	231
909	279
909	358
909	454
909	930
930	337
453	235
453	329
453	715
715	212
715	329
105	430
105	486
430	210
430	213
430	296
430	374
430	445
430	486
430	534
430	661
430	827
430	863
430	876
430	884
430	922
445	213
445	296
445	486
486	210
486	213
486	296
486	374
486	534
486	661
486	827
486	863
486	876
486	884
486	922
534	213
534	296
661	213
661	296
827	213
827	296
863	213
863	296
876	213
876	296
884	213
884	296
922	213
922	296
109	458
110	345
345	189
112	119
112	436
112	522
112	561
112	598
112	642
112	678
112	701
112	796
112	822
112	982
119	436
119	561
436	250
436	294
522	176
522	207
522	250
522	294
561	250
561	294
598	176
598	207
598	294
642	294
678	294
701	294
796	294
822	294
982	294
114	624
114	692
114	699
114	740
114	744
114	793
114	798
114	815
114	820
114	844
114	852
624	116
624	131
624	148
624	699
692	116
692	131
692	148
692	699
699	116
699	131
699	148
699	225
699	297
699	557
699	740
699	744
699	793
699	798
699	815
699	820
699	844
699	852
740	116
740	131
740	148
744	116
744	131
744	148
793	116
793	131
793	148
798	116
798	131
798	148
815	116
815	131
815	148
820	116
820	131
820	148
844	116
844	131
844	148
852	116
852	131
852	148
115	357
115	410
115	516
357	164
357	309
410	164
410	226
410	309
488	164
488	309
516	309
604	309
608	309
739	309
764	309
833	309
971	309
975	309
118	816
816	290
816	352
816	689
120	255
120	437
437	449
437	476
437	644
122	291
122	563
291	308
291	563
563	137
563	139
563	141
563	154
563	192
563	308
123	454
454	231
454	279
454	337
126	580
126	672
144	161
144	366
144	580
580	322
580	380
580	384
580	672
672	170
385	151
385	404
385	448
459	524
631	219
135	203
135	384
143	203
161	384
203	170
203	380
136	770
770	195
770	205
770	352
770	424
770	689
138	186
139	154
366	170
366	380
145	752
752	157
752	158
752	190
752	208
752	265
752	446
752	668
752	679
752	747
752	763
151	728
728	448
728	524
152	342
152	495
342	235
342	467
183	232
183	274
183	414
272	230
272	466
466	232
157	747
747	190
747	243
747	258
747	367
747	417
747	668
747	679
158	763
763	173
763	367
763	446
763	668
165	680
301	680
680	766
170	380
232	414
173	361
173	679
361	258
679	362
679	446
679	582
679	727
176	250
176	294
250	294
294	214
178	654
654	461
179	197
179	413
413	209
413	249
413	460
460	209
460	249
274	332
190	376
376	446
376	582
376	727
192	308
745	313
745	363
745	442
745	511
745	689
377	209
377	249
198	524
524	404
207	214
208	727
727	258
727	362
727	417
727	582
374	213
374	296
211	326
326	251
213	296
216	311
216	476
311	550
476	281
221	766
221	859
221	961
766	859
766	961
226	309
230	332
231	358
358	279
358	337
237	304
237	351
237	416
304	298
304	351
304	416
304	519
351	273
351	416
351	469
351	519
416	469
416	519
258	362
362	668
264	321
264	550
321	710
550	449
265	668
668	417
668	446
267	306
267	344
306	269
306	399
306	474
344	399
344	474
269	474
474	280
474	399
273	469
273	519
469	298
469	519
519	298
275	603
275	615
603	305
603	444
603	477
603	549
603	615
615	305
615	444
615	477
615	549
280	336
336	399
286	404
290	818
818	313
818	408
818	425
818	689
305	549
549	444
549	477
528	482
313	689
689	425
689	442
689	450
689	511
689	512
689	555
689	590
339	412
412	407
343	556
343	569
556	461
569	405
569	461
405	513
513	461
408	590
590	512
590	555
424	555
444	477
#End Newborn Edges

*Degree Changed Nodes
1	2	10
814	23	27
970	23	27
432	15	14
828	21	27
213	6	12
720	6	19
750	6	19
1000	3	20
927	37	35
941	37	35
960	37	35
969	37	35
977	37	35
980	37	35
981	37	35
984	37	35
988	37	18
787	26	21
805	27	21
836	27	21
850	27	21
873	27	21
878	27	21
890	27	21
894	27	14
251	12	11
451	15	13
473	16	13
695	19	18
703	19	22
722	19	13
837	19	13
892	19	13
723	21	19
734	21	13
900	35	18
924	36	37
932	36	37
939	36	37
948	36	37
959	36	37
64	3	10
444	3	14
717	3	19
794	26	21
131	10	11
324	13	12
633	14	19
708	14	12
731	14	18
797	14	18
947	14	12
113	11	10
520	17	15
572	18	15
657	21	19
821	21	23
875	21	15
898	21	15
909	21	16
928	21	15
934	21	15
62	9	10
567	18	12
592	18	12
636	18	12
698	18	19
711	18	12
680	21	3
704	21	18
705	22	18
714	21	18
719	21	23
751	21	18
864	21	18
965	21	18
915	32	18
926	32	14
935	32	18
181	10	9
234	10	9
237	10	12
284	10	9
298	10	13
418	10	9
461	10	14
475	10	9
646	10	9
804	10	9
295	13	12
319	13	12
333	13	12
341	13	12
583	18	17
677	21	17
810	21	17
855	21	17
967	21	17
953	36	38
955	36	38
42	10	9
354	13	12
464	15	13
296	13	12
687	22	18
786	24	23
826	24	23
832	24	23
857	24	23
880	24	23
979	24	23
523	17	14
610	17	19
612	17	14
614	17	14
622	17	14
651	17	14
718	17	14
752	17	24
783	17	18
886	17	18
54	10	9
588	18	16
738	24	16
768	23	21
913	23	13
966	23	16
67	9	10
68	9	10
69	9	10
603	19	16
691	20	19
788	20	19
896	20	19
918	20	19
280	12	11
548	17	16
671	21	19
522	17	16
598	19	16
615	19	16
678	21	16
701	21	16
796	21	16
822	21	16
929	21	9
982	21	16
221	12	3
89	9	10
584	18	16
619	19	18
766	25	4
883	33	27
973	45	18
699	22	17
845	28	27
846	28	27
893	28	27
897	28	27
538	17	14
575	18	16
670	21	19
730	21	16
757	21	16
801	21	16
840	21	16
862	21	15
930	21	16
103	10	9
374	12	13
445	12	14
534	12	14
661	12	14
668	12	21
827	12	14
863	12	14
876	12	14
884	12	14
922	12	14
889	34	18
562	18	17
626	20	17
557	17	13
423	15	14
456	15	14
493	15	14
578	15	14
616	15	14
724	15	14
726	15	23
811	15	14
823	15	12
853	15	18
968	15	14
112	10	11
115	10	11
488	16	14
604	17	14
608	17	14
739	17	14
764	17	14
813	17	18
833	17	14
971	17	14
975	17	14
119	10	11
486	16	14
642	20	16
123	10	11
640	20	16
125	11	10
309	13	12
137	10	11
142	10	11
516	16	14
274	12	11
755	25	9
561	18	16
186	11	10
544	17	16
368	14	13
914	36	19
233	12	11
654	19	17
407	14	13
403	14	12
781	26	18
297	13	12
367	13	14
303	13	11
395	13	14
337	13	12
326	13	12
686	22	18
477	16	14
398	14	12
556	17	16
430	15	14
569	15	16
859	2	3
961	2	3
