*Disappearing Nodes
604
610
803
691
23
121
179
275
957
535
40
669
532
839
860
911
919
940
282
359
480
521
584
655
78
95
595
206
129
428
457
542
560
642
599
898
925
656
788
285
373
400
301
675
347
391
490
241
520
641
278
314
328
705
440
707
538
#End Disappearing Nodes

*Newborn Nodes
#End Newborn Nodes

*Disappearing Edges
1	86
1	181
1	202
1	265
86	84
86	99
86	134
86	146
86	165
86	181
86	183
86	202
86	265
99	68
99	181
99	202
99	265
134	68
134	202
134	265
146	68
146	181
146	202
146	265
165	68
165	181
165	202
165	265
181	68
181	84
181	183
181	193
181	202
181	265
183	68
183	202
183	265
193	68
193	202
193	265
202	68
202	265
265	68
265	84
2	604
2	610
2	725
2	789
2	803
2	804
2	810
2	845
2	846
604	3
604	40
604	95
604	245
604	440
604	595
604	620
604	642
604	691
604	725
604	751
604	767
604	778
604	783
604	803
604	810
604	845
604	846
610	3
610	40
610	129
610	440
610	448
610	620
610	642
610	691
610	751
610	767
610	778
610	783
610	789
610	803
610	804
610	810
610	845
610	846
725	129
725	197
725	245
725	397
725	440
725	448
725	595
725	620
725	642
725	669
725	691
725	767
725	778
725	783
725	789
725	803
725	804
725	810
725	845
725	846
767	40
767	78
767	141
767	245
767	397
767	440
767	448
767	595
767	620
767	642
767	669
767	691
767	751
767	778
767	783
767	789
767	803
767	804
767	810
767	845
767	846
789	3
789	95
789	101
789	129
789	197
789	245
789	448
789	595
789	642
789	669
789	691
789	751
789	778
789	783
789	803
789	804
789	810
803	3
803	78
803	95
803	101
803	129
803	141
803	197
803	397
803	440
803	448
803	595
803	642
803	669
803	691
803	751
803	778
803	783
803	804
803	810
803	845
803	846
804	40
804	95
804	101
804	129
804	141
804	245
804	397
804	440
804	595
804	620
804	642
804	669
804	691
804	751
804	778
804	845
804	846
810	3
810	40
810	78
810	101
810	141
810	245
810	397
810	440
810	595
810	620
810	642
810	669
810	751
810	778
810	845
810	846
845	3
845	40
845	78
845	95
845	101
845	129
845	197
845	245
845	440
845	448
845	595
845	642
845	669
845	691
845	751
845	778
845	783
846	3
846	40
846	78
846	95
846	101
846	129
846	197
846	245
846	440
846	448
846	595
846	642
846	669
846	691
846	751
846	778
846	783
3	691
3	778
3	783
691	78
691	141
691	245
691	440
691	448
691	595
691	620
691	642
691	669
691	751
691	778
691	783
778	40
778	78
778	95
778	101
778	197
778	245
778	397
778	440
778	448
778	595
778	642
778	669
778	751
778	783
783	78
783	95
783	101
783	129
783	245
783	397
783	440
783	595
783	620
783	642
783	669
783	751
4	688
4	796
4	807
4	861
4	916
688	116
688	157
688	173
688	628
688	661
688	663
688	747
688	755
688	763
688	771
688	802
688	807
688	838
688	861
688	875
688	885
688	910
688	916
688	942
688	943
796	173
796	208
796	388
796	527
796	628
796	643
796	661
796	663
796	679
796	727
796	747
796	755
796	802
796	807
796	814
796	838
796	861
796	869
796	875
796	885
796	910
796	921
796	942
796	943
807	258
807	508
807	643
807	747
807	771
807	814
807	916
861	111
861	243
861	376
861	411
861	531
861	814
861	916
885	111
885	411
885	508
885	531
885	814
885	916
910	111
910	527
910	531
910	679
910	814
910	916
916	111
916	116
916	157
916	208
916	221
916	376
916	388
916	411
916	531
916	628
916	638
916	643
916	661
916	663
916	679
916	727
916	747
916	755
916	763
916	771
916	802
916	809
916	814
916	838
916	869
916	875
916	921
916	942
916	943
921	111
921	809
921	814
942	111
942	531
942	814
943	111
943	531
943	814
5	155
5	185
5	257
39	155
39	185
39	257
49	155
49	257
97	185
97	257
105	155
105	185
105	257
117	155
117	185
117	257
120	155
120	185
120	257
155	21
155	48
155	185
155	257
155	276
185	21
185	48
185	257
185	276
257	21
257	48
257	276
6	26
6	33
6	52
6	131
6	170
6	300
6	336
6	338
6	418
6	486
26	33
26	123
26	214
26	336
26	338
26	486
33	38
33	83
33	170
33	214
33	336
33	385
33	418
33	486
52	649
52	677
52	891
52	894
131	38
131	123
131	205
131	214
131	338
131	486
170	83
170	123
170	486
300	38
300	486
336	214
336	385
336	486
338	214
338	385
338	486
418	214
418	486
486	38
486	83
486	123
486	205
486	214
486	340
486	385
7	714
7	752
7	793
714	43
714	225
714	358
714	367
714	378
714	435
714	546
714	602
714	615
714	624
714	626
714	720
714	744
714	752
714	793
714	798
714	820
714	823
714	852
714	867
714	877
714	890
752	267
752	378
752	414
752	562
752	589
752	602
793	43
793	267
793	378
793	414
793	602
815	43
815	267
815	378
815	562
815	589
815	602
820	175
820	378
820	414
820	562
820	589
820	602
823	175
823	378
823	562
823	589
823	602
852	43
852	175
852	267
852	414
852	562
852	589
852	602
867	43
867	267
867	378
867	414
867	562
867	589
867	602
877	43
877	175
877	267
877	378
877	414
877	562
877	589
890	43
890	175
890	267
890	378
890	414
890	562
890	589
890	602
8	613
8	851
8	864
8	865
8	879
8	884
8	893
8	897
8	903
8	906
613	174
613	375
613	897
851	432
851	645
851	897
864	76
864	432
864	645
864	897
865	432
865	645
865	685
865	897
879	76
879	645
879	897
884	76
884	432
884	645
884	897
893	432
893	645
893	897
897	76
897	130
897	174
897	223
897	279
897	346
897	370
897	375
897	406
897	419
897	427
897	432
897	465
897	469
897	472
897	483
897	541
897	683
897	721
897	811
897	834
897	858
897	866
897	896
897	903
897	906
903	76
903	432
903	645
906	76
906	432
906	645
9	67
9	230
9	455
9	460
9	637
9	644
9	650
9	659
9	730
9	784
67	217
67	302
67	659
67	743
230	124
230	231
230	416
230	460
230	637
230	730
455	217
455	416
455	460
455	650
460	217
460	335
637	115
637	119
637	335
637	598
637	700
637	743
644	119
644	124
644	231
644	377
644	416
644	494
650	119
650	124
650	416
650	463
659	115
659	124
659	231
659	302
659	494
730	218
730	231
730	463
730	743
784	217
784	218
784	743
10	94
10	100
10	166
10	273
27	100
27	103
27	166
27	273
94	58
94	63
94	100
94	103
94	159
94	216
94	220
94	250
94	273
100	166
100	273
103	166
103	273
159	166
159	273
166	58
166	63
166	216
166	220
166	250
166	273
216	273
220	273
250	273
273	58
273	63
11	917
11	947
11	969
917	136
917	188
917	290
917	445
917	530
917	582
927	104
927	188
927	195
927	442
927	530
927	582
927	673
947	66
947	530
947	561
947	582
947	673
960	32
960	66
960	561
960	673
969	530
969	561
969	582
969	673
977	530
977	561
977	582
977	673
980	530
980	561
980	582
980	673
981	530
981	561
981	582
981	673
982	530
982	561
982	582
982	673
984	530
984	561
984	582
984	673
12	164
12	534
12	631
12	891
12	894
164	657
164	779
164	891
534	535
534	631
534	689
534	706
534	717
534	891
631	158
631	332
631	341
631	706
631	891
717	178
717	266
717	431
717	513
717	549
717	677
717	737
717	878
717	891
779	30
779	178
779	266
779	332
779	431
779	535
779	657
779	737
779	891
878	30
878	266
878	344
878	535
878	857
878	891
891	42
891	158
891	178
891	266
891	332
891	341
891	344
891	405
891	431
891	513
891	535
891	549
891	581
891	649
891	654
891	657
891	677
891	706
891	737
891	750
891	840
891	850
891	857
891	894
891	904
891	909
894	266
894	431
894	535
894	706
904	30
904	42
904	266
904	431
904	535
909	30
909	266
909	431
909	535
13	75
13	451
13	563
13	668
13	791
75	255
75	407
75	473
75	537
75	563
75	668
75	722
75	785
75	837
451	145
451	244
451	368
451	668
451	722
451	739
451	791
537	145
537	251
537	446
537	557
537	668
537	791
563	255
563	362
563	368
563	386
563	473
563	557
563	668
563	791
668	118
668	145
668	160
668	244
668	251
668	326
668	354
668	446
668	473
668	693
668	703
668	722
668	739
668	785
668	791
668	837
693	47
693	354
693	368
693	557
693	791
722	255
722	407
722	557
722	791
785	145
785	255
785	557
785	791
791	47
791	118
791	145
791	160
791	244
791	251
791	255
791	326
791	354
791	362
791	368
791	386
791	407
791	473
791	557
791	703
791	739
791	837
837	145
837	255
837	557
14	20
14	41
14	44
14	69
14	81
14	110
14	122
14	139
14	150
14	184
20	122
20	139
20	150
41	44
41	122
41	139
41	150
44	69
44	81
44	89
44	110
44	122
44	139
44	150
44	184
69	122
69	139
69	150
81	122
81	139
81	150
110	122
110	139
110	150
122	89
122	139
122	150
122	184
139	89
139	150
139	184
150	89
150	184
15	623
15	687
15	712
15	760
15	801
15	825
15	856
15	892
15	913
15	923
623	79
623	140
623	186
623	748
623	762
623	856
623	923
687	88
687	601
687	708
687	856
687	923
712	138
712	311
712	413
712	601
712	708
712	748
712	856
712	923
760	200
760	384
760	484
760	748
760	825
760	856
760	923
801	143
801	192
801	384
801	601
801	748
801	856
801	923
825	192
825	384
825	601
825	708
825	748
825	856
825	923
856	79
856	132
856	138
856	140
856	143
856	186
856	192
856	246
856	311
856	384
856	413
856	484
856	548
856	601
856	605
856	671
856	708
856	738
856	762
856	768
856	806
856	892
856	913
856	923
892	143
892	384
892	708
892	748
892	923
913	143
913	192
913	384
913	601
913	708
913	748
913	923
923	77
923	79
923	85
923	88
923	132
923	138
923	140
923	143
923	148
923	186
923	192
923	200
923	246
923	311
923	384
923	413
923	484
923	548
923	601
923	605
923	671
923	708
923	738
923	748
923	762
923	768
923	806
16	848
16	881
16	886
16	966
16	972
848	28
848	151
848	271
848	666
848	746
848	881
848	886
848	966
848	972
881	93
881	128
881	262
881	403
881	459
881	461
881	524
881	573
881	583
881	665
881	695
881	702
881	728
881	746
881	773
881	797
881	799
881	853
881	886
881	900
881	922
881	924
881	928
881	932
881	939
881	948
881	959
881	966
881	968
881	972
886	57
886	59
886	151
886	209
886	298
886	403
886	459
886	524
886	573
886	583
886	665
886	666
886	667
886	695
886	702
886	746
886	797
886	799
886	853
886	900
886	922
886	924
886	928
886	932
886	939
886	948
886	959
886	966
886	968
886	972
900	59
900	198
900	665
900	666
900	702
900	966
900	972
924	56
924	57
924	198
924	271
924	299
924	665
924	666
924	695
924	853
924	928
924	966
924	972
932	128
932	209
932	271
932	299
932	665
932	666
932	702
932	966
932	972
939	28
939	262
939	299
939	459
939	665
939	666
939	667
939	797
939	966
939	972
966	28
966	56
966	57
966	59
966	93
966	128
966	151
966	198
966	262
966	271
966	298
966	299
966	403
966	459
966	461
966	492
966	524
966	573
966	583
966	665
966	666
966	667
966	695
966	702
966	728
966	746
966	773
966	797
966	799
966	853
966	922
966	928
966	948
966	959
966	968
966	972
968	93
968	299
968	665
968	666
968	972
972	28
972	56
972	57
972	59
972	93
972	128
972	151
972	198
972	209
972	262
972	271
972	298
972	299
972	403
972	459
972	461
972	492
972	524
972	573
972	583
972	665
972	666
972	667
972	695
972	702
972	728
972	746
972	773
972	797
972	799
972	853
972	922
972	928
972	948
972	959
17	161
17	256
17	319
17	382
17	593
17	612
17	646
161	248
161	261
161	319
161	575
161	591
161	593
161	608
161	612
161	646
161	647
256	34
256	199
256	248
256	361
256	371
256	382
256	575
256	593
256	612
256	646
256	647
319	361
319	612
319	646
382	144
382	253
382	261
382	343
382	361
382	381
382	575
382	591
382	608
382	646
382	647
591	199
591	253
591	343
591	361
591	593
591	612
591	646
593	34
593	144
593	199
593	248
593	253
593	261
593	343
593	361
593	371
593	381
593	575
593	608
593	612
593	646
593	647
608	253
608	343
608	422
608	612
608	646
612	144
612	199
612	248
612	253
612	261
612	343
612	371
612	381
612	575
612	646
612	647
646	34
646	144
646	199
646	248
646	253
646	261
646	343
646	361
646	371
646	575
646	647
647	199
647	253
647	343
647	361
18	596
18	741
18	775
18	843
18	874
18	944
596	310
596	505
596	554
596	572
596	600
596	698
596	782
596	843
596	895
596	914
600	239
600	284
600	392
600	572
600	606
600	698
600	699
600	874
741	106
741	215
741	352
741	392
741	782
741	849
741	889
741	895
741	914
775	352
775	389
775	505
775	606
775	698
775	735
775	749
775	874
775	887
843	106
843	227
843	270
843	331
843	525
843	606
843	686
843	735
843	749
843	782
874	29
874	227
874	239
874	352
874	653
874	698
874	699
874	782
889	106
889	133
889	284
889	287
889	331
889	352
889	477
889	505
889	525
889	554
889	782
889	790
944	239
944	270
944	331
944	350
944	352
944	389
944	505
944	653
944	699
944	782
951	215
951	227
951	331
951	350
951	352
951	653
951	699
951	766
951	782
951	849
951	895
951	914
973	331
973	352
973	606
973	699
973	766
973	782
973	895
19	547
19	579
19	692
19	704
163	53
163	280
163	434
163	523
163	547
163	579
163	692
163	704
337	71
337	579
337	692
337	704
547	71
547	108
547	224
547	272
547	280
547	324
547	447
547	555
547	585
547	685
547	692
547	704
547	734
547	758
547	761
579	53
579	70
579	272
579	280
579	324
579	434
579	523
579	555
579	585
579	685
579	692
579	704
579	734
579	758
579	761
685	434
685	523
685	585
685	692
685	704
692	70
692	71
692	169
692	224
692	280
692	324
692	333
692	434
692	447
692	523
692	555
692	585
692	704
692	734
692	758
692	761
704	70
704	108
704	169
704	224
704	272
704	280
704	324
704	333
704	434
704	447
704	523
704	585
704	734
704	758
704	761
734	434
734	523
734	585
758	434
758	523
758	585
761	434
761	523
761	585
22	574
22	680
22	701
22	719
22	832
22	912
22	963
574	263
574	468
574	526
574	576
574	632
574	670
574	873
574	882
680	458
680	576
680	634
680	635
680	640
680	648
680	672
680	681
680	817
680	929
701	327
701	468
701	496
701	632
701	640
701	670
701	863
701	873
701	876
719	62
719	318
719	489
719	526
719	576
719	681
719	832
719	873
719	929
832	678
832	873
832	882
912	167
912	263
912	269
912	327
912	496
912	576
912	632
912	670
912	873
920	318
920	458
920	536
920	632
920	640
920	817
920	873
920	876
920	880
954	263
954	318
954	526
954	640
954	670
954	873
963	263
963	318
963	632
963	640
963	873
970	263
970	318
970	632
970	640
970	873
23	55
23	121
23	179
23	275
23	286
23	315
23	322
23	364
23	399
23	412
55	121
55	179
55	282
55	286
55	315
55	359
55	364
55	399
55	412
121	190
121	206
121	275
121	282
121	322
121	359
121	364
121	399
121	412
179	275
179	282
179	286
179	315
179	322
179	359
179	364
179	399
179	412
275	190
275	206
275	286
275	315
275	322
275	359
275	364
275	399
275	412
286	190
286	206
286	282
286	315
286	322
286	359
286	364
286	399
286	412
315	190
315	206
315	282
315	322
315	359
315	364
315	399
315	412
322	190
322	206
322	282
322	359
322	364
322	399
322	412
364	190
364	206
364	282
364	359
364	399
364	412
399	190
399	206
399	282
399	359
399	412
412	190
412	206
412	282
412	359
24	764
24	808
24	918
24	949
764	50
764	242
764	639
764	754
764	918
764	949
808	510
808	514
808	539
808	580
808	622
808	639
808	831
808	949
918	54
918	80
918	92
918	147
918	305
918	401
918	436
918	510
918	514
918	519
918	539
918	551
918	580
918	622
918	639
918	652
918	682
918	694
918	754
918	774
918	812
918	822
918	831
918	833
918	871
918	883
918	937
918	945
918	949
918	958
918	964
918	965
918	971
918	974
918	976
945	204
945	401
945	622
945	833
945	949
949	50
949	54
949	80
949	113
949	147
949	204
949	240
949	242
949	288
949	305
949	306
949	401
949	510
949	514
949	519
949	539
949	551
949	580
949	622
949	639
949	652
949	682
949	694
949	754
949	812
949	822
949	831
949	833
949	871
949	883
949	937
949	958
949	964
949	965
949	971
949	974
949	976
958	401
958	622
965	401
965	622
971	401
971	622
974	401
974	622
976	401
976	622
25	862
25	902
25	905
25	957
862	268
862	294
862	356
862	543
862	597
862	736
862	829
862	836
862	905
862	957
888	182
888	222
888	356
888	507
888	543
888	736
888	836
888	905
888	957
902	182
902	323
902	543
902	736
902	836
902	854
902	905
902	957
905	180
905	222
905	268
905	294
905	323
905	356
905	360
905	415
905	430
905	464
905	503
905	543
905	597
905	607
905	625
905	664
905	729
905	731
905	736
905	753
905	759
905	781
905	836
905	854
905	908
905	915
905	926
905	934
905	935
905	936
905	957
908	211
908	543
908	664
908	836
908	957
926	211
926	543
926	736
926	836
926	957
934	543
934	736
934	836
934	957
935	543
935	736
935	836
935	957
936	543
936	736
936	836
936	957
957	149
957	180
957	182
957	211
957	222
957	268
957	294
957	323
957	334
957	356
957	360
957	415
957	430
957	464
957	503
957	507
957	515
957	543
957	559
957	597
957	607
957	625
957	664
957	729
957	731
957	736
957	753
957	759
957	781
957	829
957	836
957	854
957	915
123	205
123	214
123	340
214	83
214	205
214	340
214	385
340	83
63	58
28	959
799	299
799	461
799	667
799	728
928	56
928	665
928	666
928	728
948	151
948	299
948	665
948	666
948	667
959	299
959	459
959	665
959	666
29	352
29	572
29	782
352	606
352	749
352	766
352	895
352	914
572	477
572	617
572	686
572	698
572	699
572	735
572	914
766	284
766	331
766	350
766	389
766	505
766	554
766	698
766	699
766	914
782	106
782	133
782	270
782	287
782	350
782	477
782	558
782	617
782	629
782	653
782	698
782	699
782	735
782	849
782	887
782	895
782	914
849	133
849	227
849	270
849	287
849	331
849	389
849	392
849	686
849	699
849	749
849	790
849	887
914	106
914	133
914	331
914	477
914	617
914	629
914	698
914	699
30	535
30	649
30	657
30	706
30	737
30	840
535	42
535	549
535	654
535	677
535	689
535	706
535	737
535	840
535	850
649	178
649	332
649	405
649	431
649	513
649	549
649	689
657	344
657	405
657	689
657	737
657	850
706	158
706	266
706	344
706	431
737	341
737	405
737	431
737	689
840	266
840	341
840	344
840	405
840	549
840	677
31	74
31	114
31	125
31	194
31	213
31	274
31	393
31	488
31	512
31	518
74	125
74	191
74	470
114	98
114	191
114	470
125	87
125	187
125	470
194	470
213	87
213	98
213	470
274	236
274	470
393	87
393	470
488	87
488	470
512	87
512	470
518	87
518	470
32	290
290	673
290	742
967	317
967	530
967	561
967	582
967	673
979	530
979	561
979	582
979	673
38	205
34	248
248	361
381	253
381	343
381	361
575	199
575	253
575	343
575	361
35	177
35	292
35	379
35	438
35	441
35	444
35	479
35	491
35	498
35	500
177	277
177	355
177	437
177	438
177	441
177	444
177	479
177	491
177	498
292	126
292	355
292	357
292	437
292	438
292	441
292	500
379	126
379	355
379	357
379	437
379	438
379	441
379	500
438	64
438	126
438	277
438	283
438	355
438	357
438	437
438	441
438	444
438	498
438	500
441	64
441	277
441	283
441	355
441	357
441	437
441	444
441	479
441	491
441	500
444	126
444	357
444	437
444	500
479	126
479	355
479	357
479	437
479	500
491	126
491	355
491	357
491	437
491	500
498	126
498	355
498	357
498	437
498	500
500	64
500	126
500	277
500	283
500	355
500	357
500	437
36	168
36	226
36	312
36	502
36	570
168	313
168	570
226	312
226	329
226	502
226	570
308	72
308	329
308	433
308	502
308	570
312	233
312	313
312	329
312	330
312	410
312	433
312	502
312	553
312	565
312	569
312	570
502	72
502	313
502	329
502	330
502	410
502	422
502	433
502	517
502	553
502	565
502	569
502	570
517	313
517	329
517	433
517	570
553	313
553	329
553	433
553	570
565	313
565	329
565	433
565	570
569	313
569	329
569	433
569	570
570	72
570	233
570	313
570	329
570	330
570	410
570	422
570	433
37	634
37	873
37	880
37	882
634	127
634	167
634	327
634	632
634	873
634	880
634	899
873	249
873	263
873	454
873	458
873	489
873	496
873	497
873	576
873	632
873	635
873	640
873	648
873	670
873	678
873	681
873	817
873	863
873	876
873	880
873	882
873	899
873	929
880	167
880	249
880	318
880	526
880	632
880	640
882	263
882	318
882	327
882	454
882	526
882	632
882	640
882	672
882	678
929	62
929	263
929	318
929	632
929	640
929	863
40	669
40	751
669	95
669	129
669	197
669	397
669	448
669	595
669	620
669	642
669	751
751	95
751	129
751	197
751	397
751	440
751	448
751	595
751	620
751	642
42	689
42	750
689	178
750	266
750	513
750	549
750	677
850	266
850	344
850	431
850	581
857	158
857	266
857	341
857	431
857	513
857	581
43	562
43	626
43	798
562	154
562	175
562	297
562	358
562	367
562	485
562	589
562	713
562	798
626	109
626	154
626	225
626	267
626	589
626	602
798	175
798	267
798	378
798	589
798	602
45	153
45	320
45	533
45	770
45	835
153	293
153	630
153	819
320	137
320	533
320	571
320	577
320	770
533	260
533	577
533	603
533	716
568	260
568	349
568	564
568	577
568	603
568	710
716	229
716	254
716	349
716	474
716	603
716	630
770	60
770	229
770	577
770	603
770	757
770	819
826	60
826	229
826	260
826	349
826	577
826	603
835	229
835	260
835	577
835	603
835	710
847	171
847	229
847	260
847	577
847	603
859	229
859	260
859	577
859	603
46	990
46	992
986	172
986	426
986	901
986	933
990	426
990	901
990	933
992	426
992	901
992	933
993	426
993	901
993	933
994	426
994	901
994	933
996	426
996	901
996	933
997	426
997	901
997	933
998	426
998	901
998	933
999	426
999	901
999	933
1000	426
1000	901
1000	933
47	145
47	244
47	368
47	407
145	160
145	407
145	703
145	739
244	703
368	354
368	362
368	557
407	557
739	160
739	557
50	812
50	883
812	204
812	240
812	622
812	682
883	80
883	240
883	242
883	514
883	622
964	401
964	622
51	532
51	633
51	765
51	827
51	839
51	860
51	911
51	919
51	931
51	940
532	599
532	618
532	641
532	684
532	707
532	776
532	800
532	827
532	839
532	860
532	872
532	911
532	919
532	925
532	931
532	940
633	449
633	520
633	538
633	718
633	765
633	792
633	821
633	827
633	839
633	860
633	898
633	911
633	919
633	925
633	940
765	328
765	552
765	674
765	705
765	707
765	718
765	788
765	792
765	800
765	821
765	827
765	839
765	844
765	860
765	872
765	898
765	911
765	919
765	925
765	931
765	940
827	314
827	328
827	383
827	449
827	475
827	538
827	599
827	618
827	674
827	684
827	707
827	718
827	788
827	792
827	800
827	839
827	860
827	872
827	898
827	911
827	919
827	925
827	931
827	940
839	380
839	383
839	449
839	475
839	538
839	599
839	618
839	641
839	674
839	684
839	705
839	718
839	776
839	788
839	792
839	800
839	821
839	844
839	860
839	872
839	898
839	911
839	925
839	931
839	940
860	314
860	380
860	383
860	538
860	552
860	599
860	641
860	674
860	684
860	705
860	707
860	711
860	718
860	776
860	788
860	792
860	800
860	821
860	872
860	898
860	911
860	919
860	925
860	931
860	940
911	201
911	241
911	314
911	328
911	380
911	383
911	475
911	520
911	599
911	618
911	641
911	674
911	684
911	705
911	707
911	711
911	718
911	776
911	788
911	792
911	800
911	821
911	844
911	872
911	898
911	919
911	925
911	931
911	940
919	156
919	201
919	241
919	314
919	380
919	383
919	449
919	475
919	520
919	538
919	552
919	599
919	641
919	674
919	684
919	705
919	707
919	711
919	718
919	776
919	788
919	792
919	800
919	821
919	844
919	872
919	898
919	925
919	931
919	940
931	156
931	201
931	241
931	314
931	328
931	380
931	383
931	449
931	520
931	538
931	599
931	618
931	641
931	705
931	707
931	711
931	718
931	776
931	788
931	792
931	800
931	821
931	898
931	925
931	940
940	156
940	201
940	241
940	314
940	328
940	380
940	383
940	449
940	475
940	520
940	538
940	552
940	599
940	618
940	641
940	674
940	684
940	705
940	707
940	711
940	718
940	776
940	788
940	792
940	800
940	821
940	844
940	872
940	898
940	925
677	431
677	549
677	654
53	71
53	169
53	447
53	585
71	108
71	324
169	280
169	523
169	585
447	108
447	434
447	523
447	585
585	70
585	108
585	280
585	324
585	333
585	434
585	555
54	831
54	871
54	937
831	147
831	514
831	639
871	204
871	551
871	622
871	754
937	92
937	401
937	622
282	190
282	206
282	359
359	176
359	190
359	206
773	299
773	573
773	665
773	666
773	695
797	298
797	492
797	665
797	666
797	728
922	128
922	299
922	459
922	665
922	666
59	728
728	271
728	403
728	665
728	853
60	390
60	564
60	577
390	171
390	252
390	254
390	474
390	577
390	603
390	757
564	171
564	349
564	571
564	577
564	603
577	162
577	260
577	369
577	571
577	630
577	710
577	819
710	137
710	171
710	229
710	260
710	349
710	369
710	630
757	229
757	260
757	293
757	603
819	229
819	254
819	260
819	603
61	235
61	281
61	396
61	480
61	521
61	584
61	621
61	636
61	655
61	740
235	471
235	480
235	490
235	516
235	521
235	584
235	619
235	636
235	655
235	675
235	740
281	307
281	347
281	396
281	482
281	490
281	499
281	521
281	619
281	655
281	675
281	740
396	232
396	234
396	351
396	480
396	499
396	516
396	584
396	621
396	636
396	655
396	675
396	740
480	307
480	347
480	391
480	482
480	490
480	499
480	584
480	619
480	621
480	636
480	655
480	675
480	740
521	351
521	391
521	471
521	482
521	490
521	499
521	516
521	584
521	619
521	621
521	636
521	655
521	675
521	740
584	301
584	307
584	347
584	351
584	391
584	482
584	490
584	499
584	516
584	636
584	655
584	675
584	740
621	232
621	234
621	307
621	347
621	351
621	391
621	471
621	482
621	490
621	499
621	619
621	636
621	655
621	675
621	740
636	232
636	301
636	307
636	347
636	351
636	471
636	482
636	499
636	516
636	619
636	655
636	675
636	740
655	232
655	234
655	301
655	307
655	347
655	351
655	391
655	471
655	490
655	499
655	619
655	740
740	232
740	234
740	301
740	307
740	347
740	351
740	391
740	471
740	482
740	490
740	499
740	516
740	619
740	675
62	576
62	817
62	863
62	876
576	458
576	632
817	269
817	635
817	640
817	678
863	127
863	167
863	249
863	263
863	640
863	670
876	127
876	269
876	318
876	536
876	632
876	640
876	672
64	357
277	355
277	437
357	126
357	283
357	355
357	437
65	295
65	304
65	345
65	395
65	462
65	478
65	594
65	616
65	651
65	724
295	592
295	651
295	656
304	321
304	366
304	592
304	627
304	651
304	656
345	189
345	321
345	366
345	423
345	627
345	651
345	656
395	176
395	592
395	627
395	656
462	366
462	592
462	627
462	651
462	656
478	189
478	366
478	592
478	627
478	651
478	656
594	176
594	592
594	627
594	651
594	656
616	176
616	366
616	592
616	627
616	651
616	656
651	189
651	303
651	321
651	366
651	423
651	456
651	466
651	493
651	578
651	592
651	627
651	656
651	724
724	176
724	366
724	592
724	627
724	656
66	824
824	325
824	530
824	561
824	582
824	673
217	107
217	115
217	416
302	107
302	335
302	377
302	463
598	115
598	218
598	231
598	377
598	700
700	115
700	377
68	84
84	78
70	333
333	324
333	434
333	523
555	272
555	434
555	523
108	523
324	523
72	233
72	410
72	433
233	329
233	433
410	313
410	433
433	313
433	329
433	330
433	422
73	987
985	426
985	901
985	933
987	353
987	426
987	901
987	933
991	102
991	426
991	901
991	933
995	426
995	901
995	933
187	87
187	236
187	470
191	87
191	470
470	87
470	98
470	236
255	118
255	251
255	404
255	446
255	557
255	703
473	251
473	326
473	446
76	811
76	834
76	866
76	896
811	223
811	279
811	432
811	645
834	130
834	432
834	645
866	432
866	645
896	432
896	645
77	738
738	88
738	148
738	384
738	548
738	601
738	708
738	748
762	79
762	192
762	384
762	601
762	708
762	748
806	192
806	384
806	601
806	708
806	748
78	397
397	642
79	601
79	605
79	748
601	132
601	140
601	143
601	186
601	192
601	671
601	748
601	768
605	143
605	148
605	186
605	246
605	708
748	85
748	132
748	140
748	148
748	192
748	200
748	413
748	484
748	548
748	671
748	708
80	306
306	288
82	237
82	930
82	938
82	956
82	975
237	429
237	868
237	930
237	938
237	956
237	975
813	152
813	238
813	709
813	772
813	794
813	868
813	938
813	956
813	975
907	91
907	152
907	342
907	481
907	556
907	611
907	676
907	696
907	709
907	868
907	938
907	956
907	975
930	91
930	611
930	696
930	709
930	868
930	938
930	956
930	975
938	91
938	142
938	152
938	212
938	247
938	291
938	296
938	342
938	398
938	429
938	467
938	481
938	506
938	509
938	611
938	660
938	676
938	696
938	709
938	715
938	732
938	769
938	772
938	786
938	787
938	805
938	841
938	868
938	870
938	946
938	953
938	955
938	956
938	961
938	975
946	481
946	556
946	696
946	709
946	868
946	956
946	975
955	91
955	481
955	556
955	696
955	709
955	868
955	956
955	975
956	91
956	142
956	152
956	212
956	238
956	247
956	291
956	296
956	316
956	342
956	398
956	429
956	467
956	481
956	495
956	506
956	556
956	611
956	676
956	696
956	709
956	715
956	732
956	769
956	772
956	786
956	787
956	794
956	805
956	841
956	868
956	870
956	953
956	961
956	975
961	91
961	481
961	556
961	696
961	709
961	868
961	975
975	91
975	142
975	152
975	212
975	238
975	247
975	291
975	296
975	316
975	342
975	398
975	429
975	467
975	495
975	506
975	509
975	556
975	611
975	660
975	676
975	696
975	709
975	715
975	732
975	769
975	772
975	786
975	787
975	794
975	805
975	841
975	868
975	870
975	953
85	143
85	708
143	132
143	671
143	768
708	88
708	138
708	148
708	200
708	311
708	384
708	548
708	671
708	768
87	98
88	484
88	671
484	192
484	246
671	140
671	192
90	96
90	417
90	425
90	443
90	511
90	567
90	588
96	112
96	348
96	394
96	425
96	529
96	544
96	567
96	586
96	588
394	417
394	443
394	452
394	511
394	529
394	567
394	588
417	219
417	309
417	339
417	348
417	425
417	443
417	452
417	511
417	529
417	544
417	567
417	586
417	588
425	219
425	309
425	339
425	348
425	443
425	452
425	511
425	529
425	544
425	567
425	586
425	588
443	207
443	219
443	309
443	348
443	452
443	511
443	529
443	544
443	567
443	586
443	588
511	112
511	219
511	309
511	339
511	348
511	452
511	529
511	544
511	567
511	586
511	588
544	452
544	529
544	567
544	588
567	112
567	207
567	219
567	309
567	339
567	348
567	452
567	529
567	586
567	588
586	452
586	529
586	588
588	112
588	207
588	219
588	309
588	339
588	348
588	452
588	529
91	787
91	868
91	953
787	467
787	481
787	556
787	732
787	769
787	794
787	868
868	142
868	247
868	316
868	398
868	467
868	481
868	495
868	506
868	509
868	556
868	611
868	660
868	676
868	709
868	715
868	732
868	772
868	805
868	841
868	953
953	481
953	696
953	709
92	682
682	147
682	401
682	519
682	639
682	754
774	401
774	510
774	539
774	580
853	299
853	403
853	666
853	746
112	207
112	529
348	452
348	529
529	207
529	219
529	309
529	339
529	452
101	595
101	620
595	141
595	440
595	620
595	642
620	129
620	141
620	448
620	642
104	941
941	136
941	188
941	196
941	530
941	561
941	673
106	284
106	790
284	392
284	629
284	790
284	895
790	227
790	287
790	331
790	350
790	392
790	629
790	699
790	895
107	416
107	494
416	335
494	119
494	218
494	377
523	224
523	280
523	434
109	367
109	546
109	744
367	546
367	589
367	713
546	435
546	485
624	175
624	414
624	589
713	175
713	378
713	589
744	378
744	414
744	589
111	771
111	802
111	838
111	875
771	221
771	531
771	663
771	814
771	875
802	173
802	531
802	679
802	814
802	838
838	221
838	643
838	727
838	814
875	221
875	388
875	531
875	814
207	452
309	452
113	822
822	147
822	288
822	436
822	580
822	658
822	694
822	754
115	218
119	218
218	335
116	258
116	679
258	727
258	763
258	814
679	376
679	763
679	809
679	814
118	160
118	386
118	557
362	404
386	354
386	557
386	703
557	251
557	326
557	404
557	446
557	703
703	446
190	206
124	463
463	231
126	283
126	437
283	355
283	437
437	355
127	670
127	681
670	249
670	497
670	648
681	327
681	489
681	496
681	899
702	524
702	666
702	667
130	721
721	432
721	645
858	645
132	384
384	413
384	768
133	310
133	525
133	887
310	270
310	606
310	686
310	699
310	749
525	215
525	350
525	554
525	629
525	653
525	686
887	287
887	392
887	554
887	558
887	606
887	629
887	698
887	735
135	210
135	428
135	439
135	457
135	476
135	528
135	542
135	550
135	560
135	587
135	614
210	264
210	400
210	439
210	457
210	528
210	542
210	545
210	550
210	560
210	614
428	203
428	259
428	285
428	373
428	400
428	439
428	457
428	476
428	528
428	545
428	550
428	560
428	587
428	614
439	203
439	264
439	278
439	400
439	476
439	528
439	542
439	545
439	550
439	560
439	587
439	614
457	259
457	278
457	285
457	373
457	400
457	528
457	542
457	545
457	550
457	560
457	587
457	614
476	259
476	278
476	285
476	373
476	400
476	528
476	542
476	545
476	550
476	560
476	587
476	614
528	259
528	264
528	278
528	285
528	373
528	542
528	545
528	560
528	587
528	614
542	203
542	259
542	264
542	278
542	285
542	400
542	545
542	550
542	560
542	587
542	614
550	259
550	278
550	285
550	373
550	400
550	560
550	587
550	614
560	203
560	264
560	278
560	285
560	373
560	400
560	545
560	587
560	614
587	203
587	259
587	264
587	278
587	285
587	373
587	400
587	545
587	614
614	203
614	264
614	278
614	285
614	373
614	400
614	545
137	540
137	603
137	630
540	171
540	252
540	474
540	603
603	171
603	229
603	369
603	630
630	162
630	349
630	369
630	571
138	246
246	311
246	548
768	186
768	200
141	642
642	440
142	772
142	870
772	247
772	291
772	481
772	676
772	696
870	152
870	556
870	696
870	709
870	786
870	805
870	841
144	261
149	360
149	543
149	664
149	829
360	597
360	731
360	781
360	836
543	515
543	664
543	736
543	753
543	836
543	915
664	180
664	415
664	607
664	736
664	836
829	180
829	211
829	356
829	597
829	607
829	729
829	736
829	836
915	323
915	415
915	464
915	729
915	736
915	836
746	524
746	665
746	666
293	229
293	254
154	602
154	720
602	225
602	267
602	297
602	358
602	435
602	485
602	720
720	175
720	267
720	414
720	589
156	599
156	718
156	776
156	800
156	844
156	872
156	898
156	925
599	538
599	552
599	684
599	705
599	718
599	788
599	792
599	844
599	872
599	898
718	475
718	520
718	684
718	705
718	711
718	776
718	788
718	821
718	872
718	898
718	925
776	201
776	328
776	380
776	383
776	552
776	674
776	684
776	707
776	792
776	800
776	821
776	844
776	872
776	898
776	925
800	201
800	380
800	383
800	520
800	538
800	552
800	618
800	641
800	674
800	705
800	707
800	711
800	821
800	872
800	898
800	925
844	241
844	314
844	328
844	380
844	383
844	449
844	520
844	538
844	641
844	707
844	711
844	788
844	821
844	898
844	925
872	201
872	241
872	314
872	380
872	449
872	538
872	618
872	641
872	705
872	707
872	711
872	792
872	821
872	925
898	241
898	314
898	328
898	380
898	449
898	475
898	520
898	538
898	552
898	618
898	641
898	674
898	684
898	705
898	707
898	711
898	788
898	792
898	821
898	925
925	201
925	241
925	314
925	328
925	380
925	383
925	449
925	475
925	520
925	538
925	552
925	618
925	641
925	674
925	684
925	705
925	707
925	711
925	788
925	792
925	821
747	531
747	661
747	814
809	173
809	221
809	243
809	411
809	527
809	814
869	221
869	527
869	531
869	814
162	571
571	171
434	224
434	272
648	318
648	489
648	632
648	640
648	678
899	249
899	263
899	496
899	632
899	635
899	640
899	678
313	329
313	330
313	422
173	388
173	763
388	376
388	755
388	814
763	531
763	628
763	727
763	814
175	435
435	414
435	485
435	615
176	321
176	423
176	466
176	493
176	627
321	189
321	592
321	627
321	656
423	366
423	592
423	627
423	656
466	366
466	493
466	592
466	627
466	656
493	592
493	627
493	656
592	303
592	366
592	456
592	578
592	656
627	189
627	303
627	456
627	578
627	656
178	654
654	344
654	431
180	731
180	759
731	222
731	294
731	323
731	334
731	736
759	268
759	294
759	356
759	515
759	597
759	625
759	753
759	836
182	559
182	729
182	836
182	854
559	334
559	607
559	753
559	781
559	836
729	323
729	415
729	597
729	736
729	781
729	836
729	854
836	222
836	294
836	334
836	356
836	507
836	515
836	736
836	753
836	781
836	854
854	430
854	503
854	515
854	736
854	781
189	366
189	656
366	456
366	656
578	656
656	303
656	456
195	530
530	726
530	742
530	816
198	583
583	665
199	253
199	343
199	361
199	371
253	343
253	361
343	361
343	371
361	371
201	684
201	788
201	792
684	449
684	520
684	641
684	705
684	788
788	328
788	475
788	538
788	552
788	618
788	641
788	705
788	707
788	711
788	792
788	821
792	314
792	475
792	520
792	538
792	641
792	674
792	705
792	707
792	821
203	259
203	264
203	285
203	373
203	545
259	264
259	373
259	545
264	545
285	373
285	400
285	545
373	278
373	400
373	545
545	278
545	400
219	452
339	452
208	663
208	755
663	527
663	628
755	508
755	531
400	278
212	676
676	506
676	509
676	556
676	709
841	247
841	316
841	481
841	556
841	660
841	696
841	709
215	392
215	895
749	331
749	389
749	477
749	617
749	629
749	699
749	735
749	895
895	227
895	505
895	653
895	699
221	508
508	661
508	814
222	515
222	625
222	736
515	430
625	294
625	415
625	736
736	268
736	334
736	464
736	597
736	781
224	272
225	358
358	297
329	330
227	558
227	735
558	350
558	389
558	477
558	554
558	735
735	287
735	389
735	606
735	617
735	699
228	589
589	297
615	378
229	254
232	301
232	307
232	471
232	482
232	516
232	619
232	675
301	307
301	351
301	391
301	471
301	482
301	516
301	675
307	471
307	482
307	619
307	675
471	234
471	347
471	351
471	391
471	499
471	619
471	675
482	234
482	351
482	490
482	516
482	619
482	675
516	234
516	347
516	391
516	490
516	675
619	234
619	347
619	351
619	490
619	675
675	234
675	347
675	391
675	490
675	499
234	347
234	391
234	490
347	499
391	351
391	490
391	499
490	351
490	499
429	506
429	696
429	805
238	556
238	660
238	769
556	495
556	696
556	715
556	769
556	786
556	805
660	291
660	696
660	715
660	805
769	291
769	696
769	709
769	786
239	617
239	653
239	686
239	699
617	270
617	629
617	686
653	287
653	629
653	698
686	331
686	477
686	505
699	270
699	287
699	331
699	554
699	606
699	698
240	694
694	288
694	519
694	622
241	383
241	520
241	641
241	674
383	674
520	328
520	380
520	475
520	552
641	449
641	475
641	711
641	821
674	314
674	618
674	707
243	628
628	814
727	376
727	661
326	404
245	448
247	805
805	296
805	481
805	696
805	709
249	526
526	327
526	496
526	678
252	474
474	260
446	354
814	411
814	531
814	638
814	643
814	661
262	666
262	695
666	459
695	665
263	489
263	672
489	318
672	318
672	327
672	632
672	640
267	485
485	414
268	597
597	430
597	507
269	458
458	640
635	318
635	454
635	468
635	496
635	536
635	632
635	678
270	287
287	505
554	389
554	606
629	477
629	606
288	622
622	519
622	551
622	754
622	833
673	442
673	566
673	690
673	726
673	745
673	816
673	818
742	409
742	442
742	445
742	522
291	316
291	794
794	296
794	481
794	709
456	303
296	786
732	398
732	467
732	509
732	696
732	709
786	467
786	481
786	506
786	696
786	709
786	715
297	414
414	378
299	665
665	524
305	639
305	658
305	833
639	580
658	580
658	652
833	401
833	539
833	551
314	711
711	449
711	538
711	552
711	705
711	707
711	821
317	325
317	582
582	374
582	424
582	561
582	745
582	818
323	781
607	503
607	507
327	536
536	454
536	497
536	632
536	678
328	705
328	821
705	475
705	618
705	707
705	821
821	449
821	475
821	552
821	618
821	707
331	477
332	581
581	405
581	431
342	398
342	709
709	495
513	431
346	645
645	465
645	469
645	472
645	541
645	683
350	698
753	503
363	690
363	818
690	487
690	522
690	561
818	408
818	450
818	561
370	683
683	375
683	406
374	816
816	445
643	531
643	638
401	551
551	514
408	590
590	424
409	745
745	501
745	561
745	566
411	531
411	638
531	638
420	989
989	426
989	901
989	933
427	432
432	483
696	611
696	715
430	503
436	519
436	652
652	754
445	561
561	726
449	618
618	552
618	707
450	726
726	566
454	496
678	468
678	632
678	640
640	468
640	497
461	573
461	667
573	492
464	507
465	472
467	611
468	497
497	632
469	541
481	715
715	495
715	509
487	522
988	901
988	933
754	514
707	538
962	901
962	933
978	901
978	933
983	901
983	933
950	901
950	933
952	901
952	933
697	933
933	723
933	733
933	756
933	777
933	780
933	795
933	828
933	830
933	842
933	855
933	901
723	901
901	733
901	756
901	777
901	780
901	795
901	828
901	830
901	842
901	855
#End Disappearing Edges

*Newborn Edges
1	84
1	331
1	486
1	740
84	99
84	331
84	486
84	740
99	146
99	331
99	486
99	740
134	331
134	486
134	740
146	331
146	486
146	740
165	183
165	331
165	486
165	740
183	331
183	486
183	740
193	331
193	486
193	740
331	486
331	740
486	740
2	245
2	619
2	632
2	765
2	776
2	881
2	891
2	916
2	923
245	176
245	383
245	516
245	666
245	711
245	765
245	796
245	881
245	891
245	916
245	923
619	75
619	190
619	253
619	383
619	587
619	592
619	632
619	666
619	765
619	767
619	776
619	796
619	881
619	891
619	916
619	923
632	61
632	199
632	232
632	312
632	383
632	499
632	516
632	592
632	666
632	711
632	765
632	767
632	776
632	796
632	881
632	891
632	916
632	923
765	75
765	101
765	177
765	190
765	199
765	232
765	253
765	312
765	352
765	383
765	499
765	587
765	592
765	666
765	767
765	881
765	891
765	916
765	923
767	61
767	75
767	176
767	177
767	190
767	199
767	232
767	352
767	383
767	499
767	516
767	587
767	592
767	666
767	711
767	776
767	796
767	881
767	891
767	916
767	923
776	75
776	101
776	176
776	177
776	190
776	199
776	232
776	253
776	312
776	352
776	499
776	516
776	587
776	592
776	666
776	796
776	881
776	891
776	916
776	923
881	61
881	75
881	101
881	176
881	177
881	190
881	199
881	232
881	253
881	312
881	352
881	383
881	499
881	516
881	587
881	592
881	711
881	796
881	891
881	916
881	923
891	61
891	75
891	101
891	176
891	177
891	190
891	199
891	232
891	253
891	312
891	352
891	383
891	499
891	516
891	587
891	592
891	666
891	711
891	796
891	916
891	923
916	61
916	75
916	101
916	176
916	177
916	190
916	199
916	232
916	253
916	312
916	352
916	383
916	499
916	516
916	587
916	592
916	666
916	711
916	923
923	61
923	75
923	101
923	176
923	177
923	190
923	199
923	232
923	253
923	312
923	352
923	383
923	499
923	516
923	587
923	592
923	666
923	711
923	796
3	322
3	417
3	545
3	627
3	725
3	751
3	814
3	821
3	827
3	933
322	33
322	135
322	229
322	452
322	621
322	627
322	725
322	751
322	814
322	821
322	827
322	933
417	143
417	203
417	318
417	366
417	545
417	621
417	627
417	688
417	725
417	751
417	814
417	821
417	827
417	933
545	65
545	161
545	266
545	384
545	426
545	434
545	621
545	627
545	688
545	725
545	751
545	814
545	821
545	827
545	933
627	65
627	161
627	203
627	266
627	318
627	380
627	426
627	434
627	688
627	725
627	751
627	814
627	821
627	827
627	933
725	33
725	143
725	156
725	210
725	229
725	266
725	366
725	380
725	426
725	434
725	452
725	621
725	688
725	814
725	821
725	827
725	933
751	33
751	65
751	135
751	161
751	203
751	210
751	229
751	318
751	380
751	384
751	426
751	434
751	621
751	688
751	814
751	821
751	827
751	933
814	33
814	135
814	143
814	156
814	161
814	203
814	210
814	229
814	266
814	318
814	366
814	380
814	384
814	426
814	434
814	452
814	621
814	821
814	827
814	933
821	33
821	65
821	135
821	143
821	156
821	161
821	203
821	210
821	229
821	318
821	366
821	384
821	426
821	434
821	452
821	621
821	688
821	933
827	33
827	65
827	135
827	143
827	156
827	161
827	203
827	210
827	229
827	266
827	318
827	366
827	380
827	384
827	426
827	434
827	452
827	621
827	688
827	933
933	33
933	65
933	135
933	143
933	156
933	161
933	203
933	210
933	229
933	266
933	318
933	366
933	380
933	384
933	426
933	434
933	452
933	621
933	688
4	679
4	755
4	809
4	838
4	869
679	221
679	258
679	388
679	582
679	628
679	661
679	755
679	807
755	173
755	643
755	661
755	802
755	885
809	6
809	258
809	508
809	577
809	582
809	638
809	663
809	747
838	6
838	173
838	208
838	243
838	388
838	582
838	628
838	771
869	116
869	388
869	577
869	747
869	875
885	116
885	173
885	221
885	376
885	577
885	747
885	807
910	6
910	376
910	411
910	577
910	582
910	771
910	807
910	861
921	6
921	208
921	376
921	577
921	582
942	6
942	577
942	582
943	6
943	577
943	582
5	21
5	48
5	708
21	39
21	708
39	49
39	708
48	97
48	708
49	708
97	708
105	117
105	120
105	708
117	708
120	708
276	708
6	763
6	807
6	861
6	875
763	116
763	411
763	527
763	577
763	582
763	661
763	663
763	771
807	221
807	411
807	582
807	663
807	802
807	861
861	208
861	221
861	258
861	388
861	577
861	582
861	628
875	157
875	173
875	208
875	527
875	577
875	582
875	802
7	692
7	720
7	798
692	154
692	358
692	435
692	485
692	546
692	615
692	624
692	626
692	713
692	720
692	744
692	752
692	793
692	798
692	815
692	820
692	823
692	852
692	867
692	877
692	890
720	358
720	546
720	615
720	820
720	867
798	109
798	297
798	435
798	485
798	624
798	626
815	109
815	435
815	485
815	546
820	109
820	154
820	793
820	852
823	109
823	154
823	225
823	367
852	154
852	358
867	358
877	225
890	435
8	502
8	552
8	636
8	684
8	714
8	844
8	872
8	931
8	949
8	975
502	351
502	475
502	481
502	552
502	561
502	601
502	636
502	674
502	684
502	714
502	844
502	872
502	931
502	949
502	975
552	265
552	351
552	412
552	443
552	475
552	561
552	601
552	636
552	674
552	714
552	949
552	975
636	111
636	192
636	257
636	412
636	439
636	443
636	481
636	511
636	561
636	601
636	633
636	714
636	844
636	872
636	931
636	949
636	975
684	44
684	257
684	265
684	315
684	351
684	412
684	439
684	443
684	475
684	481
684	511
684	561
684	601
684	931
684	949
684	975
714	44
714	55
714	192
714	265
714	315
714	351
714	412
714	439
714	443
714	481
714	561
714	601
714	633
714	674
714	844
714	872
714	931
714	949
714	975
844	44
844	55
844	111
844	192
844	257
844	265
844	315
844	351
844	412
844	439
844	443
844	481
844	511
844	561
844	601
844	949
844	975
872	44
872	55
872	111
872	192
872	257
872	265
872	315
872	351
872	412
872	439
872	443
872	475
872	481
872	511
872	561
872	601
872	949
872	975
931	44
931	55
931	111
931	192
931	257
931	265
931	315
931	351
931	412
931	439
931	443
931	481
931	511
931	561
931	601
931	949
931	975
949	44
949	55
949	111
949	192
949	257
949	265
949	315
949	351
949	412
949	439
949	443
949	475
949	481
949	511
949	561
949	601
949	633
949	674
949	975
975	44
975	55
975	111
975	192
975	257
975	265
975	315
975	351
975	412
975	439
975	443
975	475
975	511
975	561
975	601
975	633
975	674
9	26
9	175
9	181
9	205
9	336
9	338
9	340
9	378
9	385
9	418
26	83
26	131
26	170
26	175
26	378
26	385
175	123
175	131
175	170
175	205
175	336
175	338
175	378
175	385
175	418
181	38
181	123
181	131
181	205
181	300
181	338
181	340
181	378
181	385
181	418
205	338
205	378
336	123
336	170
336	340
336	378
338	170
338	378
340	378
378	38
378	83
378	123
378	131
378	300
378	385
418	38
10	63
10	267
10	313
10	529
27	58
27	267
27	313
27	529
63	267
63	313
63	529
103	100
103	267
103	313
103	529
159	267
159	313
159	529
216	267
216	313
216	529
220	267
220	313
220	529
250	267
250	313
250	529
267	58
267	100
267	313
267	529
313	58
313	100
313	529
529	58
529	100
11	941
11	967
11	979
927	32
927	66
927	290
927	317
927	325
927	425
927	901
941	32
941	66
941	363
941	408
941	425
941	901
960	195
960	290
960	425
960	901
967	66
967	425
967	442
967	901
977	317
977	425
977	901
979	425
979	901
980	425
980	901
981	425
981	901
982	425
982	901
984	425
984	901
12	588
12	750
12	850
12	857
12	873
588	344
588	549
588	631
588	649
588	654
588	677
588	689
588	737
588	750
588	779
588	836
588	840
588	850
588	857
588	878
588	894
588	909
717	164
717	341
717	343
717	581
717	631
717	657
717	836
717	840
717	857
717	873
750	343
750	649
750	779
750	873
779	158
779	344
779	405
779	534
779	556
779	581
779	836
779	873
850	52
850	556
850	631
850	836
850	873
857	343
857	399
857	556
857	836
857	873
873	42
873	52
873	158
873	164
873	178
873	332
873	343
873	405
873	513
873	534
873	549
873	556
873	581
873	631
873	649
873	654
873	657
873	677
873	689
873	706
873	737
873	836
873	840
873	878
873	894
873	904
873	909
878	42
878	178
878	343
878	399
878	836
904	343
904	399
904	556
904	657
904	836
909	343
909	399
909	836
13	362
13	368
13	386
13	703
13	739
362	251
362	543
362	693
368	251
368	326
368	386
368	407
368	414
368	473
368	543
386	160
386	473
386	543
386	739
537	30
537	47
537	407
537	414
537	451
537	543
537	722
693	30
693	160
693	414
693	451
693	543
703	47
703	160
703	326
703	414
703	543
703	563
703	785
722	118
722	244
722	326
722	414
722	473
722	543
739	30
739	354
739	414
739	543
785	30
785	47
785	414
785	451
785	543
837	30
837	414
837	543
14	36
14	308
14	330
14	410
14	422
14	441
14	517
14	553
14	565
14	569
36	72
36	410
36	422
36	441
308	226
308	233
308	330
308	441
330	72
330	168
330	233
330	441
410	43
410	226
410	441
410	517
422	43
422	72
422	441
441	43
441	72
441	168
441	226
441	233
441	517
441	553
441	565
441	569
517	43
553	43
553	72
565	43
569	43
15	612
15	618
15	622
15	651
15	736
15	783
15	792
15	804
15	810
15	886
612	185
612	307
612	355
612	523
612	585
612	614
612	618
612	622
612	651
612	718
612	736
612	782
612	783
612	792
612	804
612	810
612	886
618	51
618	185
618	197
618	307
618	448
618	523
618	622
618	651
618	673
618	736
618	782
618	783
618	804
618	810
618	886
622	51
622	234
622	355
622	382
622	523
622	585
622	614
622	651
622	673
622	718
622	736
622	782
622	783
622	792
622	804
622	810
622	886
651	155
651	185
651	234
651	259
651	382
651	448
651	523
651	614
651	673
651	718
651	736
651	782
651	783
651	792
651	804
651	810
651	886
736	150
736	155
736	185
736	197
736	307
736	355
736	382
736	448
736	523
736	585
736	614
736	673
736	718
736	782
736	783
736	792
736	804
736	810
736	886
783	51
783	150
783	155
783	234
783	259
783	307
783	355
783	382
783	448
783	523
783	585
783	614
783	673
783	718
783	782
783	792
783	886
792	51
792	155
792	185
792	197
792	234
792	259
792	307
792	355
792	382
792	448
792	523
792	585
792	614
792	673
792	718
792	782
792	804
792	810
792	886
804	51
804	150
804	155
804	185
804	234
804	259
804	307
804	355
804	382
804	523
804	585
804	614
804	673
804	718
804	782
804	886
810	51
810	150
810	155
810	185
810	234
810	259
810	307
810	355
810	382
810	523
810	585
810	614
810	673
810	718
810	782
810	886
886	51
886	150
886	155
886	185
886	197
886	234
886	259
886	307
886	355
886	382
886	448
886	523
886	585
886	614
886	673
886	718
886	782
16	298
16	853
16	928
16	948
16	959
298	702
298	848
298	924
853	59
853	68
853	128
853	209
853	262
853	271
853	583
853	602
853	797
900	87
900	128
900	271
900	286
900	401
900	403
900	530
900	602
900	704
924	68
924	87
924	128
924	151
924	286
924	401
924	403
924	524
924	530
924	602
924	702
924	704
924	848
928	59
928	87
928	286
928	401
928	530
928	573
928	704
928	959
932	28
932	56
932	57
932	59
932	68
932	286
932	401
932	403
932	530
932	602
932	704
939	56
939	68
939	87
939	93
939	128
939	151
939	198
939	286
939	401
939	530
939	602
939	704
948	68
948	87
948	286
948	401
948	530
948	602
948	704
948	797
959	68
959	87
959	286
959	401
959	530
959	602
959	704
968	68
968	87
968	198
968	286
968	401
968	530
968	602
968	704
17	144
17	261
17	371
17	381
17	500
17	575
17	905
144	371
144	500
144	575
144	905
261	166
261	248
261	371
261	500
261	905
371	34
371	166
371	500
371	905
381	166
381	248
381	319
381	500
381	905
500	34
500	166
500	248
500	319
500	575
500	591
500	608
500	647
500	905
575	166
575	647
575	905
591	166
591	248
591	905
608	166
608	905
647	166
647	905
905	34
905	166
905	248
905	319
18	389
18	646
18	849
18	868
18	887
18	914
389	227
389	596
389	665
389	686
389	790
389	889
389	914
600	133
600	214
600	227
600	617
600	646
600	665
600	741
600	749
600	868
646	227
646	392
646	505
646	525
646	554
646	606
646	629
646	645
646	653
646	735
646	749
646	843
646	887
646	895
646	914
646	944
646	951
646	973
849	284
849	350
849	471
849	477
849	505
849	554
849	558
849	572
849	596
849	629
849	645
849	698
849	775
849	868
868	133
868	139
868	239
868	284
868	287
868	392
868	471
868	477
868	505
868	554
868	558
868	572
868	606
868	617
868	629
868	645
868	665
868	698
868	735
868	741
868	749
868	766
868	790
868	874
868	887
868	889
868	895
868	944
868	951
887	139
887	214
887	270
887	284
887	471
887	665
887	741
887	889
887	895
889	139
889	214
889	227
889	392
889	471
889	596
889	606
889	645
889	653
889	665
914	139
914	214
914	215
914	270
914	310
914	350
914	392
914	505
914	645
914	653
914	665
914	843
951	133
951	139
951	214
951	270
951	287
951	471
951	629
951	645
951	665
951	775
973	106
973	139
973	214
973	287
973	645
973	665
19	71
19	108
19	169
19	972
71	70
71	438
71	447
71	555
71	972
108	145
108	324
108	438
108	685
108	972
163	70
163	224
163	272
163	447
163	555
163	685
163	734
163	972
169	145
169	272
169	333
169	447
169	972
337	53
337	333
337	438
337	972
685	145
685	224
685	280
685	438
685	972
734	145
734	438
734	972
758	145
758	438
758	972
761	145
761	438
761	972
972	53
972	70
972	145
972	224
972	272
972	280
972	324
972	333
972	438
972	447
972	555
20	126
20	640
41	69
41	126
41	640
69	81
69	126
69	640
81	126
81	640
89	126
89	640
110	126
110	640
126	184
126	640
184	640
22	678
22	863
22	876
22	882
22	899
22	929
22	956
678	62
678	357
678	496
678	497
678	579
678	634
678	670
678	680
678	681
678	920
678	956
863	327
863	432
863	454
863	496
863	526
863	579
863	648
863	880
863	956
876	357
876	432
876	458
876	489
876	526
876	574
876	634
876	635
876	954
876	956
882	62
882	432
882	468
882	496
882	536
882	576
882	579
882	719
882	817
882	912
882	920
882	956
899	37
899	62
899	127
899	269
899	432
899	458
899	574
899	670
899	956
920	167
920	269
920	432
920	496
920	497
920	579
920	956
929	167
929	249
929	432
929	468
929	579
929	648
929	701
929	956
954	127
954	357
954	432
954	579
954	956
956	37
956	62
956	127
956	167
956	249
956	269
956	327
956	357
956	432
956	454
956	458
956	468
956	489
956	496
956	497
956	526
956	536
956	576
956	579
956	634
956	635
956	648
956	670
956	672
956	680
956	681
956	701
956	719
956	817
956	832
956	880
956	912
956	963
956	970
970	167
970	357
970	432
970	579
24	652
24	812
24	831
24	964
652	113
652	639
652	682
652	822
812	92
812	305
812	514
812	519
812	580
812	639
831	50
831	288
831	510
831	539
831	580
831	833
945	54
945	80
945	92
945	122
945	147
945	580
958	80
958	122
958	639
958	808
964	54
964	122
965	50
965	122
965	288
971	122
971	147
971	306
974	92
974	122
976	122
25	731
25	854
25	856
25	915
731	356
731	503
731	597
731	625
731	729
731	781
731	856
731	915
854	180
854	222
854	294
854	323
854	334
854	360
854	464
854	597
854	664
854	856
856	211
856	268
856	294
856	323
856	334
856	356
856	360
856	415
856	430
856	464
856	515
856	557
856	597
856	607
856	625
856	664
856	729
856	759
856	781
856	829
856	862
856	902
856	908
856	915
856	926
856	934
856	935
856	936
888	180
888	211
888	294
888	360
888	430
888	557
888	607
888	664
888	759
908	180
908	222
908	323
908	557
908	597
915	182
915	222
915	268
915	356
915	515
915	557
926	180
926	222
926	356
926	557
926	597
934	334
934	360
934	515
934	557
935	149
935	268
935	294
935	557
936	182
936	323
936	515
936	557
83	38
83	123
83	131
131	170
131	300
28	459
28	583
28	773
28	797
459	530
459	573
459	667
459	695
459	702
459	704
459	746
583	93
583	262
583	401
583	573
773	151
773	401
773	461
773	530
773	602
773	667
773	704
797	59
797	87
797	128
797	209
797	262
797	286
797	704
799	59
799	271
799	492
799	524
799	530
799	602
799	695
799	704
29	310
29	735
29	749
29	843
310	284
310	471
310	558
310	665
310	944
735	106
735	270
735	350
735	392
735	471
735	477
735	505
735	790
735	874
735	895
749	133
749	239
749	270
749	284
749	505
749	572
749	645
749	686
749	698
766	215
766	227
766	287
766	471
766	525
766	558
766	617
766	629
766	665
766	843
766	944
843	139
843	239
843	392
843	477
843	554
843	617
843	629
843	653
944	133
944	214
944	287
944	471
944	554
944	596
944	665
30	118
30	407
30	451
30	473
30	563
118	354
118	446
118	451
118	563
407	354
407	543
407	563
451	404
451	414
451	563
473	47
473	354
473	414
563	47
563	244
563	251
563	414
563	543
31	786
31	787
31	805
31	841
31	907
31	930
31	946
31	953
31	955
31	961
786	94
786	152
786	212
786	316
786	329
786	342
786	398
786	495
786	660
786	676
786	748
786	805
787	76
787	82
787	212
787	291
787	296
787	316
787	611
787	660
787	748
787	841
805	76
805	291
805	329
805	342
805	506
805	562
805	611
805	676
805	748
805	907
805	946
841	82
841	152
841	329
841	342
841	398
841	429
841	509
841	562
841	732
841	953
907	76
907	94
907	237
907	247
907	291
907	329
907	398
907	429
907	660
907	748
907	930
930	76
930	94
930	142
930	291
930	329
930	506
930	562
930	748
946	76
946	94
946	329
946	562
946	748
946	772
953	76
953	82
953	94
953	329
953	562
953	748
955	76
955	94
955	291
955	329
955	467
955	562
955	748
961	76
961	94
961	152
961	296
961	329
961	562
961	748
969	104
969	188
969	290
969	425
969	901
33	366
33	426
33	621
366	135
366	143
366	161
366	318
366	621
366	688
426	143
426	156
426	380
426	452
426	621
426	688
621	161
621	210
621	318
621	380
621	384
621	452
621	688
319	166
319	248
35	986
35	991
35	992
35	993
35	994
35	996
35	997
35	998
35	999
35	1000
986	73
986	353
986	593
991	46
991	263
991	593
992	102
992	263
992	593
993	263
993	593
994	263
994	593
996	263
996	593
997	263
997	593
998	263
998	593
999	263
999	593
1000	123
1000	263
1000	593
72	226
37	670
37	680
670	526
670	576
670	634
670	635
670	680
670	719
680	496
680	536
680	579
680	701
680	832
680	880
680	912
719	327
719	357
719	454
719	536
719	634
719	635
719	701
912	62
912	357
912	432
912	454
912	489
912	536
912	579
963	127
963	327
963	357
963	432
963	579
38	123
42	344
42	405
42	737
344	534
344	556
344	689
344	836
405	549
405	689
405	836
657	52
657	343
657	556
657	649
657	706
657	836
737	178
737	399
737	513
737	556
737	581
737	654
737	836
894	178
894	343
894	399
894	556
894	836
43	226
43	233
233	168
44	257
44	561
44	674
257	111
257	475
257	481
257	601
561	315
561	443
561	475
561	481
561	511
561	633
561	674
674	55
674	111
674	315
674	412
674	439
674	443
674	481
674	511
674	601
674	633
45	252
45	630
45	710
45	757
45	819
252	320
252	630
568	153
568	162
568	293
568	474
568	571
568	716
630	60
630	171
630	299
630	390
630	589
630	770
630	826
630	859
710	86
710	162
710	293
710	299
710	320
710	390
710	533
710	564
710	589
716	60
716	86
716	137
716	171
716	390
716	589
757	171
757	320
757	540
757	564
757	819
819	86
819	299
819	564
819	589
819	826
826	86
826	299
826	390
826	589
847	86
847	137
847	299
847	540
847	589
859	86
859	299
859	589
46	995
995	263
995	593
47	414
47	543
414	404
414	446
543	244
543	251
543	354
543	446
50	774
50	937
774	242
774	658
774	808
774	822
937	122
937	288
937	514
937	519
937	694
51	523
51	585
51	782
523	259
523	382
523	585
523	614
523	718
523	782
585	185
585	197
585	234
585	355
585	448
585	673
585	718
585	782
782	150
782	155
782	185
782	197
782	234
782	259
782	307
782	355
782	382
782	448
782	614
782	673
782	718
52	534
52	689
534	341
534	556
534	836
689	706
689	836
840	332
840	343
840	399
840	556
840	649
840	836
53	324
53	333
53	438
53	555
324	70
324	224
324	438
324	447
333	272
333	438
333	447
438	145
438	224
438	272
438	555
555	145
555	280
54	822
54	833
54	883
822	305
822	306
822	510
822	539
822	551
822	639
822	682
833	204
833	242
833	306
833	436
833	514
833	682
883	122
883	147
883	204
883	436
883	551
883	682
883	871
55	111
55	511
55	601
111	412
111	511
511	351
511	439
511	481
511	601
511	633
601	412
601	439
601	475
601	481
601	633
56	667
56	848
667	262
667	492
667	524
667	602
667	704
848	68
848	198
848	286
848	524
848	530
848	573
848	704
922	57
922	151
922	262
922	286
922	401
922	530
922	602
922	704
922	728
57	728
57	746
728	68
728	286
728	401
728	524
728	530
728	602
728	702
728	704
728	746
746	271
746	403
746	461
746	695
746	702
746	704
60	162
60	533
60	835
533	299
533	349
533	390
533	589
835	86
835	171
835	299
835	320
835	589
61	587
61	592
61	666
61	796
587	101
587	190
587	253
587	499
587	516
587	592
587	666
587	711
587	796
592	101
592	312
592	352
592	499
592	666
592	711
592	796
666	101
666	199
666	232
666	352
666	383
666	516
666	711
666	796
796	75
796	101
796	176
796	177
796	190
796	199
796	232
796	253
796	312
796	352
796	383
796	516
796	711
62	880
880	127
880	327
880	357
880	574
880	576
880	579
64	260
64	283
64	292
64	603
260	277
260	283
260	292
260	379
260	444
260	479
260	491
260	498
277	292
277	379
277	603
283	292
283	603
292	603
379	444
379	603
444	603
479	603
491	603
498	603
65	135
65	229
65	384
65	688
135	143
135	452
135	688
229	318
229	384
229	434
229	452
384	156
384	266
384	380
384	434
384	452
688	143
688	156
688	161
688	210
688	266
688	318
688	380
688	434
67	230
67	460
67	494
67	644
67	791
230	91
230	335
230	455
230	463
230	650
230	791
460	218
460	231
460	494
460	791
494	91
494	115
494	433
494	791
598	217
598	256
598	335
598	416
598	644
598	791
644	91
644	335
644	433
644	637
644	791
650	115
650	256
650	302
650	433
650	791
700	217
700	256
700	433
700	791
730	91
730	107
730	119
730	256
730	433
730	791
784	91
784	256
784	433
784	791
791	91
791	107
791	115
791	124
791	217
791	218
791	231
791	302
791	377
791	416
791	433
791	455
791	463
791	637
791	659
791	743
68	530
530	695
530	702
70	280
280	145
280	224
280	272
280	447
447	145
985	172
985	263
985	593
74	98
74	114
74	236
74	570
98	125
98	191
98	570
114	187
114	274
114	570
187	191
187	213
187	570
213	125
213	393
213	570
236	191
236	570
393	194
393	570
488	570
512	570
518	570
570	125
570	191
570	194
570	274
75	711
711	176
711	177
711	232
711	253
711	312
711	352
711	499
711	516
76	238
76	870
238	152
238	715
238	748
238	794
238	870
870	237
870	247
870	291
870	296
870	342
870	495
870	562
870	732
870	748
77	768
77	966
687	186
687	200
687	364
687	605
687	712
687	966
760	79
760	88
760	132
760	140
760	186
760	311
760	623
760	966
762	88
762	132
762	138
762	186
762	246
762	364
762	605
762	671
762	966
768	79
768	88
768	148
768	364
768	413
768	605
768	966
801	88
801	132
801	246
801	364
801	413
801	671
801	825
801	966
806	132
806	140
806	246
806	413
806	484
806	825
806	966
825	79
825	138
825	140
825	311
825	364
825	671
825	966
892	88
892	364
892	966
913	364
913	712
913	966
966	79
966	85
966	88
966	132
966	138
966	140
966	148
966	186
966	200
966	246
966	311
966	364
966	413
966	484
966	548
966	605
966	623
966	671
966	712
966	738
79	548
79	712
79	738
548	311
548	413
548	484
548	671
712	200
712	246
712	364
712	623
712	738
738	85
738	138
738	186
738	200
738	311
738	364
738	484
80	764
80	871
764	122
764	240
764	539
764	551
764	580
764	682
871	240
871	288
871	436
871	510
871	539
82	715
82	769
715	237
715	296
715	467
715	562
715	676
715	732
715	748
715	772
715	794
769	237
769	316
769	398
769	562
769	611
769	660
769	676
769	748
769	813
813	142
813	247
813	429
813	467
813	495
813	506
813	509
813	676
85	148
85	605
148	623
605	140
605	623
605	671
86	137
86	589
86	770
137	564
137	571
589	320
589	349
589	369
589	390
589	474
589	540
589	571
589	770
770	171
770	254
770	293
770	299
770	474
87	461
87	704
461	209
461	401
461	403
704	198
704	286
704	403
704	573
90	309
90	339
90	348
90	778
90	918
90	938
309	207
309	219
309	273
309	348
309	778
309	918
309	938
339	112
339	273
339	394
339	778
339	918
339	938
348	112
348	219
348	273
348	544
348	778
348	918
348	938
394	207
394	219
394	273
394	778
394	918
394	938
544	273
544	778
544	918
544	938
586	273
586	778
586	918
586	938
778	112
778	207
778	219
778	273
778	918
778	938
918	112
918	207
918	219
918	273
918	938
938	112
938	207
938	219
938	273
91	107
91	217
91	637
91	743
107	637
217	119
217	377
217	659
637	256
637	433
637	455
637	463
743	256
743	416
93	262
93	702
702	573
702	602
94	296
94	732
94	772
296	748
732	316
732	562
732	611
732	660
732	676
732	748
772	212
772	237
772	316
772	342
772	429
772	467
772	509
772	748
96	397
96	437
96	449
96	482
96	547
96	550
96	800
96	845
96	846
96	897
397	431
397	449
397	476
397	528
397	567
397	620
397	699
397	709
397	800
397	897
437	235
437	281
437	449
437	476
437	528
437	550
437	567
437	668
437	696
437	699
437	789
437	845
437	846
437	897
449	470
449	482
449	567
449	620
449	668
449	696
449	699
449	789
449	800
449	845
449	846
449	897
482	235
482	470
482	476
482	528
482	547
482	668
482	696
482	699
482	709
482	789
482	800
482	845
482	846
482	897
547	141
547	361
547	476
547	550
547	567
547	620
547	668
547	696
547	699
547	709
547	789
547	800
547	845
547	846
547	897
550	361
550	470
550	567
550	620
550	668
550	699
550	709
550	789
550	800
550	845
550	846
550	897
800	141
800	202
800	235
800	255
800	264
800	281
800	361
800	396
800	470
800	476
800	528
800	567
800	620
800	668
800	696
800	699
800	709
800	789
800	845
800	846
800	897
845	202
845	235
845	255
845	264
845	281
845	361
845	396
845	431
845	470
845	476
845	528
845	567
845	668
845	696
845	699
845	709
845	897
846	202
846	235
846	255
846	264
846	281
846	361
846	396
846	431
846	470
846	476
846	528
846	567
846	668
846	696
846	699
846	709
846	897
897	141
897	202
897	235
897	255
897	264
897	281
897	361
897	396
897	431
897	470
897	476
897	528
897	567
897	620
897	668
897	696
897	699
897	709
897	789
125	211
125	274
104	947
947	136
947	188
947	425
947	445
947	901
106	239
106	617
106	698
106	874
106	895
239	572
239	606
239	629
617	525
617	645
617	698
617	895
698	270
698	477
698	525
698	629
698	645
698	741
698	790
874	139
874	287
874	471
874	525
874	572
874	645
874	665
874	790
895	133
895	139
895	214
895	350
895	471
895	645
895	665
895	686
659	119
659	218
659	256
659	433
659	463
624	297
624	626
713	297
713	435
713	485
713	626
793	225
793	297
793	367
793	435
793	752
412	265
412	633
112	219
112	273
219	273
273	207
113	808
808	204
808	240
808	242
808	288
808	305
808	551
115	335
115	377
115	416
119	256
119	416
335	231
377	124
377	218
416	302
416	433
455	124
455	433
116	582
582	411
582	638
582	643
582	663
582	727
582	802
802	243
802	577
802	638
802	727
802	747
354	326
446	160
446	244
446	326
446	404
256	231
256	302
256	433
122	754
754	147
754	204
754	240
754	519
754	551
754	580
754	639
754	694
124	218
124	302
218	302
218	433
211	902
817	249
817	432
817	489
817	496
817	579
817	672
130	864
130	866
130	884
851	174
851	223
851	346
858	370
864	279
864	541
865	174
865	406
865	465
866	223
879	721
884	469
132	484
484	364
484	623
133	741
741	270
741	350
741	606
741	645
741	790
143	203
452	161
452	203
452	380
452	434
136	818
818	188
818	195
818	445
818	522
818	901
564	153
564	254
564	293
571	153
571	369
571	390
138	623
623	364
139	477
139	790
477	214
477	653
477	775
790	471
790	554
790	558
790	572
790	645
140	364
364	671
141	476
141	567
141	668
141	696
141	709
476	361
476	431
476	668
476	696
476	709
476	789
567	255
567	396
567	431
567	528
567	620
567	696
567	709
567	789
668	202
668	235
668	255
668	264
668	281
668	396
668	431
668	699
668	709
668	789
696	202
696	235
696	255
696	264
696	281
696	361
696	431
696	620
696	699
696	789
709	202
709	235
709	255
709	281
709	361
709	396
709	431
709	470
709	789
789	202
789	235
789	264
789	281
789	361
789	396
789	470
789	528
789	699
142	342
142	467
142	676
142	794
467	329
467	676
467	794
676	247
676	398
676	660
794	495
794	506
794	562
794	748
203	266
203	380
248	166
147	551
551	519
149	182
149	729
149	759
149	862
182	356
182	781
182	829
182	862
729	334
729	356
729	360
729	507
729	515
729	557
729	559
729	664
729	759
759	360
759	415
759	464
759	557
759	559
759	607
759	862
862	222
862	360
862	415
862	464
862	507
862	557
862	559
902	268
902	415
902	507
902	557
902	625
902	664
902	753
150	259
150	614
150	673
150	718
259	673
259	718
614	155
614	197
614	307
614	448
614	673
614	718
673	155
673	185
673	234
673	307
673	382
673	448
673	718
718	197
718	234
718	307
718	355
718	382
718	448
151	695
695	492
695	524
695	602
152	329
152	660
329	495
329	562
660	506
660	562
153	474
474	299
752	297
752	358
752	367
752	485
752	546
752	744
155	307
156	210
156	434
210	266
210	434
434	318
157	771
747	173
747	508
747	527
771	388
771	577
771	643
771	661
771	727
158	556
158	836
556	343
556	399
556	631
556	654
556	677
556	836
836	178
836	332
836	343
836	399
836	513
836	549
836	581
836	654
836	677
836	706
160	251
320	369
164	649
164	677
649	341
649	399
649	631
649	706
677	332
677	341
677	513
677	706
648	432
648	574
648	634
648	681
648	701
171	349
171	369
349	254
349	299
349	390
990	263
990	593
173	577
577	221
577	376
577	628
577	661
577	727
176	383
383	499
177	253
177	516
253	352
516	190
178	549
549	399
549	706
180	559
180	753
559	557
559	597
559	829
753	222
753	430
753	557
753	607
753	781
356	415
781	222
781	268
781	294
781	415
781	664
829	222
829	294
829	323
829	334
829	430
829	503
829	507
829	515
186	671
671	246
189	395
189	423
189	466
189	493
189	531
189	594
395	345
395	462
395	466
395	531
423	201
423	321
423	466
423	478
423	531
423	578
462	201
462	304
462	478
462	531
462	616
466	321
466	456
466	531
466	616
493	304
493	321
493	420
493	531
493	578
531	201
531	295
531	304
531	321
531	345
531	456
531	478
531	578
531	594
531	616
531	724
578	201
594	201
594	321
594	616
616	201
616	345
724	201
192	315
192	439
192	475
192	633
315	265
315	439
315	443
439	475
439	633
475	265
475	443
475	633
633	265
633	351
633	443
633	481
196	917
917	325
917	374
917	409
917	425
917	450
917	901
198	602
602	401
602	524
602	573
199	312
312	232
312	499
200	246
201	303
201	321
201	345
201	456
303	295
303	304
303	345
303	478
321	295
321	478
345	295
345	304
345	456
456	304
456	478
202	361
202	528
202	699
361	396
361	620
361	699
528	255
528	281
528	431
528	470
528	620
528	699
699	235
699	255
699	264
699	396
699	431
699	620
266	318
266	380
212	748
748	237
748	247
748	429
748	506
748	562
748	611
214	645
214	686
214	775
645	287
645	350
645	525
645	596
645	686
686	558
686	596
686	606
686	629
686	665
775	227
775	287
775	350
775	525
775	554
775	665
215	284
215	554
215	665
284	525
284	558
554	665
665	350
665	392
665	606
665	653
433	231
433	463
221	628
221	663
628	388
628	661
663	258
663	727
834	279
834	375
834	465
834	469
225	744
744	228
744	367
227	596
227	653
596	287
596	471
596	606
596	653
653	572
653	606
615	367
234	355
355	448
235	396
396	431
396	470
396	620
237	495
572	471
572	558
572	629
606	471
606	505
629	505
243	643
643	258
643	508
643	661
727	411
727	508
244	404
247	562
247	611
562	291
562	429
611	398
611	509
249	489
249	635
249	832
489	526
635	327
635	458
635	574
635	634
635	681
635	701
832	432
832	672
352	499
254	299
254	540
299	540
255	431
255	620
431	470
431	620
620	281
620	470
481	351
264	470
470	281
268	607
607	430
607	597
269	634
634	536
270	525
271	492
287	471
290	901
901	363
901	374
901	408
901	409
901	424
901	425
901	442
901	445
901	450
901	487
901	501
901	522
901	566
901	590
901	690
901	726
901	742
901	745
901	816
901	824
291	506
291	509
509	429
294	557
557	503
557	597
557	625
304	478
305	580
305	682
580	519
682	510
682	658
682	694
443	351
317	816
816	424
816	425
323	625
323	664
625	507
625	597
664	430
664	503
664	597
327	432
327	468
468	357
468	681
332	706
706	343
706	399
341	513
513	581
346	811
811	375
811	419
811	427
811	683
448	382
515	507
357	526
357	574
357	672
357	681
526	536
526	576
526	672
574	497
574	579
574	672
672	458
672	579
681	576
681	579
987	593
367	626
626	435
626	485
626	546
370	613
613	472
613	483
613	541
375	721
721	472
721	483
376	508
508	411
388	638
638	527
399	631
399	654
406	541
411	527
683	427
683	465
683	469
683	472
989	593
436	694
539	514
694	514
694	639
694	658
442	824
824	445
824	487
824	522
824	566
454	701
701	536
701	576
701	579
458	496
464	503
503	597
576	497
497	579
988	593
514	639
514	658
639	519
566	742
742	690
742	745
590	745
593	962
593	978
593	983
690	726
697	855
855	723
723	842
842	733
733	828
828	756
756	830
830	777
830	780
830	795
777	780
#End Newborn Edges

*Degree Changed Nodes
134	11	10
146	11	10
165	11	10
183	11	10
193	11	10
845	30	29
846	30	29
778	26	13
916	36	29
942	41	38
943	41	38
117	11	10
120	11	10
276	12	10
486	16	10
815	28	27
820	28	27
823	28	27
852	31	27
867	32	27
877	33	27
890	34	27
851	31	30
864	32	30
865	32	30
879	33	30
884	33	30
893	34	30
897	34	29
903	35	30
906	35	30
100	10	9
977	46	45
980	47	45
981	47	45
982	47	45
984	47	45
891	34	29
837	29	26
20	10	8
41	10	8
69	9	8
81	10	8
110	11	8
150	11	10
184	11	8
892	34	30
913	36	30
923	37	29
881	33	29
886	33	27
966	44	30
972	45	21
591	19	14
608	19	14
647	20	14
685	22	21
734	24	21
758	25	21
761	25	21
89	10	8
918	37	13
949	42	28
965	44	43
971	44	43
974	45	43
976	46	43
905	35	14
488	16	14
512	16	14
518	16	14
979	46	45
34	10	9
575	18	14
177	10	11
292	13	10
379	14	10
444	15	10
479	16	10
491	16	10
498	16	10
500	16	14
517	16	15
553	17	15
565	18	15
569	18	15
570	18	14
43	10	9
990	48	46
1000	50	51
47	9	10
964	44	43
931	39	28
740	24	10
277	12	10
594	19	18
616	19	18
724	23	18
324	13	12
987	46	42
811	27	26
834	29	28
866	32	30
896	34	30
938	40	13
955	43	42
961	43	42
975	45	28
708	22	10
90	10	9
394	14	13
544	17	13
586	18	13
112	10	11
529	17	12
126	11	8
283	13	10
858	31	30
603	19	10
148	11	10
156	11	10
844	30	28
872	33	28
313	13	12
189	11	10
264	12	11
231	12	11
251	12	11
260	12	10
271	12	11
742	24	22
291	12	13
331	13	10
690	22	20
745	24	21
989	40	37
726	23	20
640	20	8
988	36	35
962	35	34
978	35	34
983	35	34
950	34	32
952	34	32
933	33	29
901	32	35
795	26	25
830	26	28
