*Disappearing Nodes
561
12
768
787
794
805
850
873
890
15
433
732
748
841
854
870
907
955
822
22
446
540
679
796
901
961
31
335
453
467
611
32
46
438
508
532
628
697
882
928
47
455
634
918
59
975
988
76
386
470
616
806
81
82
531
602
92
452
930
101
103
495
509
715
769
374
114
116
131
557
624
740
815
820
852
297
238
212
145
153
147
148
172
152
342
215
332
178
714
206
798
225
247
316
235
270
274
649
654
343
405
556
426
461
569
#End Disappearing Nodes

*Newborn Nodes
643
655
719
826
917
974
43
218
228
324
758
860
465
486
762
774
923
263
411
327
675
712
735
856
158
499
589
809
902
182
190
271
293
360
340
#End Newborn Nodes

*Disappearing Edges
1	391
1	561
1	723
1	750
391	22
391	421
391	561
391	723
391	750
547	421
547	561
547	723
547	750
561	22
561	125
561	159
561	193
561	236
561	266
561	421
561	577
561	585
561	597
561	723
561	750
561	858
561	956
561	986
577	421
577	723
577	750
597	22
597	421
597	723
597	750
723	22
723	49
723	125
723	159
723	193
723	236
723	266
723	421
723	585
723	750
723	858
723	956
723	986
750	22
750	49
750	125
750	159
750	193
750	236
750	266
750	421
750	585
750	858
750	956
750	986
858	22
858	421
956	22
956	421
956	982
986	22
986	421
3	229
3	621
3	672
229	133
229	203
229	729
621	203
621	322
621	366
672	124
672	126
672	135
672	170
672	688
688	124
688	126
688	133
688	203
688	737
729	126
729	133
729	143
729	203
729	322
737	124
737	126
737	133
737	203
814	124
814	126
814	133
814	203
828	124
828	126
828	133
828	203
896	124
896	126
896	133
896	203
970	124
970	126
970	133
970	203
4	110
4	418
4	516
4	739
4	971
110	226
110	309
110	418
110	516
110	604
110	608
110	739
110	833
110	967
110	971
309	164
309	418
309	516
309	739
309	971
418	115
418	164
418	226
418	516
418	604
418	608
418	739
418	833
418	967
418	971
516	115
516	164
516	226
516	604
516	608
516	739
516	833
516	967
516	971
604	164
604	739
604	971
608	164
608	739
608	971
739	115
739	164
739	226
739	833
739	967
739	971
833	164
833	971
967	164
967	971
971	115
971	164
971	226
5	458
5	929
458	36
458	38
458	109
458	127
458	233
458	635
458	647
458	657
458	709
458	725
458	742
458	778
458	912
458	929
635	36
635	929
647	36
647	929
657	36
657	929
709	36
709	929
725	36
725	929
742	36
742	929
778	36
778	929
912	36
912	929
929	36
929	38
929	68
929	109
929	127
929	233
11	818
11	824
770	118
770	195
770	689
770	816
818	136
818	689
818	816
824	689
824	816
927	689
927	816
941	689
941	816
960	689
960	816
969	689
969	816
977	689
977	816
980	689
980	816
984	689
984	816
12	755
12	768
12	787
12	794
12	805
12	836
12	850
12	873
12	878
12	890
755	32
755	33
755	178
755	321
755	343
755	405
755	461
755	513
755	556
755	569
755	649
755	654
755	714
755	768
755	787
755	794
755	805
755	836
755	850
755	873
755	878
755	890
768	32
768	33
768	178
768	321
768	343
768	405
768	461
768	513
768	556
768	569
768	649
768	654
768	714
768	787
768	794
768	805
768	836
768	850
768	873
768	878
768	890
787	32
787	33
787	178
787	321
787	343
787	405
787	461
787	513
787	556
787	569
787	649
787	654
787	714
787	794
787	805
787	836
787	850
787	873
787	878
787	890
794	32
794	33
794	178
794	321
794	343
794	405
794	461
794	513
794	556
794	569
794	649
794	654
794	714
794	805
794	836
794	850
794	873
794	878
794	890
805	32
805	33
805	178
805	321
805	343
805	405
805	461
805	513
805	556
805	569
805	649
805	654
805	714
805	836
805	850
805	873
805	878
805	890
836	32
836	33
836	178
836	321
836	343
836	405
836	461
836	513
836	556
836	569
836	649
836	654
836	714
836	850
836	873
836	878
836	890
850	32
850	33
850	178
850	321
850	343
850	405
850	461
850	513
850	556
850	569
850	649
850	654
850	714
850	873
850	878
850	890
873	32
873	33
873	178
873	321
873	343
873	405
873	461
873	513
873	556
873	569
873	649
873	654
873	714
873	878
873	890
878	32
878	33
878	178
878	321
878	343
878	405
878	461
878	513
878	556
878	569
878	649
878	654
878	714
878	890
890	32
890	33
890	178
890	321
890	343
890	405
890	461
890	513
890	556
890	569
890	649
890	654
890	714
15	142
15	433
15	732
15	748
15	841
15	854
15	870
15	907
15	953
15	955
142	212
142	453
142	732
142	748
142	806
142	870
142	907
142	953
142	955
433	82
433	316
433	335
433	426
433	495
433	506
433	611
433	715
433	769
433	854
433	870
433	907
433	953
433	955
732	31
732	76
732	225
732	235
732	247
732	316
732	335
732	426
732	495
732	509
732	531
732	616
732	715
732	748
732	769
732	806
732	841
732	854
732	870
732	907
732	953
732	955
748	82
748	94
748	212
748	235
748	316
748	342
748	426
748	453
748	470
748	495
748	506
748	531
748	616
748	769
748	806
748	841
748	854
748	870
748	907
748	953
748	955
841	76
841	82
841	94
841	152
841	212
841	225
841	235
841	247
841	335
841	342
841	426
841	452
841	453
841	467
841	495
841	506
841	509
841	611
841	616
841	715
841	769
841	806
841	854
841	870
841	907
841	953
841	955
854	31
854	103
854	152
854	212
854	225
854	235
854	247
854	316
854	335
854	386
854	426
854	452
854	453
854	467
854	470
854	495
854	506
854	531
854	611
854	616
854	715
854	769
854	806
854	870
854	953
854	955
870	31
870	152
870	212
870	225
870	235
870	247
870	316
870	342
870	386
870	426
870	452
870	453
870	467
870	495
870	506
870	509
870	531
870	611
870	616
870	715
870	769
870	806
870	907
870	953
870	955
907	31
907	76
907	82
907	94
907	103
907	152
907	225
907	235
907	247
907	316
907	335
907	342
907	386
907	426
907	452
907	453
907	467
907	470
907	495
907	506
907	509
907	531
907	611
907	616
907	715
907	769
907	806
907	953
907	955
953	31
953	76
953	82
953	94
953	103
953	152
953	212
953	225
953	235
953	247
953	316
953	335
953	342
953	386
953	426
953	452
953	453
953	467
953	470
953	495
953	506
953	509
953	531
953	611
953	616
953	715
953	769
953	806
953	955
955	31
955	76
955	82
955	94
955	103
955	152
955	212
955	225
955	235
955	247
955	316
955	335
955	342
955	386
955	426
955	452
955	453
955	467
955	470
955	495
955	506
955	509
955	531
955	611
955	616
955	715
955	769
955	806
16	583
16	746
16	773
16	822
16	932
583	286
583	524
583	587
583	667
583	822
583	913
583	932
746	128
746	198
746	404
746	492
746	501
746	567
746	602
746	702
746	817
746	822
746	913
746	932
773	492
773	501
773	587
773	602
773	667
773	702
773	728
773	822
773	913
773	932
817	28
817	56
817	492
817	545
817	567
817	602
817	702
817	799
817	848
817	913
817	932
822	28
822	56
822	83
822	93
822	151
822	185
822	404
822	448
822	492
822	524
822	545
822	573
822	587
822	602
822	667
822	728
822	799
822	848
822	913
822	924
822	932
822	939
822	948
822	959
924	128
924	492
924	602
924	702
924	913
924	932
932	28
932	56
932	57
932	83
932	87
932	93
932	128
932	151
932	185
932	198
932	262
932	286
932	385
932	404
932	448
932	459
932	501
932	524
932	545
932	567
932	573
932	587
932	602
932	667
932	702
932	728
932	799
932	848
932	913
932	939
932	948
932	959
939	128
939	492
939	602
939	702
939	913
948	128
948	492
948	602
948	702
948	913
959	128
959	492
959	602
959	702
959	913
20	498
20	751
138	498
138	751
407	92
407	498
407	751
412	92
412	498
412	751
498	92
498	202
498	517
498	570
498	731
498	751
498	853
498	864
517	92
517	751
570	92
570	751
731	92
731	751
751	92
751	202
751	853
751	864
853	92
864	92
22	421
22	585
421	193
421	236
421	266
421	585
24	446
24	450
24	540
24	679
24	713
24	716
24	796
24	901
24	961
24	965
446	101
446	145
446	206
446	215
446	332
446	450
446	540
446	679
446	713
446	716
446	796
446	901
446	961
446	965
450	101
450	145
450	206
450	215
450	332
450	540
450	679
450	713
450	716
450	796
450	901
450	961
450	965
540	101
540	145
540	153
540	206
540	215
540	332
540	679
540	713
540	716
540	796
540	901
540	961
540	965
679	101
679	145
679	153
679	206
679	215
679	332
679	713
679	716
679	796
679	901
679	961
679	965
713	101
713	145
713	153
713	206
713	215
713	332
713	716
713	796
713	901
713	961
713	965
716	101
716	145
716	153
716	206
716	215
716	332
716	796
716	901
716	961
716	965
796	101
796	145
796	153
796	206
796	215
796	332
796	901
796	961
796	965
901	101
901	145
901	153
901	206
901	215
901	332
901	961
901	965
961	101
961	145
961	153
961	206
961	215
961	332
961	965
965	101
965	145
965	153
965	206
965	215
965	332
25	39
25	413
25	925
39	406
39	925
413	70
413	75
413	144
413	186
413	925
692	40
692	70
692	144
692	186
692	925
727	40
727	70
727	144
727	186
727	925
793	40
793	70
793	144
793	186
793	925
811	40
811	70
811	144
811	186
811	925
884	40
884	70
884	144
884	186
884	925
925	40
925	70
925	75
925	144
925	186
925	406
925	997
925	1000
997	40
997	70
997	144
997	186
1000	40
1000	66
1000	70
1000	144
1000	186
26	610
26	638
26	693
26	838
594	155
594	382
594	560
594	610
594	638
594	693
594	838
607	155
607	382
607	560
607	610
607	638
607	693
607	838
610	54
610	67
610	146
610	155
610	283
610	325
610	365
610	382
610	560
610	638
610	693
610	785
610	808
610	838
610	885
610	888
638	54
638	67
638	146
638	155
638	283
638	325
638	365
638	382
638	560
638	693
638	785
638	808
638	838
638	885
638	888
693	54
693	67
693	146
693	155
693	283
693	325
693	365
693	382
693	560
693	785
693	808
693	838
693	885
693	888
785	155
785	382
785	560
785	838
808	155
808	382
808	560
808	838
838	54
838	67
838	146
838	155
838	283
838	325
838	365
838	382
838	560
838	885
838	888
885	155
885	382
885	560
888	155
888	382
888	560
27	62
27	284
27	295
27	341
27	368
27	592
27	633
27	636
27	711
27	933
62	284
62	633
62	933
284	295
284	341
284	368
284	592
284	636
284	711
284	933
295	633
295	933
341	633
341	933
368	633
368	933
592	633
592	933
633	636
633	711
633	933
636	933
711	933
933	622
28	448
28	913
448	459
448	524
448	567
448	602
913	56
913	57
913	83
913	87
913	93
913	128
913	151
913	198
913	262
913	286
913	385
913	404
913	459
913	492
913	501
913	524
913	545
913	567
913	573
913	587
913	602
913	667
913	702
913	728
913	799
31	335
31	453
31	467
31	611
335	316
335	467
335	470
335	506
335	769
453	342
453	467
453	470
453	506
453	769
453	806
467	386
467	452
467	470
467	611
467	616
467	806
611	76
611	152
611	235
611	495
611	506
611	509
611	531
611	616
611	715
611	769
37	344
37	399
37	536
37	543
37	687
37	783
37	886
37	889
37	987
344	306
344	352
344	474
399	267
399	280
399	306
399	352
399	474
474	156
474	267
474	269
474	280
474	306
474	352
474	536
474	543
474	687
474	783
474	886
474	889
474	987
536	267
536	306
536	352
543	267
543	306
543	352
687	267
687	306
687	352
783	267
783	306
783	352
886	267
886	306
886	352
889	267
889	306
889	352
987	267
987	306
987	352
406	40
406	70
406	144
406	186
40	75
42	395
395	897
44	478
44	534
44	627
478	214
46	303
46	438
46	508
46	532
46	562
46	628
46	697
46	882
46	928
46	983
303	270
303	274
303	438
303	455
303	508
303	532
303	562
303	628
303	697
303	882
303	928
303	983
438	47
438	200
438	270
438	274
438	455
438	508
438	532
438	562
438	628
438	697
438	882
438	928
438	983
508	47
508	53
508	200
508	270
508	274
508	455
508	532
508	562
508	628
508	697
508	882
508	928
508	983
532	47
532	53
532	200
532	270
532	274
532	455
532	562
532	628
532	697
532	882
532	928
532	983
562	47
562	53
562	200
562	270
562	274
562	455
562	628
562	697
562	882
562	928
562	983
628	47
628	53
628	200
628	270
628	274
628	455
628	697
628	882
628	928
628	983
697	47
697	53
697	200
697	270
697	274
697	455
697	882
697	928
697	983
882	47
882	53
882	200
882	270
882	274
882	455
882	928
882	983
928	47
928	53
928	200
928	270
928	274
928	455
928	983
983	47
983	53
983	200
983	270
983	274
983	455
47	455
455	53
455	200
455	270
455	274
48	671
563	238
563	671
564	238
564	671
670	238
670	671
671	122
671	137
671	139
671	141
671	154
671	238
671	291
671	308
671	515
671	698
671	717
671	767
671	845
671	952
698	238
717	238
767	238
845	238
952	238
50	634
50	703
634	132
634	219
634	278
634	315
634	373
634	397
634	538
634	584
634	619
634	631
634	694
634	703
634	726
634	766
634	786
634	832
634	857
634	880
634	979
694	90
694	315
703	90
703	99
703	315
726	90
726	315
766	90
766	315
786	90
786	315
832	90
832	315
857	90
857	315
880	90
880	315
979	90
979	315
51	414
51	428
51	918
183	414
183	428
183	918
232	414
232	428
232	918
240	414
240	428
240	918
272	414
272	428
272	918
414	428
414	466
414	720
414	788
414	918
428	466
428	720
428	788
428	918
466	918
720	918
788	918
52	259
52	307
52	326
52	432
52	523
52	612
52	614
52	651
52	678
52	718
259	432
259	651
307	432
307	651
326	432
326	651
432	78
432	150
432	338
432	355
432	523
432	612
432	614
432	678
432	718
523	651
612	651
614	651
651	78
651	150
651	338
651	355
651	678
651	718
53	200
56	799
56	848
799	185
799	286
799	459
799	702
848	93
848	128
848	492
848	602
848	702
57	524
57	545
57	728
524	492
524	545
524	602
524	702
545	198
545	492
545	667
545	702
728	87
728	404
728	492
728	573
728	587
728	702
59	289
59	317
59	329
59	330
59	520
59	572
59	804
59	862
59	875
59	898
289	86
289	147
289	188
289	317
289	329
289	330
289	520
289	572
289	804
289	862
289	875
289	898
317	86
317	147
317	329
317	875
329	86
329	147
329	188
329	330
329	520
329	572
329	804
329	862
329	875
329	898
330	86
330	147
330	875
520	86
520	147
520	875
572	86
572	147
572	875
804	86
804	147
804	875
862	86
862	147
862	875
875	86
875	147
875	188
875	898
898	86
898	147
64	791
64	975
64	988
603	791
603	975
603	988
615	791
615	975
615	988
695	791
695	975
695	988
781	791
781	975
781	988
791	275
791	305
791	444
791	477
791	549
791	915
791	975
791	985
791	988
791	990
915	975
915	988
975	275
975	305
975	444
975	477
975	549
975	985
975	988
975	990
985	988
988	275
988	305
988	444
988	477
988	549
988	990
65	203
65	410
203	380
684	124
684	126
684	133
684	161
684	239
684	580
66	69
66	230
66	813
69	230
69	813
69	859
230	813
230	859
813	859
73	241
73	333
73	656
73	691
73	866
220	140
220	231
220	241
220	656
220	691
220	866
241	181
241	231
241	333
241	356
241	656
241	691
241	834
241	866
241	894
241	964
333	231
333	656
333	691
333	866
429	231
429	423
429	656
429	691
429	866
656	140
656	181
656	192
656	231
656	356
656	834
656	866
656	894
656	964
691	140
691	181
691	192
691	231
691	356
691	834
691	866
691	894
691	964
834	231
834	866
866	140
866	181
866	192
866	231
866	356
866	894
866	964
894	231
964	231
76	386
76	470
76	616
76	806
386	316
386	495
386	506
386	531
386	715
386	769
386	806
470	94
470	152
470	212
470	342
470	426
470	806
616	82
616	212
616	426
616	509
616	531
616	715
616	769
616	806
806	82
806	94
806	247
806	316
806	342
806	426
806	495
806	506
806	509
806	531
806	715
806	769
77	364
77	435
364	224
364	435
435	79
435	224
435	246
435	357
435	443
435	447
435	475
435	548
435	588
435	738
435	789
435	797
435	966
447	85
475	85
548	85
588	85
738	85
789	85
797	85
966	85
79	443
443	85
81	345
81	423
81	456
81	493
81	578
81	724
81	869
81	892
81	914
81	968
345	221
345	724
423	221
423	724
456	221
456	724
493	221
493	724
578	221
578	724
724	189
724	221
724	869
724	892
724	914
724	968
869	221
892	221
914	221
968	221
82	94
82	531
94	452
94	531
531	225
531	426
531	452
531	715
85	357
357	246
87	602
87	702
602	262
602	385
602	501
602	573
602	667
702	185
702	262
702	459
702	492
702	501
702	567
702	573
90	631
631	132
631	315
92	202
93	385
93	501
385	128
385	667
501	459
452	103
452	225
452	235
452	342
452	506
452	769
96	571
96	644
571	120
571	281
571	313
571	437
571	449
571	482
571	620
571	644
571	673
571	696
571	710
571	779
571	800
571	846
571	867
571	883
571	893
620	311
620	476
644	255
644	449
710	449
710	673
779	449
800	449
846	449
867	449
883	449
893	449
98	730
98	801
98	930
640	544
640	575
640	730
640	801
640	930
705	544
705	575
705	730
705	801
705	930
730	123
730	279
730	337
730	358
730	454
730	480
730	544
730	575
730	757
730	801
730	840
730	909
730	930
730	935
730	938
757	544
757	575
757	801
757	930
801	123
801	279
801	337
801	358
801	454
801	480
801	544
801	840
801	909
801	930
801	935
801	938
840	544
840	575
840	930
909	544
909	575
909	930
930	123
930	279
930	337
930	358
930	454
930	480
930	544
930	575
930	935
930	938
935	544
935	575
938	544
938	575
99	619
619	219
619	278
619	315
103	495
103	506
103	509
103	715
103	769
495	509
495	715
495	769
506	715
509	152
509	225
509	247
509	715
509	769
715	152
715	235
715	247
715	342
715	426
715	769
769	212
769	235
769	247
769	316
769	426
104	745
104	761
745	113
745	442
745	689
745	816
761	290
761	512
761	689
761	816
105	213
105	374
105	430
105	468
105	922
213	210
213	234
213	296
213	374
213	430
213	468
213	500
213	661
213	827
213	876
213	922
296	210
296	374
296	430
296	468
296	922
374	210
374	234
374	430
374	468
374	500
374	661
374	827
374	876
374	922
430	210
430	234
430	468
430	500
430	661
430	827
430	876
430	922
468	210
468	234
468	500
468	661
468	827
468	876
468	922
500	210
500	922
661	210
661	922
827	210
827	922
876	210
876	922
922	210
922	234
109	233
233	127
226	164
112	119
112	250
250	207
250	294
250	339
250	436
250	488
250	522
250	598
250	642
250	701
250	764
250	982
294	176
113	816
816	118
816	134
816	136
816	195
816	205
816	290
816	363
816	424
816	425
816	442
816	512
816	555
816	590
816	689
816	704
114	116
114	131
114	557
114	624
114	646
114	740
114	744
114	815
114	820
114	844
114	852
116	297
116	557
116	624
116	646
116	740
116	744
116	815
116	820
116	844
116	852
131	297
131	557
131	624
131	646
131	740
131	744
131	815
131	820
131	844
131	852
557	148
557	172
557	297
557	624
557	646
557	740
557	744
557	815
557	820
557	844
557	852
624	148
624	172
624	297
624	646
624	740
624	744
624	815
624	820
624	844
624	852
646	148
646	172
646	297
646	740
646	744
646	815
646	820
646	844
646	852
740	148
740	172
740	297
740	744
740	815
740	820
740	844
740	852
744	148
744	172
744	297
744	815
744	820
744	844
744	852
815	148
815	172
815	297
815	820
815	844
815	852
820	148
820	172
820	297
820	844
820	852
844	148
844	172
844	297
844	852
852	148
852	172
852	297
115	164
297	148
297	172
118	704
704	689
339	176
120	550
120	673
550	313
550	449
673	449
696	281
696	449
122	291
291	141
515	137
515	238
123	575
575	279
575	337
575	358
575	454
575	480
575	544
124	380
124	384
124	580
380	143
380	239
384	161
580	143
580	239
125	159
126	170
126	366
170	135
366	133
366	161
366	322
128	262
128	667
262	404
667	151
667	185
133	322
134	689
689	363
689	424
689	425
689	442
689	512
689	555
689	590
135	239
239	161
137	308
308	238
139	238
140	192
192	231
356	231
212	342
144	186
145	153
153	215
153	332
146	560
560	155
560	283
560	325
560	365
560	382
147	188
148	172
151	573
573	185
573	492
573	567
152	342
215	332
332	206
156	201
156	336
156	352
201	269
201	336
201	352
336	267
336	352
178	714
714	321
714	343
714	405
714	461
714	513
714	556
714	569
714	649
714	654
185	567
567	587
189	221
193	266
269	267
269	280
269	306
210	234
211	451
211	464
211	473
211	699
211	700
211	722
211	734
211	747
211	798
211	821
211	837
451	251
451	722
451	747
451	798
451	821
451	837
464	251
464	722
464	747
464	798
464	821
464	837
473	251
473	722
473	747
473	798
473	821
473	837
699	251
699	722
699	747
699	798
699	821
699	837
700	251
700	722
700	747
700	798
700	821
700	837
722	251
722	379
722	734
722	747
722	798
722	821
734	251
734	747
734	798
734	821
734	837
747	251
747	379
747	798
747	821
747	837
798	251
798	379
798	821
798	837
821	379
821	837
837	251
837	379
214	457
457	318
457	372
216	476
216	528
476	313
482	449
528	255
528	264
528	313
225	247
225	316
251	379
255	449
449	437
404	492
264	311
264	437
311	437
267	306
306	280
270	274
279	544
544	337
544	358
544	454
544	480
283	382
365	382
382	325
315	584
318	370
318	372
370	319
372	319
321	649
321	654
649	343
649	405
649	461
649	513
649	556
649	569
649	654
654	343
654	405
654	461
654	513
654	556
654	569
373	538
538	397
405	556
556	461
556	513
556	569
461	569
569	513
#End Disappearing Edges

*Newborn Edges
1	513
1	585
1	838
1	925
513	125
513	159
513	193
513	236
513	266
513	391
513	547
513	577
513	585
513	597
513	838
513	858
513	925
513	956
513	986
547	193
547	838
547	925
577	838
577	925
585	838
585	925
597	838
597	925
838	49
838	125
838	159
838	193
838	236
838	266
838	391
838	858
838	925
838	956
838	986
858	925
925	49
925	125
925	159
925	193
925	236
925	266
925	391
925	956
925	986
986	998
3	492
3	580
3	684
492	135
492	161
492	229
492	239
492	410
492	580
492	672
492	684
492	688
492	729
492	737
492	814
492	828
492	896
492	970
580	289
580	366
684	289
684	380
684	414
684	688
688	161
688	239
688	289
688	414
729	170
729	289
729	380
729	414
729	672
737	65
737	322
737	366
737	414
814	289
814	414
828	289
828	414
896	289
896	414
970	289
970	414
4	115
4	226
4	702
4	953
115	702
115	953
226	221
226	702
226	953
309	702
309	953
604	702
604	953
608	702
608	953
702	833
702	953
702	967
833	953
953	967
5	544
5	671
544	38
544	68
544	109
544	127
544	233
544	450
544	635
544	647
544	657
544	671
544	709
544	725
544	742
544	778
544	912
635	450
635	671
647	450
647	671
657	450
657	671
671	38
671	68
671	109
671	127
671	233
671	450
671	709
671	725
671	742
671	778
671	912
709	450
725	450
742	450
778	450
778	488
912	450
11	739
11	761
739	136
739	195
739	241
739	290
739	363
739	424
739	425
739	442
739	512
739	590
739	704
739	745
739	761
739	770
739	818
739	824
739	927
739	941
739	960
739	969
739	977
739	980
739	984
761	113
761	134
761	241
770	104
770	113
770	241
927	241
941	241
960	241
969	241
977	241
980	241
984	241
16	56
16	646
16	667
16	848
16	929
56	459
56	583
56	587
56	773
56	929
646	57
646	93
646	185
646	262
646	459
646	524
646	567
646	573
646	667
646	728
646	746
646	799
646	817
646	848
646	924
646	929
646	939
646	948
646	959
667	93
667	404
667	468
667	501
667	524
667	573
667	693
667	746
667	929
817	57
817	87
817	185
817	262
817	404
817	468
817	501
817	524
817	573
817	693
817	929
848	28
848	185
848	385
848	468
848	524
848	693
848	929
924	262
924	468
924	693
924	746
924	929
929	28
929	57
929	83
929	87
929	93
929	151
929	185
929	198
929	262
929	286
929	385
929	404
929	448
929	459
929	468
929	501
929	524
929	545
929	567
929	573
929	583
929	587
929	693
929	728
929	746
929	773
929	799
929	939
929	948
929	959
939	468
939	693
948	468
948	693
959	468
959	693
20	306
20	791
138	306
138	791
306	202
306	407
306	412
306	517
306	570
306	731
306	791
306	853
306	864
407	791
412	791
517	791
570	791
731	791
791	202
791	853
791	864
24	33
24	42
24	211
24	866
24	897
24	971
33	42
33	211
33	866
33	897
33	971
42	211
42	866
42	971
211	866
211	897
211	971
866	897
866	971
897	971
25	498
25	638
25	755
498	39
498	75
498	126
498	406
498	413
498	458
498	638
498	692
498	727
498	755
498	793
498	811
498	884
498	997
498	1000
638	39
638	75
638	126
638	406
638	413
638	458
638	692
638	727
638	755
638	793
638	811
638	884
638	997
638	1000
692	126
692	458
692	755
727	126
727	458
727	755
755	39
755	75
755	126
755	406
755	413
755	458
755	793
755	811
755	884
755	997
755	1000
793	126
793	458
811	126
811	458
884	126
884	458
997	126
997	458
1000	126
1000	458
26	325
26	365
26	428
26	474
325	37
325	230
325	283
325	428
325	474
365	54
365	146
365	230
365	428
365	474
428	37
428	54
428	146
428	230
428	283
428	474
428	594
428	607
428	785
428	808
428	885
428	888
474	54
474	67
474	146
474	230
474	283
474	594
474	607
474	785
474	808
474	885
474	888
594	37
594	230
607	37
607	230
785	37
785	230
808	37
808	230
885	37
885	230
888	37
888	230
27	188
27	221
27	317
27	330
27	506
27	520
27	572
27	804
27	862
27	898
188	210
188	221
188	506
221	210
221	317
221	330
221	506
221	520
221	572
221	804
221	862
221	898
317	210
317	506
330	210
330	506
506	210
506	520
506	572
506	804
506	862
506	898
520	210
572	210
804	210
862	210
898	210
28	587
28	693
28	746
587	448
587	501
587	693
587	746
693	185
693	385
693	404
693	459
693	501
693	524
693	545
693	567
693	583
693	728
693	746
693	799
746	262
746	286
746	459
746	468
746	545
746	573
773	83
773	87
773	151
773	185
773	198
773	404
773	448
773	545
773	583
36	140
36	220
36	333
36	356
36	429
36	560
36	834
36	836
36	894
36	964
140	73
140	333
140	560
140	836
220	69
220	192
220	333
220	560
220	836
333	69
333	560
333	836
356	69
356	73
356	560
356	836
429	69
429	560
429	836
560	69
560	73
560	181
560	192
560	834
560	836
560	894
560	964
834	69
834	836
836	69
836	73
836	181
836	192
836	894
836	964
894	69
964	69
37	146
146	283
40	449
40	643
40	655
40	719
40	813
40	816
40	826
40	917
40	932
40	974
449	133
449	190
449	231
449	250
449	411
449	643
449	655
449	719
449	813
449	816
449	826
449	917
449	932
449	974
643	133
643	190
643	231
643	250
643	411
643	655
643	719
643	813
643	816
643	826
643	917
643	932
643	974
655	133
655	190
655	231
655	250
655	411
655	719
655	813
655	816
655	826
655	917
655	932
655	974
719	133
719	190
719	231
719	250
719	411
719	813
719	816
719	826
719	917
719	932
719	974
813	133
813	190
813	231
813	250
813	411
813	816
813	826
813	917
813	932
813	974
816	133
816	190
816	231
816	250
816	411
816	826
816	917
816	932
816	974
826	133
826	190
826	231
826	250
826	411
826	917
826	932
826	974
917	133
917	190
917	231
917	250
917	411
917	932
917	974
932	133
932	190
932	231
932	250
932	411
932	974
974	133
974	190
974	231
974	250
974	411
43	213
43	218
43	228
43	324
43	633
43	716
43	747
43	758
43	860
43	875
213	142
213	218
213	271
213	324
213	327
213	633
213	716
213	747
213	758
213	860
213	875
218	203
218	271
218	284
218	324
218	633
218	716
218	747
218	758
218	860
218	875
228	203
228	271
228	284
228	324
228	327
228	633
228	716
228	747
228	758
228	860
228	875
324	142
324	284
324	327
324	633
324	716
324	747
324	758
324	860
324	875
633	142
633	203
633	271
633	327
633	716
633	747
633	758
633	860
633	875
716	142
716	203
716	271
716	284
716	327
716	747
716	758
716	860
716	875
747	142
747	203
747	271
747	284
747	327
747	758
747	860
747	875
758	142
758	203
758	271
758	284
758	327
758	860
758	875
860	142
860	203
860	271
860	284
860	327
860	875
875	142
875	203
875	271
875	284
875	327
44	372
44	689
44	724
372	689
372	724
622	53
622	200
622	689
622	724
674	53
674	90
674	200
674	689
674	724
689	53
689	90
689	200
689	214
689	318
689	319
689	370
689	457
689	478
689	534
689	627
689	721
689	724
689	863
689	900
689	949
689	998
721	53
721	90
721	200
721	724
724	53
724	90
724	200
724	214
724	318
724	319
724	370
724	457
724	478
724	534
724	627
724	863
724	900
724	949
724	998
863	53
863	90
863	200
900	53
900	90
900	200
949	53
949	90
949	200
998	53
998	90
998	200
48	141
48	352
141	308
352	137
352	291
352	303
352	515
352	563
352	564
352	670
352	698
352	717
352	767
352	845
352	952
563	303
564	303
670	303
698	303
717	303
767	303
845	303
952	303
49	266
266	391
50	933
50	983
694	933
694	983
726	933
726	983
766	933
766	983
786	933
786	983
832	933
832	983
857	933
857	983
880	801
880	933
880	983
933	99
933	132
933	219
933	278
933	373
933	397
933	538
933	584
933	619
933	631
933	703
933	979
933	983
979	983
983	99
983	132
983	219
983	278
983	373
983	397
983	538
983	584
983	619
983	631
983	703
51	421
51	751
183	421
183	751
232	421
232	751
240	421
240	751
272	421
272	751
421	466
421	720
421	751
421	788
466	751
720	751
751	788
52	294
52	339
52	436
52	488
52	522
52	598
52	642
52	701
52	764
52	982
294	267
339	267
436	267
488	267
522	267
598	267
642	267
701	267
764	267
982	267
53	627
627	90
627	200
54	67
67	230
67	283
459	728
583	57
583	87
583	545
583	573
57	799
799	83
799	87
799	151
799	524
799	728
64	477
64	549
64	713
477	713
549	713
603	713
615	713
695	713
713	275
713	305
713	444
713	781
713	915
713	985
713	990
65	414
414	289
414	322
414	366
414	672
672	161
672	239
672	289
66	85
66	432
66	575
66	651
66	801
66	878
85	432
85	575
85	651
85	801
85	859
85	878
432	575
432	801
432	859
432	878
575	651
575	859
575	878
651	801
651	859
651	878
801	859
801	878
859	878
230	283
69	192
192	181
70	105
70	110
70	234
70	296
70	500
70	661
70	744
70	827
70	876
105	110
105	234
105	744
110	234
110	296
110	500
110	661
110	744
110	827
110	876
234	744
296	744
500	744
661	744
744	827
744	876
73	181
77	443
77	922
443	516
443	922
447	516
447	922
475	516
475	922
548	94
548	516
548	922
588	94
588	516
588	922
738	94
738	516
738	922
789	94
789	516
789	922
797	94
797	516
797	922
922	79
922	94
922	224
922	246
922	357
922	364
922	516
922	966
966	94
966	516
78	259
78	307
78	326
259	150
79	516
516	94
516	224
516	246
516	357
516	364
83	567
567	151
567	468
567	501
567	524
567	728
86	382
86	465
86	486
86	571
86	750
86	762
86	774
86	821
86	923
382	124
382	128
382	251
382	263
382	465
382	486
382	571
382	750
382	762
382	774
382	821
382	923
465	124
465	128
465	251
465	263
465	486
465	571
465	750
465	762
465	774
465	821
465	923
486	124
486	128
486	251
486	263
486	571
486	750
486	762
486	774
486	821
486	923
571	124
571	128
571	251
571	263
571	750
571	762
571	774
571	821
571	923
750	124
750	128
750	251
750	263
750	762
750	774
750	821
750	923
762	124
762	128
762	251
762	263
762	774
762	821
762	923
774	124
774	128
774	251
774	263
774	821
774	923
821	124
821	128
821	263
821	923
923	124
923	128
923	251
923	263
93	524
93	573
93	728
524	468
573	385
573	404
573	545
728	198
728	385
728	468
728	545
94	357
94	364
96	673
96	696
620	120
620	281
620	528
673	313
673	550
673	696
696	311
710	216
710	313
710	528
98	358
98	454
98	480
358	123
358	279
358	337
454	123
454	279
454	337
480	123
480	279
104	818
818	195
818	241
824	118
824	363
109	450
450	127
450	233
112	207
112	267
267	176
118	590
118	745
590	424
745	134
745	136
745	290
119	176
120	528
120	644
528	281
644	216
644	264
644	437
122	154
515	291
515	303
123	337
337	279
124	251
124	263
251	128
251	263
263	128
125	236
126	458
458	406
458	413
133	411
411	190
411	231
411	250
135	143
135	384
143	239
143	621
384	366
621	170
621	229
621	289
137	139
137	303
139	308
303	291
303	308
142	164
142	284
142	327
164	430
164	499
164	589
164	610
164	722
164	723
164	809
164	837
164	902
164	965
284	203
284	271
284	327
327	203
327	271
229	161
229	366
239	322
144	189
144	345
144	423
144	456
144	493
144	578
144	869
144	892
144	914
144	968
151	501
501	198
155	395
155	435
155	656
155	675
155	691
155	712
155	730
155	735
155	844
155	856
155	913
395	293
395	340
395	360
395	435
395	656
395	675
395	691
395	712
395	730
395	735
395	844
395	856
395	913
435	293
435	315
435	340
435	360
435	656
435	675
435	691
435	712
435	730
435	735
435	844
435	856
435	913
656	293
656	315
656	340
656	360
656	675
656	712
656	730
656	735
656	844
656	856
656	913
675	293
675	315
675	340
675	360
675	691
675	712
675	730
675	735
675	844
675	856
675	913
691	293
691	315
691	340
691	360
691	712
691	730
691	735
691	844
691	856
691	913
712	293
712	315
712	340
712	360
712	730
712	735
712	844
712	856
712	913
730	293
730	315
730	340
730	360
730	735
730	844
730	856
730	913
735	293
735	315
735	340
735	360
735	844
735	856
735	913
844	293
844	315
844	340
844	360
844	856
844	913
856	293
856	315
856	340
856	360
856	913
913	293
913	315
913	340
913	360
156	399
156	418
156	562
399	201
399	269
399	418
399	543
399	562
418	201
418	269
418	280
418	336
418	344
418	536
418	543
418	562
418	687
418	783
418	886
418	889
418	987
536	336
536	562
543	562
562	201
562	269
562	280
562	336
562	344
562	687
562	783
562	886
562	889
562	987
158	321
158	430
158	499
158	589
158	610
158	722
158	723
158	809
158	837
158	902
158	965
321	329
321	430
321	499
321	589
321	610
321	722
321	723
321	809
321	837
321	902
321	965
430	182
430	186
430	329
430	499
430	589
430	610
430	722
430	723
430	809
430	837
430	902
430	965
499	182
499	186
499	329
499	589
499	610
499	722
499	723
499	809
499	837
499	902
499	965
589	182
589	186
589	329
589	610
589	722
589	723
589	809
589	837
589	902
589	965
610	182
610	186
610	329
610	722
610	723
610	809
610	837
610	902
610	965
722	182
722	186
722	329
722	723
722	809
722	902
722	965
723	182
723	186
723	329
723	809
723	837
723	902
723	965
809	182
809	186
809	329
809	837
809	902
809	965
837	182
837	186
837	329
837	902
837	965
902	182
902	186
902	329
902	965
965	182
965	186
965	329
159	391
391	193
170	380
380	289
182	329
329	186
185	448
448	262
448	286
448	468
200	457
201	280
280	344
203	271
205	704
704	442
214	318
482	264
482	476
231	250
322	289
241	512
512	555
255	311
255	437
255	476
311	313
311	476
437	313
437	550
264	550
269	336
269	344
275	305
275	444
286	545
545	385
545	468
293	315
293	360
315	340
315	360
360	340
404	468
425	555
555	442
#End Newborn Edges

*Degree Changed Nodes
577	18	17
597	19	17
723	19	15
750	19	13
858	19	17
956	20	17
986	19	18
814	27	26
828	27	26
896	27	26
970	27	26
4	10	9
110	11	9
309	13	9
418	13	15
516	13	16
604	13	9
608	13	9
739	13	24
833	13	9
967	13	9
971	13	6
458	15	13
778	16	17
929	16	37
755	23	16
836	23	14
878	23	7
142	10	11
953	38	9
924	38	37
932	39	15
939	40	37
948	40	37
959	40	37
407	12	11
412	12	11
498	12	16
517	12	11
570	12	11
731	12	11
751	12	9
853	12	11
864	12	11
421	15	9
585	18	17
24	10	6
450	15	13
713	16	13
716	16	15
965	16	15
413	14	12
925	16	17
1000	17	16
594	19	16
607	19	16
610	19	15
638	19	16
693	19	22
785	19	16
808	19	16
838	19	17
885	19	16
888	19	16
62	10	6
284	10	13
295	10	6
341	10	6
368	10	6
592	10	6
633	10	15
636	10	6
711	10	6
933	11	21
913	36	15
33	10	6
536	17	15
543	17	15
687	18	15
783	18	15
886	18	15
889	18	15
987	18	15
406	14	12
42	2	6
395	2	14
897	2	6
534	16	17
622	17	20
627	16	20
674	16	21
721	16	21
863	16	21
900	16	21
949	16	21
998	16	22
562	16	15
983	16	21
48	9	10
671	18	16
49	9	10
694	22	21
703	22	19
726	22	21
766	22	21
786	22	21
832	22	21
857	22	21
979	22	21
51	10	9
183	10	9
232	10	9
240	10	9
272	10	9
414	10	13
428	10	15
466	10	9
720	10	9
788	10	9
259	12	11
307	13	11
326	13	11
432	14	7
523	14	11
612	14	11
614	14	11
651	14	7
678	14	11
718	14	11
317	13	11
330	13	11
520	13	11
572	13	11
804	13	11
862	13	11
875	13	15
898	13	11
603	15	13
615	15	13
695	15	13
781	15	13
791	15	11
915	15	13
985	15	13
990	15	13
66	5	7
69	4	10
230	4	12
813	4	15
859	4	7
68	9	10
70	10	9
429	15	14
834	15	14
866	15	6
894	15	14
964	15	14
548	16	17
588	16	17
738	16	17
789	16	17
797	16	17
966	16	17
78	9	10
338	13	11
355	13	11
345	12	10
423	13	10
456	12	10
493	12	10
578	12	10
724	12	21
869	12	10
892	12	10
914	12	10
968	12	10
83	9	10
85	10	7
86	10	9
702	22	9
90	10	9
631	20	18
202	11	10
571	18	13
779	25	23
800	25	23
846	25	23
867	25	23
883	25	23
893	25	23
640	18	13
705	18	13
730	18	15
757	18	13
801	18	8
840	18	13
909	18	13
935	18	13
938	18	13
619	19	16
506	16	11
105	10	9
296	12	9
430	12	15
468	12	15
500	12	9
661	12	9
827	12	9
876	12	9
922	12	17
233	12	11
226	12	10
436	14	15
488	14	16
522	14	15
598	14	15
642	14	15
701	14	15
764	14	15
816	28	15
646	14	20
744	14	9
844	14	15
115	11	9
122	11	10
575	17	7
689	22	21
144	11	10
560	16	14
150	11	10
156	11	10
189	11	10
221	11	12
210	11	10
234	11	9
211	11	6
451	13	6
464	13	6
473	13	6
699	13	6
700	13	6
722	13	15
734	13	6
747	13	15
837	13	15
214	11	12
379	12	6
311	12	13
306	13	11
477	14	13
549	14	13
279	12	11
382	14	13
305	13	12
444	13	12
321	13	12
337	13	12
480	15	13
358	14	13
454	14	13
538	15	14
590	18	19
513	15	16
555	16	17
