*Disappearing Nodes
872
175
14
308
330
422
517
553
565
17
261
371
500
591
608
22
678
882
899
920
929
956
29
319
37
680
719
963
43
226
62
67
230
494
598
650
700
784
791
339
348
938
107
659
273
115
119
335
377
416
455
256
124
302
676
166
167
648
312
463
489
431
269
357
574
701
579
#End Disappearing Nodes

*Newborn Nodes
428
480
641
860
919
940
23
520
241
285
610
642
95
542
584
275
373
538
457
278
359
#End Newborn Nodes

*Disappearing Edges
1	84
1	99
1	146
1	193
1	486
84	99
84	134
84	146
84	165
84	183
84	193
84	331
84	486
84	740
99	134
99	146
99	165
99	183
99	193
99	331
99	486
99	740
134	146
134	193
134	486
146	165
146	183
146	193
146	331
146	486
146	740
165	193
165	486
183	193
183	486
193	331
193	486
193	740
331	486
486	740
2	245
2	619
2	632
2	767
2	916
245	176
245	383
245	516
245	916
619	75
619	190
619	253
619	383
619	499
619	516
619	587
619	592
619	632
619	666
619	765
619	767
619	776
619	796
619	881
619	891
619	916
619	923
632	61
632	232
632	312
632	499
632	765
632	916
765	101
765	190
765	253
765	312
765	711
765	916
767	176
767	177
767	190
767	916
776	101
776	190
776	253
776	312
776	666
776	916
881	101
881	190
881	253
881	312
881	916
891	101
891	190
891	253
891	312
891	916
916	61
916	75
916	176
916	177
916	199
916	232
916	253
916	312
916	352
916	383
916	499
916	516
916	587
916	592
916	666
916	711
916	796
916	923
923	101
923	190
923	253
923	312
3	322
3	417
3	545
3	725
3	751
3	821
322	33
322	229
322	452
322	725
322	751
322	821
417	143
417	203
417	318
417	366
417	545
417	621
417	627
417	688
417	725
417	751
417	814
417	821
417	827
417	933
545	384
545	426
545	725
545	751
545	821
627	203
627	318
627	426
627	434
627	725
627	751
627	821
725	33
725	143
725	156
725	210
725	229
725	266
725	366
725	380
725	426
725	434
725	452
725	621
725	688
725	751
725	814
725	821
725	827
725	933
751	33
751	65
751	135
751	161
751	203
751	210
751	229
751	318
751	380
751	384
751	426
751	434
751	621
751	688
751	814
751	821
751	827
751	933
814	33
814	318
814	426
814	821
821	33
821	65
821	135
821	143
821	156
821	161
821	203
821	210
821	229
821	318
821	366
821	380
821	384
821	426
821	434
821	452
821	621
821	688
821	827
821	933
827	33
827	318
827	426
933	33
933	318
933	426
4	679
4	809
4	838
4	885
4	910
679	221
679	258
679	388
679	838
679	861
679	885
755	173
755	376
755	638
755	643
755	661
755	663
755	771
809	157
809	508
809	582
838	116
838	173
838	208
838	376
838	508
838	638
869	173
869	376
869	388
869	411
869	628
869	727
885	208
885	388
885	643
885	661
885	921
910	6
910	116
910	663
910	875
921	6
921	173
921	243
5	21
5	39
5	48
5	49
5	97
5	105
5	117
5	120
5	276
5	708
21	49
21	97
21	105
21	117
21	120
39	48
39	49
39	105
39	117
48	49
48	97
48	120
48	276
49	97
49	105
49	117
49	120
49	276
49	708
97	105
105	276
6	763
6	807
6	861
6	875
763	221
763	411
763	582
763	661
763	663
763	861
807	376
807	411
807	527
807	638
807	727
807	875
861	157
861	221
861	388
861	643
875	208
875	243
875	258
875	527
7	692
7	720
7	890
692	154
692	435
692	546
692	713
692	890
720	435
720	546
720	713
720	890
798	435
798	546
798	713
798	890
815	435
815	546
815	713
815	890
820	435
820	546
820	713
820	890
823	435
823	546
823	713
823	890
852	435
852	546
852	713
852	890
867	435
867	546
867	713
867	890
877	435
877	546
877	713
877	890
890	109
890	154
890	225
890	228
890	297
890	358
890	367
890	435
890	485
890	546
890	615
890	624
890	626
890	713
890	744
890	752
890	793
8	502
8	552
8	844
8	872
8	931
8	975
502	674
502	844
502	872
502	931
502	975
552	412
552	443
552	674
552	844
552	872
552	931
552	975
636	412
636	443
636	633
636	844
636	872
636	931
636	975
684	315
684	412
684	443
684	633
684	674
684	844
684	872
684	931
684	975
714	55
714	315
714	412
714	443
714	633
714	674
714	844
714	872
714	931
714	975
844	44
844	55
844	111
844	192
844	257
844	265
844	315
844	351
844	412
844	439
844	443
844	475
844	481
844	511
844	561
844	601
844	633
844	674
844	872
844	931
844	949
844	975
872	44
872	55
872	111
872	192
872	257
872	265
872	315
872	351
872	412
872	439
872	443
872	475
872	481
872	511
872	561
872	601
872	633
872	674
872	931
872	949
872	975
931	44
931	55
931	111
931	192
931	257
931	265
931	315
931	351
931	412
931	439
931	443
931	475
931	481
931	511
931	561
931	601
931	633
931	949
931	975
949	55
949	315
949	412
949	443
949	633
949	674
949	975
975	44
975	55
975	111
975	192
975	257
975	265
975	315
975	351
975	412
975	439
975	475
975	481
975	511
975	561
975	601
975	633
975	674
9	26
9	175
9	181
9	205
9	336
9	338
9	340
9	378
9	385
9	418
26	131
26	175
26	378
175	123
175	131
175	170
175	205
175	336
175	338
175	378
175	385
175	418
181	38
181	123
181	131
181	378
205	336
205	378
336	38
336	83
336	123
336	131
336	170
336	300
336	338
336	340
336	378
336	418
338	38
338	123
338	378
340	38
340	131
340	378
378	38
378	83
378	123
378	131
378	300
378	385
385	38
385	123
385	131
418	38
418	123
418	131
10	27
10	63
10	103
10	159
10	216
10	220
10	250
10	267
10	313
10	529
27	58
27	63
27	159
27	216
63	159
63	216
63	250
63	267
103	58
103	100
103	216
103	220
103	250
159	58
159	100
159	216
159	220
159	250
159	267
159	313
159	529
216	58
216	100
216	220
216	250
216	267
216	313
216	529
220	58
267	100
313	58
11	927
11	979
927	32
927	66
927	501
927	522
927	566
927	690
927	742
927	979
941	501
941	522
941	566
941	690
941	742
941	979
960	501
960	522
960	566
960	690
960	742
960	979
967	501
967	522
967	566
967	690
967	742
967	979
977	501
977	522
977	566
977	690
977	742
977	979
979	32
979	66
979	104
979	136
979	188
979	195
979	196
979	290
979	317
979	325
979	363
979	374
979	408
979	409
979	424
979	425
979	442
979	445
979	450
979	487
979	501
979	522
979	566
979	590
979	690
979	726
979	742
979	745
979	816
979	818
979	824
979	901
979	917
979	947
979	969
979	980
979	981
979	982
979	984
980	501
980	522
980	566
980	690
980	742
981	501
981	522
981	566
981	690
981	742
982	501
982	522
982	566
982	690
982	742
984	501
984	522
984	566
984	690
984	742
12	588
12	717
12	750
12	779
12	850
12	857
12	904
588	344
588	631
588	677
588	689
588	750
588	779
588	857
717	164
717	341
717	343
717	344
717	405
717	581
717	631
717	649
717	654
717	657
717	689
717	706
717	750
717	779
717	836
717	840
717	850
717	857
717	873
717	894
717	904
717	909
750	178
750	343
750	405
750	534
750	581
750	631
750	649
750	654
750	657
750	689
750	706
750	737
750	779
750	840
750	850
750	857
750	873
750	878
750	894
750	904
750	909
779	52
779	158
779	341
779	344
779	405
779	513
779	534
779	556
779	581
779	649
779	654
779	677
779	689
779	836
779	840
779	850
779	857
779	873
779	878
779	894
779	904
779	909
850	158
850	631
850	857
850	904
857	42
857	164
857	178
857	332
857	343
857	344
857	399
857	405
857	534
857	549
857	556
857	649
857	654
857	657
857	677
857	689
857	706
857	737
857	836
857	840
857	873
857	894
857	904
857	909
873	631
873	904
878	631
878	904
904	52
904	158
904	164
904	178
904	332
904	341
904	343
904	344
904	399
904	405
904	513
904	534
904	549
904	556
904	581
904	631
904	649
904	654
904	657
904	677
904	689
904	706
904	737
904	836
904	840
904	894
904	909
909	631
13	362
13	368
13	537
362	118
362	251
362	386
362	446
362	451
362	537
362	543
362	693
362	703
362	722
362	739
362	785
362	837
368	244
368	251
368	326
368	414
368	473
386	160
386	326
386	543
537	30
537	47
537	160
537	326
537	407
537	414
537	451
537	473
537	543
537	693
537	703
537	722
537	739
537	785
537	837
693	30
693	160
693	244
693	414
693	563
703	118
703	160
703	414
703	563
722	118
722	160
722	244
722	414
722	563
739	30
739	118
739	244
739	414
739	563
785	30
785	118
785	160
785	244
785	414
785	563
837	30
837	118
837	160
837	244
837	414
837	563
14	36
14	308
14	330
14	410
14	422
14	441
14	517
14	553
14	565
14	569
36	72
36	308
36	410
36	422
36	441
36	517
36	553
36	565
36	569
308	168
308	226
308	233
308	330
308	410
308	422
308	441
308	517
308	553
308	565
308	569
330	72
330	168
330	226
330	233
330	410
330	422
330	441
330	517
330	553
330	565
330	569
410	43
410	168
410	226
410	233
410	422
410	441
410	517
410	553
410	565
410	569
422	43
422	72
422	168
422	226
422	233
422	441
422	517
422	553
422	565
422	569
441	43
441	72
441	168
441	226
441	233
441	517
441	553
441	565
441	569
517	43
517	72
517	168
517	226
517	233
517	553
517	565
517	569
553	43
553	72
553	168
553	226
553	233
553	565
553	569
565	43
565	72
565	168
565	226
565	233
565	569
569	43
569	72
569	168
569	226
569	233
15	612
15	618
15	622
15	651
15	736
15	783
15	792
15	804
15	810
15	886
612	185
612	782
612	792
618	51
618	185
618	197
618	448
618	782
618	792
622	51
622	234
622	673
622	782
622	792
651	185
651	234
651	448
651	782
651	792
736	185
736	448
736	782
736	792
783	234
783	448
783	782
783	792
792	51
792	155
792	185
792	197
792	259
792	307
792	355
792	382
792	448
792	523
792	585
792	614
792	673
792	718
792	782
792	804
792	810
792	886
804	185
804	234
804	448
804	782
810	185
810	234
810	448
810	782
886	185
886	234
886	448
886	782
16	298
16	853
16	924
298	702
298	799
298	853
853	59
853	68
853	93
853	128
853	198
853	209
853	262
853	271
853	459
853	492
853	524
853	573
853	583
853	602
853	667
853	695
853	702
853	773
853	797
853	799
853	848
853	900
853	922
853	928
853	932
853	939
853	948
853	959
853	968
900	57
900	87
900	151
900	401
900	461
900	530
900	602
900	797
924	28
924	59
924	68
924	93
924	401
924	530
924	602
924	797
928	59
928	87
928	198
928	401
928	461
928	530
928	797
932	59
932	68
932	401
932	530
932	797
932	848
939	59
939	68
939	93
939	401
939	530
939	573
948	59
948	68
948	128
948	401
948	530
948	797
959	59
959	68
959	401
959	530
959	797
968	59
968	68
968	401
968	530
968	797
17	144
17	261
17	371
17	381
17	500
17	575
17	591
17	608
17	647
17	905
144	248
144	319
144	371
144	381
144	500
144	575
144	591
144	608
144	905
261	166
261	248
261	319
261	371
261	381
261	500
261	575
261	591
261	608
261	647
261	905
371	34
371	166
371	248
371	319
371	381
371	500
371	575
371	591
371	608
371	647
371	905
381	34
381	166
381	248
381	319
381	500
381	575
381	591
381	608
381	647
381	905
500	34
500	166
500	248
500	319
500	575
500	591
500	608
500	647
500	905
575	34
575	166
575	248
575	319
575	591
575	608
575	647
575	905
591	34
591	166
591	248
591	319
591	608
591	647
591	905
608	34
608	166
608	248
608	319
608	647
608	905
647	34
647	166
647	248
647	319
647	905
905	34
905	166
905	248
905	319
18	389
18	600
18	646
18	849
18	868
18	914
389	227
389	596
389	653
389	665
389	686
389	887
389	895
389	914
600	133
600	214
600	215
600	227
600	617
600	646
600	741
600	749
600	790
600	868
600	887
646	227
646	392
646	606
646	629
646	645
646	653
646	749
646	843
646	887
849	29
849	106
849	284
849	471
849	477
849	554
849	558
849	572
849	617
849	944
868	239
868	284
868	287
868	558
868	606
868	665
868	735
868	749
868	874
868	887
868	889
887	139
887	214
887	215
887	227
887	270
887	284
887	572
887	617
887	665
887	749
887	895
889	139
889	214
889	392
889	471
889	572
889	606
889	645
889	653
889	665
889	749
889	895
914	29
914	139
914	214
914	239
914	270
914	554
914	749
914	973
951	29
951	214
951	284
951	525
951	554
951	629
951	735
951	749
951	790
973	29
973	106
973	214
973	284
973	287
973	350
973	558
973	629
973	749
19	71
19	108
19	163
19	337
19	734
19	972
71	70
71	555
71	734
71	972
108	145
108	324
108	333
108	438
108	555
108	685
108	734
108	758
108	761
108	972
163	70
163	224
163	272
163	447
163	555
163	685
163	734
163	758
163	761
169	145
169	447
169	734
169	972
337	53
337	224
337	280
337	333
337	438
337	447
337	555
337	685
337	734
337	758
337	761
337	972
685	53
685	734
685	972
734	53
734	70
734	145
734	224
734	272
734	280
734	324
734	333
734	438
734	447
734	555
734	758
734	761
734	972
758	53
758	972
761	53
761	972
972	53
972	70
972	145
972	224
972	272
972	280
972	324
972	333
972	438
972	447
972	555
20	41
20	640
41	69
41	81
41	89
41	110
41	126
41	184
41	640
69	640
81	640
89	640
110	640
126	640
184	640
22	678
22	863
22	876
22	882
22	899
22	920
22	929
22	954
22	956
22	970
678	62
678	357
678	454
678	496
678	497
678	579
678	634
678	670
678	680
678	681
678	863
678	876
678	880
678	912
678	920
678	929
678	954
678	956
678	963
678	970
863	269
863	327
863	432
863	454
863	458
863	468
863	489
863	496
863	526
863	574
863	576
863	579
863	634
863	648
863	672
863	680
863	681
863	719
863	817
863	832
863	876
863	880
863	882
863	899
863	912
863	920
863	954
863	956
863	963
863	970
876	167
876	249
876	357
876	432
876	454
876	458
876	489
876	496
876	497
876	574
876	576
876	634
876	635
876	648
876	670
876	680
876	681
876	719
876	817
876	832
876	880
876	882
876	899
876	912
876	929
876	956
876	963
876	970
882	62
882	127
882	167
882	432
882	458
882	468
882	489
882	496
882	497
882	536
882	576
882	579
882	634
882	635
882	648
882	670
882	680
882	681
882	701
882	719
882	817
882	880
882	899
882	912
882	920
882	929
882	954
882	956
882	963
882	970
899	37
899	62
899	127
899	167
899	269
899	327
899	432
899	454
899	458
899	468
899	489
899	497
899	526
899	536
899	574
899	576
899	670
899	672
899	680
899	701
899	719
899	817
899	832
899	880
899	912
899	920
899	929
899	954
899	956
899	963
899	970
920	62
920	127
920	167
920	249
920	269
920	327
920	432
920	454
920	468
920	489
920	496
920	497
920	526
920	574
920	576
920	579
920	634
920	635
920	648
920	670
920	672
920	680
920	681
920	701
920	719
920	832
920	912
920	929
920	954
920	956
920	963
920	970
929	37
929	127
929	167
929	249
929	269
929	327
929	432
929	454
929	458
929	468
929	489
929	496
929	497
929	526
929	536
929	574
929	576
929	579
929	634
929	635
929	648
929	670
929	672
929	681
929	701
929	817
929	832
929	880
929	912
929	954
929	956
929	963
929	970
954	37
954	62
954	127
954	167
954	249
954	269
954	327
954	357
954	432
954	454
954	458
954	468
954	489
954	496
954	497
954	536
954	574
954	576
954	579
954	634
954	635
954	648
954	672
954	680
954	681
954	701
954	719
954	817
954	832
954	880
954	912
954	956
954	963
954	970
956	37
956	62
956	127
956	167
956	249
956	269
956	327
956	357
956	432
956	454
956	458
956	468
956	489
956	496
956	497
956	526
956	536
956	576
956	579
956	634
956	635
956	648
956	670
956	672
956	680
956	681
956	701
956	719
956	817
956	832
956	880
956	912
956	963
956	970
970	37
970	62
970	127
970	167
970	249
970	269
970	327
970	357
970	432
970	454
970	458
970	468
970	489
970	496
970	497
970	526
970	536
970	574
970	576
970	579
970	634
970	635
970	648
970	670
970	672
970	680
970	681
970	701
970	719
970	817
970	832
970	880
970	912
970	963
24	652
24	812
24	831
652	113
652	682
652	808
652	822
652	883
812	92
812	510
812	694
812	831
812	883
831	50
831	288
831	306
831	436
831	510
831	694
831	883
945	50
945	80
945	694
945	883
958	50
958	80
958	694
958	883
964	50
964	80
964	694
964	883
965	50
965	80
965	694
965	883
971	50
971	80
971	694
971	883
974	50
974	80
974	694
974	883
976	50
976	80
976	694
976	883
25	731
25	856
25	908
25	934
731	356
731	415
731	503
731	597
731	934
854	211
854	268
854	294
854	356
854	507
854	559
854	759
854	862
854	934
856	211
856	294
856	356
856	464
856	515
856	557
856	862
856	934
888	149
888	294
888	323
888	515
888	729
888	862
888	934
908	294
908	334
908	507
908	515
908	862
908	934
915	294
915	507
915	515
915	781
915	862
915	934
926	294
926	507
926	515
926	862
926	934
934	149
934	180
934	182
934	211
934	222
934	268
934	294
934	323
934	334
934	356
934	360
934	415
934	430
934	464
934	503
934	507
934	557
934	559
934	597
934	607
934	625
934	664
934	729
934	753
934	759
934	781
934	829
934	862
934	902
934	935
934	936
935	294
935	507
935	515
935	862
936	294
936	507
936	515
936	862
83	38
83	123
83	131
131	170
131	300
170	38
300	123
28	459
28	583
28	773
28	797
28	799
459	530
459	573
459	667
459	695
459	702
459	848
583	93
583	262
583	401
583	573
583	797
773	56
773	151
773	209
773	401
773	524
773	530
773	702
773	797
797	56
797	59
797	87
797	128
797	209
797	262
797	286
797	667
797	695
797	702
797	704
797	746
797	799
797	848
797	922
799	59
799	128
799	403
799	524
799	530
799	602
29	310
29	735
29	749
29	766
29	843
29	944
310	284
310	471
310	558
310	766
310	775
310	944
735	350
735	471
735	477
735	505
735	790
749	133
749	215
749	239
749	270
749	284
749	505
749	554
749	572
749	645
749	653
749	686
749	698
749	766
749	874
749	944
766	215
766	227
766	287
766	471
766	558
766	629
766	665
766	686
766	741
766	775
766	843
766	944
843	133
843	139
843	239
843	284
843	350
843	392
843	558
843	629
843	653
843	874
944	214
944	284
944	606
944	617
944	790
30	118
30	407
30	451
30	473
30	563
118	354
118	446
118	451
118	563
407	244
407	473
407	563
451	404
451	414
451	563
473	160
473	414
563	47
563	244
563	251
563	354
563	404
563	414
563	543
31	786
31	787
31	841
31	907
31	930
786	94
786	152
786	212
786	316
786	329
786	342
786	398
786	495
786	611
786	660
786	676
786	732
786	748
786	772
786	787
786	794
786	805
786	813
786	841
786	907
786	930
786	946
786	953
786	955
786	961
787	82
787	212
787	291
787	296
787	676
787	715
787	841
787	930
805	76
805	291
805	329
805	342
805	467
805	562
805	676
805	794
805	930
841	212
841	562
841	794
841	813
841	930
907	296
907	794
907	930
930	76
930	94
930	142
930	152
930	212
930	238
930	247
930	291
930	296
930	316
930	329
930	342
930	398
930	429
930	467
930	495
930	506
930	509
930	562
930	660
930	676
930	715
930	732
930	748
930	769
930	772
930	794
930	813
930	870
930	946
930	953
930	955
930	961
946	296
946	562
946	676
946	794
953	296
953	562
953	676
953	794
955	296
955	562
955	676
955	794
961	296
961	562
961	676
961	794
969	501
969	522
969	566
969	690
969	742
33	366
33	426
33	621
366	143
366	161
366	318
426	143
426	156
426	380
426	452
426	621
426	688
621	318
34	319
319	166
319	248
986	46
986	102
986	421
986	828
986	988
991	73
991	421
991	828
991	988
992	421
992	828
992	988
993	421
993	828
993	988
994	421
994	828
994	988
996	421
996	828
996	988
997	421
997	828
997	988
998	421
998	828
998	988
999	421
999	828
999	988
1000	123
1000	421
1000	828
1000	988
72	168
72	226
37	670
37	680
37	719
37	912
37	963
670	269
670	496
670	526
670	576
670	634
670	635
670	680
670	719
670	817
670	832
670	880
670	963
680	167
680	496
680	497
680	536
680	579
680	701
680	832
680	880
680	912
680	963
719	327
719	357
719	454
719	458
719	536
719	634
719	635
719	672
719	701
719	817
719	880
719	912
719	963
912	62
912	249
912	357
912	432
912	454
912	489
912	497
912	526
912	536
912	574
912	579
912	634
912	648
912	672
912	681
912	701
912	817
912	832
912	880
912	963
963	62
963	127
963	167
963	249
963	269
963	327
963	357
963	432
963	454
963	458
963	468
963	489
963	496
963	497
963	526
963	536
963	574
963	576
963	579
963	634
963	635
963	648
963	672
963	681
963	701
963	817
963	832
963	880
38	123
42	344
42	405
42	657
42	737
344	513
344	534
344	556
344	689
405	549
657	332
657	549
657	649
737	399
737	556
737	631
737	706
737	836
894	631
43	226
43	233
226	233
233	168
44	257
44	674
257	111
257	481
561	315
561	443
561	633
561	674
674	55
674	111
674	315
674	412
674	439
674	443
674	481
674	511
674	601
674	633
45	252
45	568
45	710
45	716
45	757
45	826
252	320
252	630
252	757
252	826
568	153
568	162
568	293
568	369
568	390
568	474
568	540
568	571
568	630
568	716
568	757
568	770
568	819
568	826
568	835
568	847
568	859
630	474
630	540
630	564
630	757
630	826
710	60
710	86
710	153
710	162
710	254
710	293
710	299
710	320
710	390
710	474
710	533
710	564
710	571
710	589
710	757
710	770
710	819
710	826
710	847
710	859
716	60
716	171
716	571
716	757
716	826
757	60
757	137
757	153
757	162
757	171
757	254
757	320
757	349
757	369
757	533
757	540
757	564
757	571
757	819
757	826
757	835
757	847
757	859
819	349
819	474
819	826
826	86
826	137
826	153
826	162
826	171
826	254
826	293
826	299
826	320
826	369
826	390
826	474
826	533
826	540
826	564
826	571
826	589
826	770
826	835
826	847
826	859
847	349
847	474
859	349
859	474
995	421
995	828
995	988
47	414
47	543
414	404
414	446
543	244
50	774
50	937
774	92
774	242
774	288
774	639
774	682
774	694
774	822
774	883
937	80
937	694
937	883
51	782
523	259
523	782
585	185
585	197
585	234
585	448
585	782
782	150
782	155
782	185
782	197
782	234
782	259
782	307
782	355
782	382
782	448
782	614
782	673
782	718
52	534
534	341
534	556
534	654
689	158
689	549
689	631
840	164
840	631
53	324
53	333
53	438
53	555
324	70
324	272
333	447
438	145
438	272
555	70
54	822
54	833
54	883
822	242
822	305
822	551
822	682
822	883
833	204
833	436
833	658
833	694
833	883
883	122
883	147
883	204
883	288
883	306
883	436
883	510
883	519
883	539
883	551
883	580
883	639
883	682
883	694
883	754
883	764
883	808
883	871
55	111
55	511
55	601
111	412
111	511
511	633
601	412
601	633
56	848
667	524
667	602
667	704
667	848
848	68
848	93
848	262
848	492
848	530
848	573
848	695
922	57
922	198
922	286
922	401
922	530
922	573
922	702
57	728
57	746
728	68
728	286
728	401
728	524
728	530
746	151
746	271
746	403
746	461
746	573
60	162
162	320
162	533
533	349
533	390
835	349
835	474
61	587
61	592
61	666
587	101
587	190
587	253
587	796
592	101
592	176
592	312
592	352
666	101
666	516
796	101
796	177
796	190
796	253
796	312
62	880
880	127
880	269
880	327
880	357
880	454
880	468
880	496
880	536
880	574
880	576
880	579
880	635
880	648
880	672
880	681
880	701
880	817
64	283
64	479
64	498
260	283
260	479
260	498
277	283
277	479
277	498
283	292
283	379
283	444
283	479
283	491
283	498
283	603
292	479
292	498
379	479
379	498
444	479
444	498
479	491
479	498
479	603
491	498
498	603
65	229
65	384
65	688
135	143
135	452
229	318
384	156
384	266
384	380
688	143
688	318
67	230
67	460
67	494
67	598
67	644
67	650
67	700
67	730
67	784
67	791
230	91
230	335
230	455
230	463
230	598
230	650
230	659
230	700
230	743
230	784
230	791
460	119
460	218
460	231
460	377
460	463
460	494
460	637
460	644
460	650
460	659
460	730
460	743
460	784
460	791
494	91
494	115
494	231
494	416
494	433
494	455
494	463
494	598
494	637
494	700
494	730
494	743
494	784
494	791
598	107
598	124
598	217
598	256
598	302
598	335
598	416
598	455
598	463
598	644
598	650
598	659
598	730
598	743
598	784
598	791
644	91
644	107
644	115
644	217
644	302
644	335
644	433
644	455
644	463
644	637
644	650
644	659
644	700
644	730
644	743
644	784
644	791
650	107
650	115
650	217
650	218
650	231
650	256
650	302
650	377
650	433
650	637
650	659
650	700
650	730
650	743
650	784
650	791
700	107
700	119
700	124
700	217
700	218
700	231
700	256
700	302
700	416
700	433
700	455
700	463
700	659
700	730
700	743
700	784
700	791
730	91
730	107
730	119
730	124
730	217
730	256
730	302
730	335
730	377
730	416
730	433
730	455
730	659
730	784
730	791
784	91
784	107
784	115
784	119
784	124
784	231
784	256
784	302
784	335
784	377
784	416
784	433
784	455
784	463
784	637
784	659
784	791
791	91
791	107
791	115
791	124
791	217
791	218
791	231
791	302
791	377
791	416
791	433
791	455
791	463
791	637
791	659
791	743
68	530
530	695
530	702
280	145
73	985
985	421
985	828
985	988
74	98
74	114
74	187
74	213
74	236
74	393
74	488
74	512
74	518
74	570
98	125
98	191
98	236
98	274
98	512
98	518
98	570
114	236
114	274
114	512
114	518
114	570
187	191
187	274
187	512
187	518
187	570
213	125
213	236
213	274
213	512
213	518
213	570
236	125
236	191
236	194
236	393
236	488
236	512
236	518
236	570
393	125
393	191
393	274
393	512
393	518
393	570
488	125
488	191
488	274
488	512
488	518
488	570
512	125
512	191
512	194
512	274
512	570
518	125
518	191
518	194
518	274
518	570
570	125
570	191
570	194
570	274
75	711
711	232
711	253
711	312
76	238
238	152
238	715
238	794
870	237
870	296
870	506
870	562
870	676
870	769
870	794
77	768
77	801
77	806
77	825
687	186
687	200
687	484
687	801
687	806
687	825
760	85
760	132
760	623
760	801
760	806
762	132
762	413
762	801
762	806
762	825
768	484
768	801
768	806
768	825
801	88
801	132
801	138
801	140
801	148
801	186
801	200
801	246
801	311
801	364
801	413
801	484
801	605
801	623
801	671
801	712
801	738
801	806
801	825
801	892
801	913
801	966
806	85
806	88
806	132
806	138
806	140
806	148
806	200
806	246
806	311
806	413
806	484
806	548
806	605
806	623
806	671
806	712
806	738
806	825
806	892
806	913
806	966
825	79
825	85
825	88
825	132
825	138
825	140
825	148
825	186
825	200
825	246
825	311
825	364
825	413
825	484
825	548
825	605
825	623
825	671
825	712
825	738
825	892
825	913
825	966
892	132
892	484
913	132
913	484
966	132
966	484
79	548
548	138
548	413
548	484
548	712
712	132
712	246
712	484
738	132
738	484
80	764
80	871
764	122
764	240
764	539
764	694
871	288
871	306
871	514
871	580
871	694
82	715
82	813
715	296
715	467
715	562
715	676
715	732
715	772
715	794
769	495
769	506
769	562
769	611
769	676
769	748
769	794
813	398
813	495
813	676
85	148
148	623
605	484
86	137
86	589
137	571
589	349
589	369
589	390
589	474
589	540
589	571
770	349
770	369
770	474
87	461
87	704
461	209
461	401
461	403
704	198
704	286
704	573
90	309
90	339
90	348
90	394
90	544
90	586
90	778
90	918
90	938
309	112
309	207
309	219
309	273
309	339
309	348
309	394
309	544
309	586
309	918
309	938
339	112
339	207
339	219
339	273
339	348
339	394
339	544
339	586
339	778
339	918
339	938
348	112
348	207
348	219
348	273
348	394
348	544
348	586
348	778
348	918
348	938
394	112
394	207
394	219
394	273
394	544
394	586
394	778
394	918
394	938
544	207
544	219
544	273
544	586
544	778
544	918
544	938
586	112
586	207
586	219
586	273
586	778
586	918
586	938
778	112
778	207
778	219
778	273
778	918
778	938
918	112
918	207
918	219
918	273
918	938
938	112
938	207
938	219
938	273
91	107
91	217
91	637
91	743
107	637
107	659
107	743
217	119
217	377
217	637
217	659
217	743
637	218
637	231
637	256
637	302
637	377
637	416
637	433
637	455
637	463
637	659
743	115
743	119
743	124
743	218
743	231
743	256
743	302
743	335
743	377
743	416
743	455
743	463
743	659
93	262
702	128
702	403
702	695
94	296
94	772
296	676
296	732
296	748
732	316
732	562
732	611
732	676
732	794
772	152
772	212
772	237
772	316
772	429
772	509
772	794
96	397
96	437
96	449
96	482
96	547
397	431
397	476
397	528
397	699
397	709
437	235
437	449
437	528
437	668
437	696
449	470
449	482
449	620
449	668
449	696
482	235
482	470
482	528
482	668
482	699
547	141
547	361
547	476
547	550
547	668
547	696
550	264
550	361
550	470
550	620
550	668
800	141
800	361
800	396
800	470
800	620
800	668
845	361
845	396
845	431
845	470
845	668
846	361
846	396
846	431
846	470
846	668
897	361
897	396
897	431
897	470
897	668
125	191
125	211
125	274
191	194
191	274
274	194
947	501
947	522
947	566
947	690
947	742
106	239
106	698
106	895
239	572
239	606
617	287
617	505
617	525
617	645
617	698
617	874
698	270
698	477
698	525
698	686
698	741
698	895
874	139
874	525
874	554
874	629
874	665
874	686
874	741
895	133
895	214
895	287
895	350
895	392
895	558
895	572
895	629
659	119
659	218
659	256
659	377
659	416
659	433
659	455
659	463
109	624
109	713
624	297
624	546
624	713
713	225
713	297
713	358
713	435
713	485
713	546
713	615
713	626
713	744
713	752
713	793
793	435
793	546
412	265
412	633
112	219
112	273
219	207
219	273
273	207
113	808
808	240
808	305
808	551
808	658
808	694
115	119
115	335
115	377
115	416
115	455
119	256
119	335
119	416
335	124
335	231
335	377
335	455
335	463
377	124
377	218
377	416
416	302
416	433
416	463
455	124
455	433
116	582
116	802
582	411
582	638
582	643
582	727
802	258
802	508
802	577
802	628
802	638
802	643
354	326
446	160
446	244
446	404
256	231
256	302
256	433
122	754
754	147
754	204
754	240
754	519
754	639
754	658
754	694
124	218
124	302
218	302
218	433
218	463
211	759
211	862
127	817
817	249
817	432
817	458
817	489
817	496
817	536
817	574
817	579
817	634
817	648
817	672
817	681
817	701
817	832
130	858
130	865
851	174
851	279
851	541
858	279
858	465
858	541
864	174
864	279
864	541
865	279
865	541
866	174
866	279
866	541
879	279
879	541
884	279
884	541
893	279
893	541
896	279
896	541
903	279
903	541
906	279
906	541
132	484
484	364
484	623
484	671
133	741
741	270
741	350
741	477
741	572
741	596
741	629
741	653
143	203
452	161
452	434
136	818
818	188
818	195
818	442
818	445
818	522
818	566
818	690
818	742
564	254
564	293
564	369
564	474
564	540
571	474
623	364
623	413
139	477
477	214
477	653
477	775
790	471
790	505
790	554
790	558
790	572
790	596
790	606
790	645
140	364
141	476
141	567
141	668
476	264
476	361
476	431
476	668
567	255
567	396
567	431
668	202
668	235
668	255
668	264
668	281
668	396
668	431
668	699
668	709
668	789
696	264
696	281
696	361
696	431
709	202
709	281
709	361
709	396
709	431
709	470
789	202
789	264
789	281
789	361
789	396
789	470
142	342
142	467
142	676
142	794
342	794
467	676
467	794
676	247
676	398
676	611
676	660
676	794
794	429
794	495
794	506
794	509
794	562
794	660
794	748
203	266
248	166
147	551
551	519
149	182
149	759
149	862
182	356
182	862
729	334
729	356
729	430
729	507
729	515
729	759
729	862
759	360
759	507
759	607
759	862
862	180
862	222
862	323
862	360
862	415
862	430
862	464
862	503
862	507
862	515
862	557
862	559
862	607
862	625
862	664
862	753
862	781
862	902
902	294
902	507
902	515
150	259
150	614
259	614
614	448
673	185
673	234
673	448
718	234
718	448
151	695
695	492
695	524
152	329
152	660
329	562
660	398
660	562
660	611
153	474
474	254
474	299
752	435
752	546
155	307
156	210
156	434
210	266
210	434
434	318
157	747
157	771
747	173
747	376
747	628
747	638
747	663
771	208
771	258
771	388
771	628
158	556
556	343
556	631
836	513
160	251
320	369
164	677
649	631
649	677
677	581
677	631
167	648
648	432
648	468
648	574
648	634
648	681
648	701
648	832
171	349
349	254
349	299
349	390
349	540
172	990
990	263
990	421
990	828
990	988
173	577
577	221
577	376
577	628
577	661
577	727
383	499
177	253
177	516
253	352
516	190
516	499
549	399
549	631
180	559
559	507
559	557
559	597
559	829
753	222
753	360
753	430
753	464
753	507
753	664
356	415
356	515
781	294
781	334
781	464
781	515
781	664
829	268
829	294
829	323
829	415
829	430
829	507
829	515
189	423
189	462
189	493
189	594
395	321
395	462
395	594
423	201
423	462
423	594
462	201
462	295
462	303
462	304
462	466
462	478
462	493
462	531
462	578
462	594
462	616
462	724
466	304
466	456
466	478
466	594
493	345
493	420
493	478
493	594
531	201
531	594
578	478
578	594
594	201
594	295
594	303
594	304
594	321
594	345
594	456
594	478
594	616
594	724
192	315
192	475
192	633
315	265
315	439
315	443
439	633
475	265
475	443
475	633
633	265
633	351
633	443
633	481
196	917
917	501
917	522
917	566
917	690
917	742
198	602
602	401
602	573
199	312
312	232
312	499
200	246
201	303
201	321
303	295
303	304
321	295
345	295
345	456
456	295
456	304
202	361
202	528
361	396
361	620
361	699
528	281
528	431
528	470
699	235
699	255
699	396
699	431
266	318
212	748
748	237
748	429
748	562
214	645
214	686
214	775
645	287
645	350
645	525
645	596
645	686
686	558
686	596
686	665
686	775
775	227
775	270
775	287
775	350
775	525
775	653
215	284
215	554
215	665
284	525
284	558
284	596
554	270
554	505
554	665
665	350
665	392
665	653
433	231
433	463
221	628
221	663
628	388
628	661
663	258
663	643
663	661
223	834
834	279
834	375
834	541
744	435
744	546
227	596
227	653
596	471
596	558
596	606
653	606
228	615
615	367
615	546
234	355
355	448
235	396
396	431
396	470
396	620
237	495
572	471
572	629
606	471
606	505
629	392
629	505
243	643
243	727
643	258
643	388
643	508
727	411
244	326
244	404
247	562
247	611
562	291
562	429
611	509
249	489
249	635
489	526
489	576
489	832
635	269
635	327
635	574
635	634
635	681
635	701
832	432
832	454
832	468
832	496
832	497
832	526
832	536
832	574
832	576
832	672
832	701
254	299
254	540
299	540
255	431
255	620
431	470
431	620
620	470
264	470
470	281
268	607
607	323
607	430
269	634
634	526
634	536
270	525
271	492
287	471
901	501
901	522
901	566
901	690
901	742
291	509
509	429
294	557
557	503
557	597
305	580
305	682
580	519
682	694
443	351
317	816
816	501
816	522
816	566
816	690
816	742
323	625
323	664
625	507
625	597
664	430
664	515
327	432
327	468
468	357
468	681
332	706
706	341
706	399
706	581
341	513
513	631
346	811
811	370
811	541
448	382
515	507
357	526
357	574
357	672
357	681
526	536
526	576
526	672
574	497
574	579
574	672
672	458
672	536
672	579
672	681
672	701
681	576
681	579
681	701
987	421
987	828
987	988
367	626
626	435
626	546
370	613
613	472
613	483
613	541
375	721
721	419
721	427
721	469
721	541
376	508
508	411
388	638
638	527
399	631
631	581
654	581
406	541
541	683
411	527
527	661
419	683
683	427
683	465
683	469
683	472
683	483
421	989
989	828
989	988
436	539
436	694
539	514
694	514
694	639
694	658
824	501
824	522
824	566
824	690
824	742
454	701
701	536
701	576
701	579
458	496
503	597
576	497
497	579
504	988
988	593
988	609
988	662
988	697
988	723
988	733
988	756
988	777
988	780
988	795
988	828
988	830
988	842
988	855
988	950
988	952
988	962
988	978
988	983
514	658
639	658
566	742
742	590
742	690
742	726
742	745
745	690
962	828
978	828
983	828
950	828
952	828
690	726
855	828
842	828
733	828
828	756
828	777
828	780
828	795
828	830
#End Disappearing Edges

*Newborn Edges
2	61
2	507
2	516
2	587
2	796
61	566
61	711
61	765
61	776
507	176
507	232
507	383
507	499
507	570
507	592
507	666
507	711
507	765
507	767
507	776
507	796
507	881
507	891
507	923
516	118
516	232
516	460
516	570
516	592
516	765
587	75
587	176
587	177
587	460
587	566
587	632
765	118
765	176
765	460
765	570
765	796
776	118
776	245
776	383
776	460
776	566
796	118
796	460
796	499
796	566
796	570
881	118
881	460
881	566
881	570
891	118
891	460
891	566
891	570
923	118
923	460
923	566
923	570
3	59
3	266
3	366
3	621
3	688
3	970
59	229
59	452
59	545
59	627
59	688
59	814
59	827
59	933
59	970
266	216
266	229
266	621
266	970
366	65
366	322
366	434
366	452
366	545
366	970
621	203
621	216
621	434
621	627
621	970
627	135
627	143
627	156
627	210
627	384
627	970
688	203
688	216
688	229
688	322
688	384
688	970
814	65
814	216
814	970
827	216
827	970
933	216
933	970
970	65
970	135
970	143
970	156
970	161
970	203
970	210
970	216
970	229
970	322
970	380
970	384
970	434
970	452
970	545
4	763
4	807
4	861
4	863
4	875
755	221
755	362
755	388
755	411
755	417
755	508
755	863
763	388
763	417
763	628
763	643
763	727
763	863
807	116
807	258
807	628
807	643
807	771
807	863
861	243
861	362
861	376
861	417
861	747
861	863
863	116
863	157
863	173
863	208
863	243
863	258
863	362
863	388
863	417
863	508
863	582
863	638
863	643
863	661
863	663
863	679
863	727
863	747
863	802
863	809
863	838
863	869
863	885
863	910
863	921
863	942
863	943
869	258
869	362
869	417
869	527
869	802
875	116
875	221
875	362
875	388
875	417
875	771
921	362
921	417
921	809
942	362
942	417
943	362
943	417
5	428
5	443
5	635
5	725
5	742
5	778
5	826
5	912
5	975
5	988
428	50
428	193
428	214
428	468
428	520
428	647
428	713
428	725
428	742
428	778
428	826
428	912
428	975
428	988
443	36
443	193
443	470
443	520
443	635
443	647
443	713
443	725
443	742
443	778
443	826
443	912
443	988
635	50
635	144
635	193
635	214
635	233
635	468
635	470
635	520
635	647
635	713
635	725
635	742
635	778
635	826
635	975
635	988
725	23
725	36
725	50
725	68
725	127
725	144
725	214
725	233
725	309
725	458
725	470
725	647
725	713
725	742
725	778
725	826
725	912
725	975
725	988
742	23
742	50
742	68
742	127
742	144
742	193
742	233
742	309
742	458
742	468
742	470
742	520
742	647
742	713
742	778
742	826
742	912
742	975
742	988
778	23
778	36
778	50
778	68
778	127
778	144
778	193
778	214
778	233
778	458
778	468
778	470
778	520
778	647
778	713
778	826
778	912
778	975
778	988
826	23
826	36
826	50
826	68
826	127
826	144
826	193
826	214
826	233
826	309
826	458
826	468
826	470
826	520
826	647
826	713
826	912
826	975
826	988
912	23
912	36
912	50
912	68
912	144
912	193
912	214
912	233
912	309
912	468
912	470
912	520
912	647
912	713
912	975
912	988
975	23
975	36
975	50
975	68
975	127
975	144
975	193
975	214
975	233
975	309
975	458
975	468
975	470
975	520
975	647
975	713
975	988
988	23
988	36
988	50
988	68
988	127
988	144
988	193
988	214
988	233
988	309
988	458
988	468
988	470
988	520
988	647
988	713
6	208
6	388
6	508
6	643
6	661
6	771
208	679
208	747
388	582
388	663
388	802
508	661
508	663
508	885
643	173
643	376
643	628
643	638
643	727
643	838
661	173
661	638
661	727
661	747
771	411
771	582
771	663
809	221
809	362
838	221
838	362
838	417
838	577
838	727
838	802
7	744
7	793
7	844
744	109
744	154
744	844
793	844
798	844
815	844
820	844
823	844
844	109
844	154
844	225
844	228
844	297
844	358
844	367
844	485
844	615
844	624
844	626
844	692
844	720
844	752
844	852
844	867
844	877
8	439
8	475
8	511
8	561
8	601
8	782
439	111
439	265
439	481
439	502
439	552
439	782
475	111
475	351
475	481
475	511
475	636
475	714
475	782
511	257
511	265
511	502
511	552
511	714
511	782
561	111
561	192
561	257
561	265
561	351
561	601
561	782
601	44
601	111
601	192
601	265
601	351
601	782
636	44
636	265
636	351
636	684
636	782
684	111
684	192
684	552
684	714
684	782
714	111
714	257
714	782
782	44
782	111
782	192
782	257
782	265
782	351
782	481
782	502
782	552
782	949
9	98
9	114
9	187
9	194
9	213
9	393
9	488
98	114
98	187
98	194
98	213
194	33
10	123
10	480
10	575
10	637
10	672
10	757
10	792
10	862
10	916
10	930
123	275
123	279
123	670
123	690
123	757
123	792
123	862
123	916
123	930
480	101
480	190
480	275
480	336
480	474
480	544
480	575
480	670
480	672
480	730
480	757
480	792
480	862
480	916
480	930
575	49
575	112
575	231
575	275
575	279
575	544
575	640
575	670
575	672
575	690
575	730
575	757
575	792
575	862
575	916
575	930
637	38
637	101
637	190
637	234
637	275
637	279
637	336
637	454
637	474
637	640
637	670
637	672
637	690
637	757
637	792
637	862
637	916
637	930
672	190
672	231
672	234
672	279
672	336
672	454
672	474
672	544
672	640
672	670
672	690
672	730
672	757
672	792
672	862
672	916
672	930
757	38
757	49
757	112
757	190
757	231
757	234
757	279
757	336
757	454
757	544
757	640
757	670
757	690
757	730
757	792
757	862
757	916
757	930
792	49
792	101
792	112
792	190
792	231
792	275
792	279
792	336
792	454
792	474
792	544
792	640
792	670
792	690
792	730
792	862
792	916
792	930
862	38
862	49
862	101
862	112
862	190
862	231
862	234
862	275
862	279
862	336
862	454
862	474
862	544
862	640
862	670
862	690
862	730
862	916
862	930
916	38
916	49
916	112
916	231
916	234
916	275
916	279
916	336
916	454
916	474
916	544
916	640
916	670
916	690
916	730
916	930
930	38
930	49
930	101
930	112
930	190
930	231
930	234
930	275
930	279
930	336
930	454
930	474
930	544
930	640
930	670
930	690
930	730
11	947
11	969
941	104
941	136
941	188
941	195
941	196
941	421
947	32
947	66
947	421
960	32
960	66
960	421
967	317
967	421
969	421
977	421
980	421
981	421
982	421
984	421
12	677
12	737
12	794
12	836
12	840
12	890
12	894
677	178
677	343
677	654
677	689
677	794
677	840
677	890
737	158
737	332
737	341
737	343
737	344
737	689
737	794
737	890
794	164
794	341
794	344
794	399
794	405
794	513
794	534
794	549
794	556
794	581
794	588
794	649
794	654
794	657
794	689
794	836
794	840
794	850
794	873
794	878
794	890
794	894
794	909
836	42
836	52
836	649
836	890
840	341
840	344
840	405
840	890
873	341
873	344
873	399
873	588
873	890
878	344
878	556
878	890
890	42
890	52
890	158
890	164
890	178
890	332
890	341
890	343
890	344
890	399
890	405
890	513
890	534
890	549
890	556
890	581
890	588
890	649
890	654
890	657
890	689
890	706
890	850
890	894
890	909
894	52
894	706
909	556
13	473
13	536
13	543
386	251
386	451
386	536
386	703
473	251
473	326
473	446
473	536
473	543
536	47
536	326
536	368
536	404
536	407
536	446
536	451
536	543
536	693
536	703
536	722
536	739
536	785
536	837
543	326
543	404
543	451
693	47
693	354
693	368
703	446
722	407
722	451
739	451
15	160
15	217
15	576
15	586
15	641
15	860
15	919
15	931
15	940
15	972
160	159
160	283
160	522
160	642
160	860
160	919
160	931
160	940
160	972
217	432
217	441
217	563
217	576
217	641
217	674
217	860
217	919
217	931
217	940
217	972
576	159
576	236
576	283
576	327
576	381
576	432
576	441
576	496
576	522
576	586
576	674
576	860
576	919
576	931
576	940
576	972
586	74
586	159
586	218
586	381
586	432
586	496
586	522
586	537
586	641
586	642
586	674
586	860
586	919
586	931
586	940
586	972
641	163
641	283
641	327
641	381
641	432
641	441
641	496
641	522
641	537
641	563
641	642
641	674
641	860
641	919
641	931
641	940
641	972
860	74
860	91
860	159
860	163
860	218
860	236
860	283
860	327
860	381
860	432
860	441
860	496
860	522
860	537
860	563
860	642
860	674
860	919
860	931
860	940
860	972
919	74
919	91
919	159
919	163
919	218
919	236
919	283
919	327
919	381
919	432
919	441
919	496
919	522
919	537
919	563
919	642
919	674
919	931
919	940
919	972
931	74
931	91
931	159
931	163
931	218
931	236
931	283
931	327
931	381
931	432
931	441
931	496
931	522
931	537
931	563
931	642
931	940
931	972
940	74
940	91
940	159
940	163
940	218
940	236
940	283
940	327
940	381
940	432
940	441
940	496
940	522
940	537
940	563
940	642
940	674
940	972
972	74
972	91
972	159
972	218
972	236
972	283
972	327
972	381
972	432
972	441
972	496
972	522
972	537
972	563
972	642
972	674
16	717
16	848
16	922
717	28
717	209
717	271
717	459
717	461
717	583
717	602
717	667
717	702
717	704
717	773
717	799
717	817
717	848
717	900
717	922
717	924
717	928
717	932
717	948
717	959
717	968
848	28
848	57
848	128
848	151
848	209
848	403
848	448
848	501
848	602
848	746
848	817
900	198
900	262
900	298
900	448
900	459
900	501
900	702
900	817
922	28
922	87
922	93
922	448
922	459
922	501
922	817
928	262
928	448
928	501
928	602
928	728
928	817
928	924
932	87
932	128
932	209
932	448
932	501
932	817
939	28
939	262
939	448
939	459
939	501
939	667
939	817
948	93
948	151
948	448
948	501
948	667
948	817
959	28
959	448
959	459
959	501
959	817
968	93
968	448
968	501
968	817
18	310
18	350
18	572
18	606
18	843
18	944
310	600
310	741
310	843
310	868
310	874
310	934
350	227
350	270
350	525
350	868
350	883
350	934
350	951
572	389
572	505
572	596
572	600
572	645
572	686
572	735
572	883
572	934
606	227
606	389
606	600
606	617
606	775
606	843
606	883
606	887
606	973
843	227
843	378
843	389
843	515
843	530
843	645
843	686
843	735
843	887
843	934
887	106
887	287
887	515
887	554
887	596
887	629
887	645
887	698
887	735
887	775
887	849
887	883
887	934
889	106
889	133
889	287
889	378
889	477
889	530
889	646
889	741
889	790
889	874
889	883
889	934
944	139
944	270
944	378
944	505
944	530
944	645
944	653
944	883
944	934
951	215
951	227
951	378
951	530
951	653
951	766
951	895
951	934
973	378
973	471
973	515
973	530
973	766
973	868
973	883
973	895
973	934
19	333
19	447
19	497
19	541
19	555
19	750
169	70
169	280
169	438
169	750
333	55
333	71
333	80
333	497
333	750
447	55
447	80
447	497
447	541
447	750
497	71
497	80
497	145
497	224
497	272
497	324
497	438
497	541
497	555
497	685
497	750
497	758
497	761
541	70
541	71
541	80
541	145
541	224
541	272
541	280
541	324
541	438
541	555
541	685
541	750
541	758
541	761
555	55
555	80
555	272
555	324
555	750
685	55
685	80
685	750
750	55
750	70
750	71
750	80
750	145
750	224
750	272
750	280
750	324
750	438
750	758
750	761
758	55
758	80
761	55
761	80
20	33
20	498
33	69
33	81
33	89
33	110
33	126
33	184
33	498
69	498
81	498
89	498
110	498
126	498
184	498
21	131
21	337
21	361
21	633
21	681
21	797
39	337
39	361
39	633
39	681
39	797
48	131
48	337
48	361
48	633
48	681
48	797
131	97
131	105
131	276
131	337
131	361
131	633
131	681
131	708
131	797
276	337
276	361
276	633
276	681
276	797
337	105
337	117
337	120
337	361
337	633
337	681
337	708
337	797
361	97
361	105
361	117
361	120
361	633
361	681
361	708
361	797
633	97
633	105
633	117
633	120
633	681
633	708
633	797
681	97
681	105
681	117
681	120
681	708
681	797
708	657
708	797
797	97
797	105
797	117
797	120
23	468
23	520
23	713
468	36
468	127
468	458
468	470
468	647
468	713
520	127
520	214
520	309
520	458
520	470
520	647
520	713
713	36
713	50
713	68
713	144
713	193
713	233
713	309
713	458
713	470
713	647
24	774
24	871
24	937
774	204
774	305
774	306
774	479
774	510
774	514
774	519
774	539
871	204
871	242
871	305
871	414
871	551
871	754
937	54
937	414
937	479
945	204
945	414
945	479
945	833
958	414
958	479
964	414
964	479
965	414
965	479
971	414
971	479
974	414
974	479
976	414
976	479
25	559
25	753
25	829
25	902
559	430
559	546
559	607
559	731
559	753
559	806
559	856
753	211
753	268
753	415
753	759
753	806
753	856
829	149
829	356
829	360
829	557
829	568
829	597
829	607
829	806
854	149
854	430
854	503
854	546
854	557
854	568
854	729
854	781
854	806
888	182
888	222
888	268
888	546
888	568
888	806
888	856
902	180
902	182
902	546
902	568
915	323
915	415
915	464
915	568
915	729
915	806
926	211
926	546
926	568
926	806
935	546
935	568
935	806
936	546
936	568
936	806
26	181
26	205
26	284
26	338
83	170
83	181
83	205
83	284
83	340
170	181
170	284
181	284
205	284
284	300
284	338
284	340
284	385
284	418
338	385
27	562
27	569
27	668
27	749
27	825
220	562
220	569
220	668
220	749
220	825
250	562
250	569
250	668
250	749
250	825
267	562
267	569
267	668
267	749
267	825
313	562
313	569
313	668
313	749
313	825
529	562
529	569
529	668
529	749
529	825
562	58
562	63
562	100
562	103
562	569
562	668
562	749
562	825
569	58
569	63
569	100
569	103
569	668
569	749
569	825
668	58
668	63
668	100
668	103
668	749
668	825
749	58
749	63
749	100
749	103
749	825
825	58
825	63
825	100
825	103
28	501
501	461
501	524
501	602
501	728
501	817
501	924
30	401
30	462
30	486
30	743
30	751
30	828
30	876
30	904
30	905
30	954
401	72
401	132
401	394
401	512
401	518
401	526
401	743
401	751
401	828
401	876
401	904
401	905
401	954
462	108
462	132
462	285
462	410
462	512
462	518
462	542
462	743
462	751
462	828
462	876
462	904
462	905
462	954
486	95
486	132
486	185
486	241
486	394
486	512
486	518
486	526
486	743
486	751
486	828
486	876
486	904
486	905
486	954
743	41
743	53
743	72
743	95
743	108
743	132
743	185
743	241
743	285
743	394
743	512
743	518
743	526
743	542
743	751
743	828
743	876
743	904
743	905
743	954
751	41
751	53
751	72
751	95
751	108
751	132
751	185
751	285
751	394
751	410
751	512
751	518
751	526
751	542
751	828
751	876
751	904
751	905
751	954
828	41
828	53
828	72
828	95
828	108
828	132
828	185
828	241
828	285
828	394
828	410
828	512
828	518
828	526
828	542
828	876
828	904
828	905
828	954
876	41
876	53
876	72
876	95
876	108
876	132
876	185
876	241
876	285
876	394
876	410
876	512
876	518
876	542
876	904
876	905
904	41
904	53
904	72
904	95
904	108
904	132
904	185
904	241
904	285
904	394
904	410
904	512
904	518
904	526
904	542
904	905
904	954
905	41
905	53
905	72
905	95
905	108
905	132
905	185
905	241
905	285
905	394
905	410
905	512
905	518
905	526
905	542
905	954
954	41
954	53
954	72
954	95
954	108
954	132
954	185
954	241
954	285
954	394
954	410
954	512
954	518
954	526
954	542
31	715
31	732
31	748
31	772
31	870
715	152
715	212
715	247
715	291
715	316
715	426
715	429
715	495
715	506
715	611
732	142
732	238
732	291
732	342
732	426
732	495
732	772
732	787
748	82
748	329
748	342
748	398
748	509
748	660
748	813
748	841
772	76
772	142
772	291
772	329
772	398
772	426
772	495
772	611
772	813
805	94
805	152
805	237
805	238
805	316
805	398
805	429
805	495
805	660
805	870
870	82
870	94
870	142
870	329
870	426
870	841
946	426
953	426
955	426
961	426
34	985
34	991
34	993
34	994
34	995
34	996
34	997
34	998
34	999
34	1000
985	46
985	84
985	594
991	102
991	172
991	594
993	84
993	594
994	73
994	594
995	84
995	594
996	84
996	594
997	84
997	594
998	84
998	594
999	84
999	594
1000	84
1000	594
986	84
986	263
986	594
992	73
992	84
992	594
36	68
68	647
38	454
38	474
38	670
38	690
38	730
454	101
454	234
454	474
454	544
454	640
454	690
454	730
474	231
474	275
474	544
474	640
474	670
474	730
670	112
670	190
670	234
670	275
670	336
670	544
670	640
670	690
670	730
690	49
690	112
690	190
690	231
690	234
690	279
690	336
690	544
690	640
690	730
730	49
730	112
730	190
730	231
730	275
730	279
730	336
730	544
730	640
41	241
41	518
41	526
241	108
241	410
241	512
241	526
518	95
518	108
518	394
518	542
526	53
526	72
526	185
526	394
526	410
526	542
42	649
42	689
42	706
649	332
649	549
649	556
649	689
689	513
689	534
689	556
689	654
706	158
706	164
706	344
706	513
706	534
706	556
850	178
850	343
850	344
850	399
850	581
850	657
44	481
44	552
481	111
481	192
481	552
552	192
552	257
45	171
45	369
45	564
45	589
45	770
45	835
171	168
171	571
171	847
369	86
369	153
369	254
369	299
369	533
369	540
564	162
564	168
564	191
564	252
564	299
564	320
564	390
564	571
589	137
589	153
589	162
589	191
589	252
589	254
589	293
589	299
630	137
630	162
630	168
630	191
630	254
630	320
630	716
770	60
770	162
770	191
770	320
770	819
819	153
819	168
819	191
819	254
835	168
835	191
847	168
847	191
859	168
859	191
47	354
47	368
354	368
368	446
368	451
49	234
49	640
234	640
640	101
640	112
640	279
640	336
640	544
51	612
51	673
51	718
51	736
523	197
523	253
523	673
585	150
585	307
585	382
585	614
585	618
585	651
612	253
612	259
612	673
673	197
673	253
673	355
718	155
718	253
736	253
736	259
783	253
804	253
810	253
886	253
657	164
657	399
657	405
657	534
53	512
512	285
512	410
512	542
54	764
54	831
764	113
764	288
764	436
764	754
764	812
831	122
831	147
831	240
831	305
831	414
831	479
831	639
831	808
55	80
55	324
55	438
324	71
324	145
438	70
438	280
56	702
56	817
56	924
667	93
667	271
667	573
667	702
702	286
702	461
702	524
702	704
702	799
702	817
817	93
817	128
817	262
817	286
817	459
817	461
817	492
817	573
817	602
817	695
817	728
817	746
817	773
817	799
817	924
924	198
924	271
924	448
924	695
57	583
57	695
57	773
583	87
583	151
583	209
583	524
583	746
695	198
695	271
695	298
695	461
695	573
695	773
773	128
773	198
773	286
773	403
773	459
773	573
58	63
229	156
229	380
452	65
452	143
452	216
452	545
545	143
545	156
545	210
60	320
60	390
60	571
320	293
320	390
390	254
390	293
390	540
533	86
533	168
533	254
533	571
533	716
571	86
571	168
571	252
571	254
566	118
566	177
566	232
566	460
566	499
566	570
566	592
566	632
566	666
566	711
566	767
711	199
711	460
711	570
767	118
767	245
767	460
767	570
64	412
64	433
260	412
260	433
277	412
277	433
292	412
292	433
379	412
379	433
412	433
412	444
412	491
412	603
433	444
433	491
433	603
65	434
135	156
135	203
434	143
434	161
434	216
434	380
647	127
647	233
647	309
647	458
647	470
70	145
70	272
145	224
72	285
285	108
285	394
285	542
74	496
74	522
74	563
74	674
496	163
496	218
496	432
496	537
496	563
496	642
496	674
522	91
522	163
522	236
522	283
522	327
522	563
522	674
563	91
563	381
563	432
563	441
563	537
563	642
563	674
674	159
674	163
674	218
674	236
674	283
674	381
674	537
674	642
75	570
75	666
570	118
570	199
570	352
570	383
570	499
570	632
570	666
666	460
666	499
76	769
76	813
769	152
769	291
769	342
769	426
769	429
769	467
769	509
769	787
787	94
787	142
787	238
787	398
787	426
787	429
787	467
787	506
813	94
813	237
813	291
813	342
907	152
907	212
907	342
907	426
907	611
77	186
77	548
77	712
77	738
186	623
186	768
548	85
548	148
548	246
548	364
548	623
548	738
687	138
687	146
687	246
687	248
687	311
687	413
712	85
712	138
712	146
712	148
712	248
712	413
738	88
738	148
738	246
760	146
760	148
760	200
760	248
760	364
762	85
762	146
762	200
762	248
762	623
892	146
892	248
913	146
913	248
966	146
966	248
79	413
79	671
413	140
413	146
413	311
671	88
671	146
671	148
768	138
768	146
768	200
768	248
82	660
660	142
660	212
660	329
660	429
660	841
841	238
841	247
841	316
841	426
841	467
85	200
200	605
605	138
605	246
605	364
86	540
540	137
540	153
540	162
540	168
540	191
540	252
716	153
716	162
716	191
716	254
716	299
87	492
87	573
492	704
492	746
573	151
573	298
573	403
573	799
88	623
623	140
623	146
623	246
623	248
90	349
90	610
90	619
90	694
90	734
90	786
90	832
90	857
90	880
90	979
349	315
349	584
349	610
349	619
349	631
349	694
349	734
349	786
349	832
349	857
349	880
349	979
610	249
610	274
610	278
610	296
610	359
610	373
610	457
610	538
610	619
610	634
610	694
610	734
610	786
610	832
610	857
610	880
610	979
619	99
619	274
619	296
619	315
619	457
619	538
619	584
619	631
619	634
619	694
619	734
619	786
619	832
619	857
619	880
619	979
694	99
694	219
694	249
694	278
694	294
694	296
694	359
694	373
694	435
694	538
694	631
694	634
694	734
694	786
694	832
694	857
694	880
694	979
734	99
734	219
734	274
734	294
734	296
734	315
734	359
734	373
734	435
734	457
734	538
734	584
734	631
734	634
734	786
734	832
734	857
734	880
734	979
786	99
786	219
786	249
786	274
786	278
786	294
786	296
786	315
786	359
786	373
786	435
786	457
786	538
786	584
786	631
786	634
786	832
786	857
786	880
786	979
832	99
832	219
832	274
832	278
832	294
832	296
832	315
832	359
832	373
832	435
832	457
832	538
832	584
832	631
832	857
832	979
857	99
857	219
857	249
857	274
857	278
857	294
857	296
857	315
857	359
857	373
857	435
857	457
857	538
857	584
857	634
857	880
857	979
880	99
880	219
880	249
880	274
880	278
880	294
880	296
880	315
880	359
880	373
880	435
880	457
880	538
880	584
880	631
880	634
880	979
979	99
979	219
979	249
979	274
979	278
979	294
979	296
979	315
979	359
979	373
979	435
979	457
979	538
979	584
979	631
979	634
91	441
91	537
91	642
441	236
441	283
441	327
441	381
441	432
537	163
537	218
537	327
537	381
537	432
537	642
642	159
642	163
642	218
642	236
642	283
642	327
642	432
92	808
92	822
808	479
808	510
808	539
808	580
808	639
808	812
822	122
822	147
822	240
822	414
822	479
822	658
822	754
93	602
602	461
602	704
95	542
542	132
542	185
542	394
542	410
96	696
96	699
96	709
96	779
96	789
550	235
550	318
550	397
550	476
550	644
550	779
696	207
696	397
696	528
696	644
696	710
696	779
699	141
699	318
699	476
699	567
699	709
699	710
699	779
709	318
709	449
709	620
709	644
709	710
709	779
779	141
779	207
779	235
779	255
779	264
779	281
779	318
779	437
779	449
779	476
779	482
779	528
779	547
779	620
779	644
779	710
779	789
779	800
779	845
779	846
779	897
789	207
789	255
789	318
789	644
789	710
800	207
800	318
800	437
800	644
800	710
845	207
845	318
845	644
845	710
846	207
846	318
846	644
846	710
897	207
897	318
897	644
897	710
99	435
99	584
435	249
435	278
435	294
435	296
435	373
435	457
435	634
584	219
584	249
584	274
584	278
584	294
584	315
584	373
584	457
584	538
101	231
101	336
231	544
106	139
106	914
106	934
139	600
139	629
139	653
139	883
617	530
617	596
617	629
617	665
617	741
617	790
617	883
617	914
617	934
735	287
735	766
735	775
735	883
735	934
874	227
874	378
874	530
874	596
874	600
874	653
874	775
874	883
874	934
914	378
914	477
914	515
914	530
914	698
914	741
914	868
914	934
934	215
934	227
934	287
934	389
934	392
934	471
934	477
934	505
934	525
934	554
934	596
934	600
934	629
934	645
934	646
934	653
934	665
934	686
934	741
934	775
934	790
934	849
934	868
934	883
934	895
109	752
752	228
111	502
502	192
502	257
544	275
116	747
747	577
885	258
885	362
885	411
885	417
885	582
118	460
460	177
460	592
122	479
479	658
479	682
479	754
125	201
125	295
125	456
125	466
125	478
125	493
125	578
125	616
125	724
125	801
125	853
201	295
201	478
201	493
201	801
201	853
295	423
295	493
295	801
295	853
456	189
456	303
456	801
456	853
466	345
466	493
466	801
466	853
478	189
478	801
478	853
493	801
493	853
578	801
578	853
616	801
616	853
724	801
724	853
801	189
801	303
801	304
801	321
801	345
801	395
801	423
801	531
801	853
853	189
853	303
853	304
853	321
853	345
853	395
853	423
853	531
127	214
214	233
214	458
128	728
728	448
728	799
130	811
130	918
811	484
811	821
811	918
851	396
851	484
851	821
851	918
864	244
864	396
864	484
864	821
864	918
866	244
866	396
866	484
866	821
866	918
879	244
879	396
879	484
879	821
879	918
884	244
884	396
884	484
884	821
884	918
893	244
893	396
893	484
893	821
893	918
896	244
896	396
896	484
896	821
896	918
903	244
903	396
903	484
903	821
903	918
906	244
906	396
906	484
906	821
906	918
918	174
918	223
918	244
918	346
918	370
918	375
918	396
918	406
918	419
918	427
918	465
918	469
918	472
918	483
918	484
918	613
918	683
918	721
918	821
918	834
918	858
918	865
133	645
133	646
133	775
133	849
645	471
645	554
645	558
645	766
645	883
646	378
646	558
646	686
646	766
646	790
646	849
646	868
646	883
766	239
766	378
766	389
766	477
766	515
766	554
766	596
766	600
766	698
766	883
775	389
775	471
775	600
775	698
775	868
849	389
849	392
849	515
849	665
849	686
849	741
849	883
868	270
868	525
868	530
868	596
868	686
868	883
156	216
156	322
203	210
203	384
322	143
322	161
322	380
136	927
927	188
927	195
927	196
927	421
927	442
137	293
600	515
600	554
600	883
600	895
629	477
629	515
629	525
629	554
629	596
629	653
629	665
653	270
653	515
653	554
653	558
653	895
790	215
790	287
790	477
790	530
790	665
790	686
790	883
790	895
883	215
883	227
883	239
883	270
883	392
883	471
883	477
883	505
883	515
883	525
883	530
883	554
883	698
883	741
895	215
895	239
895	378
895	515
895	530
895	554
895	596
140	248
248	311
248	364
141	449
141	482
141	710
449	202
449	235
449	710
482	207
482	264
482	318
482	437
482	710
710	202
710	255
710	264
710	281
710	437
710	476
710	528
710	620
710	644
143	380
143	384
384	210
384	216
144	458
458	470
147	812
812	288
812	436
812	682
148	364
149	568
149	856
149	908
568	323
568	356
568	430
568	625
568	759
568	781
568	806
568	856
568	908
729	222
729	323
729	464
729	597
729	607
729	781
729	806
856	182
856	503
856	546
856	806
908	211
908	415
908	546
908	664
908	806
150	618
150	622
150	651
618	155
618	259
618	355
618	382
618	614
622	155
622	197
622	253
622	259
622	307
651	197
651	253
651	307
651	355
152	247
152	426
247	509
426	467
426	509
614	253
614	355
614	382
216	210
157	173
157	679
157	802
173	376
173	527
679	376
679	417
679	577
679	910
802	362
802	417
910	362
910	417
910	527
158	534
158	549
534	399
534	513
534	588
549	341
549	581
549	654
159	327
327	236
283	218
162	299
299	252
164	588
588	513
588	556
588	581
168	191
376	411
376	527
376	727
527	582
174	821
174	834
821	244
821	375
821	396
821	419
821	427
821	465
821	469
821	472
821	483
821	484
821	613
821	683
821	721
821	834
821	858
821	865
834	396
834	484
858	244
858	396
858	484
865	244
865	396
865	484
176	632
383	592
632	177
632	245
632	352
632	410
177	592
592	232
180	664
180	731
664	211
664	334
664	415
664	625
664	806
731	268
731	464
731	557
731	806
182	806
781	323
781	356
781	360
781	546
781	557
806	211
806	323
806	334
806	356
806	430
806	464
806	503
806	546
806	557
806	597
806	759
185	410
410	394
189	304
304	395
304	423
531	303
193	309
309	233
309	470
198	799
799	286
799	448
799	459
799	461
345	321
202	318
202	567
202	620
318	281
318	397
567	476
567	644
620	207
620	264
620	437
620	644
207	281
207	528
281	547
281	644
528	264
528	547
528	644
211	546
546	356
546	360
546	430
546	503
546	759
212	495
212	509
212	611
495	398
509	506
611	237
611	238
611	467
215	525
215	698
525	558
525	665
698	239
698	505
698	558
432	381
218	381
219	373
219	538
219	631
219	634
373	296
373	359
373	631
538	249
538	274
538	294
538	359
538	631
538	634
631	249
631	278
631	294
631	296
631	315
631	359
631	457
631	634
634	249
634	278
634	294
634	296
634	315
634	359
634	457
221	243
221	411
243	638
411	417
411	663
222	759
759	334
759	356
759	597
759	625
225	720
720	297
227	686
686	392
686	471
686	477
235	397
235	547
397	547
397	644
547	264
547	644
237	506
239	515
239	741
515	270
515	287
515	530
741	287
741	378
741	392
741	558
240	652
652	414
652	436
652	519
652	551
652	658
242	754
754	288
754	306
754	514
754	682
833	288
833	414
833	519
833	539
833	551
638	577
638	628
638	663
245	352
245	499
251	404
251	446
251	451
404	326
404	407
446	407
255	476
255	644
476	644
644	264
644	437
257	265
265	351
258	577
258	628
577	582
577	663
628	362
628	582
628	663
262	524
524	704
524	746
268	557
557	430
270	530
270	665
530	389
530	558
530	665
665	471
665	505
665	558
665	596
274	457
457	294
457	359
278	315
315	359
287	378
378	471
378	558
990	594
290	917
901	317
901	325
901	421
917	421
917	445
297	692
692	367
298	746
746	448
303	321
305	658
658	436
658	580
306	682
682	519
682	551
316	467
323	503
326	407
329	429
332	654
654	344
334	356
356	597
343	581
581	344
581	405
597	464
358	624
624	367
360	607
607	415
607	625
363	816
816	374
816	408
816	421
816	442
816	445
816	450
987	594
370	721
721	484
471	389
471	505
558	392
558	554
556	405
403	448
448	704
409	824
824	421
824	424
824	425
414	436
420	989
989	594
430	625
485	615
487	818
504	983
983	594
510	514
514	580
580	639
639	539
639	551
590	726
593	952
952	594
952	609
962	594
978	594
662	855
697	842
723	830
830	733
733	795
795	777
795	780
756	777
756	780
#End Newborn Edges

*Degree Changed Nodes
1	10	5
134	10	5
146	10	11
165	10	5
183	10	5
193	10	11
331	10	5
486	10	16
740	10	5
881	29	28
891	29	28
916	29	27
923	29	28
814	28	25
827	29	25
933	29	25
942	38	41
943	38	41
117	10	11
120	10	11
276	10	12
708	10	15
692	22	19
720	23	21
798	27	24
815	27	24
820	27	24
823	27	24
852	27	24
867	27	24
877	27	24
890	27	33
636	20	19
684	22	19
714	23	19
844	28	24
931	28	27
949	28	19
975	28	26
9	10	7
181	11	10
205	11	10
338	13	10
340	13	10
385	14	10
418	15	10
103	10	9
313	12	13
529	12	14
927	39	36
960	43	40
967	44	40
977	45	40
979	45	26
980	45	40
981	45	40
982	45	40
984	45	40
750	24	20
857	31	26
904	35	25
909	36	33
693	22	19
703	22	19
722	23	19
739	24	19
785	26	19
837	26	19
569	15	14
736	24	22
783	26	22
804	27	22
810	27	22
886	27	22
853	31	19
968	44	43
575	14	18
647	14	20
905	14	25
685	21	20
734	21	24
758	21	20
761	21	20
972	21	27
41	8	10
640	8	20
876	33	25
954	42	25
970	44	25
958	43	41
964	43	41
965	43	41
971	43	41
974	43	41
976	43	41
926	39	38
935	40	38
936	40	38
170	11	10
300	13	10
797	26	14
749	24	14
930	39	27
946	42	37
953	42	37
955	42	37
961	42	37
969	44	40
33	10	9
34	9	10
986	48	46
1000	51	50
912	36	26
123	11	10
405	14	13
894	34	33
44	10	9
819	28	27
826	29	26
847	30	27
859	31	27
782	26	19
53	10	9
324	12	13
100	9	10
835	29	27
880	33	26
64	10	9
260	10	9
277	10	9
283	10	13
292	10	9
379	10	9
444	10	9
479	10	16
491	10	9
498	10	8
603	10	9
98	10	7
114	11	7
187	11	7
213	12	7
236	12	11
393	14	7
488	14	7
512	14	16
518	14	16
570	14	18
801	27	19
825	29	14
892	30	27
913	30	27
966	30	27
148	10	11
90	9	10
394	13	14
544	13	17
586	13	18
778	13	26
918	13	33
449	15	14
274	12	11
947	42	40
239	12	11
624	20	18
793	26	24
412	14	9
113	11	10
194	11	8
851	30	31
858	30	31
864	30	32
865	30	32
866	30	32
879	30	33
884	30	33
893	30	33
896	30	33
903	30	33
906	30	33
818	28	19
140	11	10
668	21	14
862	32	27
150	10	11
259	12	11
718	23	22
752	24	23
156	10	11
251	11	12
161	11	10
990	46	42
189	10	11
594	18	19
616	18	19
724	18	19
633	20	14
917	36	32
284	13	10
433	15	9
834	28	29
615	19	16
231	11	12
562	18	14
832	29	26
264	11	12
271	11	12
901	35	32
323	13	12
811	26	27
681	21	14
987	42	40
626	20	16
613	19	17
721	23	22
638	20	19
683	22	17
989	37	36
824	28	26
988	35	26
742	22	24
590	19	18
745	21	18
962	34	33
978	34	33
950	32	30
952	32	33
690	20	22
726	20	18
855	31	30
842	30	29
828	29	25
795	25	26
