*Disappearing Nodes
450
778
9
288
295
444
495
499
600
877
892
904
13
417
467
566
729
751
825
912
930
16
524
583
817
848
924
929
939
948
959
20
42
517
570
731
24
341
25
458
633
638
744
755
793
884
997
1000
761
28
693
728
783
799
210
48
717
56
746
57
404
573
70
75
966
83
151
773
750
87
93
448
667
126
137
330
875
380
712
198
422
459
468
368
374
414
385
406
501
567
#End Disappearing Nodes

*Newborn Nodes
7
115
391
525
756
80
313
400
620
629
743
71
314
536
569
843
985
316
357
363
659
768
925
991
180
274
521
540
739
842
963
#End Newborn Nodes

*Disappearing Edges
1	159
1	838
1	858
125	159
125	838
125	858
159	49
159	193
159	513
159	577
159	597
159	838
159	858
159	956
159	986
193	838
193	858
513	838
513	858
577	838
577	858
597	838
597	858
838	49
838	858
838	956
838	986
858	49
858	956
858	986
3	239
3	322
3	580
3	737
239	143
239	161
239	322
239	544
239	621
239	672
239	688
239	737
239	828
239	896
239	970
322	65
322	737
492	65
492	229
492	317
492	544
492	737
580	366
580	384
580	544
580	672
580	737
684	161
684	544
684	737
688	161
688	544
688	737
737	65
737	143
737	161
737	170
737	229
737	275
737	289
737	317
737	366
737	384
737	410
737	544
737	621
737	672
737	828
737	896
737	970
828	161
828	544
896	161
896	544
970	161
970	544
5	450
5	692
5	742
5	778
450	68
450	109
450	127
450	233
450	647
450	657
450	671
450	692
450	709
450	720
450	725
450	742
450	778
647	109
647	127
647	233
647	692
647	742
647	778
657	109
657	127
657	233
657	692
657	742
657	778
671	109
671	127
671	233
671	692
671	742
671	778
692	68
692	109
692	127
692	233
692	709
692	720
692	725
692	778
709	109
709	127
709	233
709	742
709	778
720	109
720	127
720	233
720	742
720	778
725	109
725	127
725	233
725	742
725	778
742	68
742	109
742	127
742	233
742	778
778	68
778	109
778	127
778	233
9	288
9	295
9	444
9	495
9	499
9	600
9	809
9	877
9	892
9	904
288	24
288	110
288	295
288	341
288	444
288	495
288	499
288	600
288	809
288	877
288	892
288	904
295	48
295	110
295	341
295	444
295	495
295	499
295	600
295	809
295	877
295	892
295	904
444	24
444	48
444	110
444	341
444	495
444	499
444	600
444	809
444	877
444	892
444	904
495	24
495	48
495	110
495	341
495	499
495	600
495	809
495	877
495	892
495	904
499	24
499	48
499	110
499	341
499	600
499	809
499	877
499	892
499	904
600	24
600	48
600	110
600	341
600	809
600	877
600	892
600	904
809	24
809	48
809	110
809	341
809	691
809	877
809	892
809	904
877	24
877	48
877	110
877	341
877	892
877	904
892	24
892	48
892	110
892	341
892	904
904	24
904	48
904	110
904	341
13	417
13	467
13	476
13	566
13	614
13	729
13	751
13	825
13	912
13	930
417	53
417	70
417	374
417	414
417	422
417	467
417	476
417	566
417	614
417	729
417	751
417	825
417	912
417	930
467	53
467	70
467	374
467	414
467	422
467	476
467	566
467	614
467	729
467	751
467	825
467	912
467	930
476	53
476	70
476	374
476	414
476	422
476	566
476	614
476	729
476	751
476	825
476	912
476	930
566	53
566	70
566	374
566	414
566	422
566	614
566	729
566	751
566	825
566	912
566	930
614	53
614	70
614	374
614	414
614	422
614	729
614	751
614	825
614	912
614	930
729	53
729	70
729	374
729	414
729	422
729	751
729	825
729	912
729	930
751	53
751	70
751	374
751	414
751	422
751	825
751	912
751	930
825	53
825	70
825	374
825	414
825	422
825	912
825	930
912	53
912	70
912	374
912	414
912	422
912	930
930	53
930	70
930	374
930	414
930	422
16	286
16	524
16	583
16	817
16	848
16	924
16	929
16	939
16	948
16	959
286	459
286	468
286	545
286	693
286	799
286	817
286	848
286	924
286	929
286	939
286	948
286	959
524	151
524	198
524	404
524	468
524	583
524	667
524	773
524	783
524	799
524	817
524	848
524	924
524	929
524	939
524	948
524	959
583	385
583	404
583	459
583	545
583	567
583	667
583	728
583	746
583	799
583	817
583	848
583	924
583	929
583	939
583	948
583	959
817	28
817	57
817	151
817	198
817	385
817	448
817	459
817	501
817	545
817	573
817	646
817	667
817	693
817	728
817	746
817	773
817	783
817	799
817	848
817	924
817	929
817	939
817	948
817	959
848	87
848	93
848	151
848	198
848	385
848	404
848	448
848	459
848	468
848	501
848	545
848	567
848	573
848	646
848	667
848	693
848	728
848	746
848	773
848	783
848	799
848	924
848	929
848	939
848	948
848	959
924	28
924	56
924	57
924	83
924	87
924	93
924	151
924	198
924	385
924	404
924	448
924	459
924	468
924	501
924	545
924	567
924	573
924	646
924	667
924	693
924	728
924	746
924	773
924	783
924	799
924	929
924	939
924	948
924	959
929	28
929	56
929	57
929	83
929	87
929	93
929	151
929	198
929	385
929	404
929	448
929	459
929	468
929	501
929	545
929	567
929	573
929	646
929	667
929	693
929	728
929	746
929	773
929	783
929	799
929	939
929	948
929	959
939	28
939	56
939	57
939	83
939	87
939	93
939	151
939	198
939	385
939	404
939	448
939	459
939	468
939	501
939	545
939	567
939	573
939	646
939	667
939	693
939	728
939	746
939	773
939	783
939	799
939	948
939	959
948	28
948	56
948	57
948	83
948	87
948	93
948	151
948	198
948	385
948	404
948	448
948	459
948	468
948	501
948	545
948	567
948	573
948	646
948	667
948	693
948	728
948	746
948	773
948	783
948	799
948	959
959	28
959	56
959	57
959	83
959	87
959	93
959	151
959	198
959	385
959	404
959	448
959	459
959	468
959	501
959	545
959	567
959	573
959	646
959	667
959	693
959	728
959	746
959	773
959	783
959	799
20	42
20	202
20	407
20	412
20	517
20	570
20	731
20	866
42	202
42	407
42	412
42	517
42	570
42	731
42	866
202	407
202	412
202	517
202	570
202	731
202	866
407	412
407	517
407	570
407	731
407	866
412	517
412	570
412	731
412	866
517	570
517	731
517	866
570	731
570	866
731	866
24	341
341	48
341	110
25	458
25	498
25	633
25	638
25	744
25	755
25	793
25	884
25	997
25	1000
458	39
458	75
458	126
458	406
458	413
458	498
458	633
458	638
458	744
458	755
458	793
458	884
458	997
458	1000
498	39
498	75
498	126
498	406
498	413
498	633
498	638
498	744
498	755
498	793
498	884
498	997
498	1000
633	39
633	75
633	126
633	406
633	413
633	638
633	744
633	755
633	793
633	884
633	997
633	1000
638	39
638	75
638	126
638	406
638	413
638	744
638	755
638	793
638	884
638	997
638	1000
744	39
744	75
744	126
744	406
744	413
744	755
744	793
744	884
744	997
744	1000
755	39
755	75
755	126
755	406
755	413
755	793
755	884
755	997
755	1000
793	39
793	75
793	126
793	406
793	413
793	884
793	997
793	1000
884	39
884	75
884	126
884	406
884	413
884	997
884	1000
997	39
997	75
997	126
997	406
997	413
997	1000
1000	39
1000	75
1000	126
1000	406
1000	413
26	365
26	853
365	67
365	146
365	283
365	325
365	428
365	474
365	592
365	594
365	785
365	808
365	853
365	885
365	888
428	283
428	853
474	283
474	853
592	283
592	853
594	283
594	853
785	283
785	853
808	283
808	853
853	54
853	67
853	146
853	283
853	325
853	885
853	888
885	283
888	283
27	134
27	185
27	272
27	761
27	804
134	185
134	188
134	203
134	221
134	272
134	520
134	572
134	761
134	804
134	898
185	188
185	203
185	221
185	272
185	520
185	572
185	761
185	804
185	898
203	188
203	221
203	761
203	804
221	761
221	804
272	761
272	804
520	761
520	804
572	761
572	804
761	188
761	804
761	898
804	188
804	898
28	693
28	728
28	783
28	799
693	83
693	151
693	385
693	448
693	468
693	501
693	545
693	567
693	646
693	667
693	728
693	746
693	783
728	56
728	57
728	87
728	93
728	501
728	567
728	573
728	646
728	667
728	746
728	773
728	783
728	799
783	56
783	87
783	198
783	385
783	404
783	448
783	459
783	501
783	545
783	567
783	646
783	667
783	746
783	773
783	799
799	56
799	83
799	198
799	385
799	404
799	448
799	459
799	545
799	567
799	573
799	646
799	667
799	746
799	773
29	386
29	465
29	719
29	946
386	172
386	327
386	352
386	392
386	399
386	465
386	466
386	482
386	610
386	664
386	719
386	886
386	946
392	465
392	719
392	946
465	38
465	172
465	327
465	352
465	399
465	466
465	482
465	610
465	664
465	719
465	886
465	946
466	719
466	946
482	719
482	946
610	606
610	719
610	946
664	719
664	946
719	38
719	172
719	327
719	352
719	399
719	886
719	946
886	946
946	38
946	172
946	327
946	352
946	399
33	210
33	232
33	240
33	816
33	971
210	232
210	240
210	816
210	971
232	240
232	422
232	816
232	971
36	66
36	266
36	356
36	429
36	964
66	138
66	220
66	356
66	964
138	51
138	69
138	429
138	964
266	69
266	181
266	356
266	429
266	964
333	51
333	73
333	181
333	356
333	429
333	964
356	51
356	69
356	73
356	192
356	429
356	560
356	724
356	834
356	964
429	51
429	69
429	73
429	181
429	192
429	220
429	560
429	724
429	834
429	964
560	51
560	69
560	181
560	964
724	51
724	69
724	181
724	964
834	51
834	69
834	181
834	964
964	51
964	69
964	73
964	181
964	192
964	220
37	723
430	158
430	723
604	723
722	723
723	158
723	164
723	182
723	186
723	321
723	329
723	837
723	864
723	894
723	902
723	965
40	449
40	451
40	655
449	190
449	213
449	655
451	190
451	213
451	655
643	190
643	213
643	655
655	190
655	213
655	231
655	250
655	411
655	813
655	826
655	862
655	917
655	932
655	974
813	190
813	213
826	190
826	213
862	190
862	213
917	190
917	213
932	190
932	213
974	190
974	213
43	623
43	668
43	774
312	98
312	623
312	668
312	774
387	98
387	623
387	668
387	774
512	98
512	623
512	668
512	774
558	98
558	623
558	668
558	774
623	62
623	98
623	135
623	656
623	668
623	774
623	840
623	995
656	98
656	668
656	774
668	62
668	98
668	135
668	774
668	840
668	995
774	62
774	98
774	135
774	840
774	995
840	98
840	900
995	98
44	478
44	534
44	622
44	674
44	689
44	863
44	900
44	914
44	949
44	998
478	200
478	372
478	534
478	622
478	674
534	90
534	200
534	214
534	318
534	370
534	372
534	457
534	622
534	674
534	689
534	863
534	900
534	914
534	949
534	998
622	90
622	200
622	214
622	318
622	319
622	370
622	372
622	457
622	674
622	689
622	863
622	900
622	914
622	949
622	998
674	90
674	200
674	214
674	318
674	319
674	370
674	372
674	457
674	689
674	863
674	900
674	914
674	949
674	998
689	372
863	372
900	372
914	372
949	372
998	372
50	717
50	880
50	983
631	132
631	589
631	619
631	717
631	880
631	983
694	132
694	589
694	619
694	717
694	880
694	983
703	132
703	589
703	619
703	717
703	880
703	983
717	99
717	132
717	219
717	373
717	397
717	538
717	584
717	589
717	619
717	786
717	832
717	880
717	933
717	979
717	983
786	132
786	589
786	619
786	880
786	983
832	132
832	589
832	619
832	880
832	983
880	99
880	132
880	219
880	373
880	397
880	538
880	584
880	589
880	619
880	933
880	979
880	983
933	132
933	589
933	619
933	983
979	132
979	589
979	619
979	983
983	99
983	132
983	219
983	373
983	397
983	538
983	584
983	619
51	69
51	220
69	220
220	181
52	436
52	764
52	857
119	436
119	764
119	857
436	176
436	207
436	267
436	294
436	339
436	488
436	522
436	598
436	608
436	642
436	701
436	764
488	176
488	764
488	857
522	176
522	764
522	857
598	176
598	764
598	857
608	176
608	764
608	857
642	176
642	764
642	857
701	176
701	764
701	857
764	176
764	207
764	267
764	294
764	339
764	857
857	176
857	207
857	267
857	294
857	339
325	283
56	646
56	746
646	385
646	404
646	459
646	468
646	567
646	667
646	746
646	773
746	57
746	83
746	87
746	385
746	468
746	501
746	545
746	567
746	573
746	773
57	404
57	573
404	573
404	773
573	151
573	468
573	501
573	567
573	667
573	773
621	143
621	161
621	366
621	544
672	161
672	544
192	73
192	181
73	181
77	443
77	447
77	966
443	246
443	278
443	364
443	516
443	966
447	79
447	94
447	224
447	516
447	966
698	224
698	607
698	966
726	224
726	966
727	224
727	966
738	224
738	966
789	224
789	966
797	224
797	966
922	224
922	966
966	79
966	94
966	211
966	224
966	230
966	246
966	278
966	364
966	475
966	516
966	548
966	588
966	607
78	587
78	718
78	897
293	587
293	718
293	897
338	587
338	718
338	897
355	587
355	718
355	897
395	587
395	718
395	897
464	587
464	718
464	897
523	587
523	718
523	897
587	150
587	259
587	307
587	326
587	678
587	718
587	897
678	718
678	897
718	150
718	259
718	307
718	326
718	897
897	150
897	259
897	307
897	326
79	516
79	588
516	364
516	548
588	224
588	230
81	473
81	506
81	532
81	606
81	658
81	704
81	831
81	923
81	982
81	987
473	160
473	477
506	160
506	477
532	160
532	477
606	160
606	477
658	160
658	477
704	160
704	477
831	160
831	477
923	160
923	477
982	160
982	477
987	160
987	477
83	151
83	773
773	87
773	93
773	385
773	448
773	459
773	468
773	501
773	545
773	567
773	667
85	878
432	878
575	878
651	878
801	878
859	878
86	379
86	382
86	486
86	571
86	721
86	750
86	762
86	766
86	821
379	382
379	486
379	571
379	721
379	750
382	124
382	128
382	251
382	263
382	345
382	486
382	571
382	721
382	750
382	762
382	766
382	821
486	124
486	128
486	251
486	263
486	345
486	571
486	721
486	750
486	762
486	766
486	821
571	124
571	128
571	251
571	263
571	345
571	721
571	750
571	762
571	766
571	821
721	124
721	128
721	251
721	263
721	345
721	750
721	762
721	766
721	821
750	124
750	128
750	251
750	263
750	345
750	762
750	766
750	821
93	448
93	667
448	459
448	501
448	545
667	198
667	468
667	545
667	567
94	475
475	230
109	233
233	127
294	176
122	154
122	303
122	308
122	515
122	564
154	236
154	330
154	515
154	563
154	564
154	661
154	670
154	767
154	845
154	952
303	139
303	141
303	291
303	308
303	330
303	563
303	564
303	661
303	670
303	767
303	845
303	952
308	137
308	236
308	330
308	515
308	563
308	564
308	661
308	670
308	767
308	845
308	952
515	137
515	139
515	141
515	330
515	564
563	137
563	139
563	330
563	564
564	137
564	139
564	141
564	236
564	291
564	330
564	661
564	670
564	767
564	845
564	952
661	137
661	139
661	330
670	137
670	139
670	330
767	137
767	139
767	330
845	137
845	139
845	330
952	137
952	139
952	330
123	337
123	454
123	640
123	705
123	757
123	909
123	935
123	938
279	337
279	454
279	640
279	705
279	757
279	909
279	935
279	938
337	358
337	454
337	640
337	705
337	909
337	935
358	454
358	640
358	705
358	757
358	909
358	935
358	938
454	640
454	705
454	757
454	909
454	935
454	938
640	705
640	757
640	909
640	935
640	938
705	757
705	909
705	935
705	938
757	909
757	935
909	935
909	938
935	938
126	413
413	406
132	619
619	219
619	373
619	397
619	538
619	584
619	589
137	291
137	330
291	139
291	236
291	330
139	141
141	236
142	218
142	228
142	324
142	716
142	747
142	758
142	860
142	875
218	228
218	324
218	716
218	747
218	758
218	860
218	875
228	758
228	875
324	758
324	875
716	758
716	875
747	758
747	875
758	860
758	875
860	875
143	544
544	161
544	289
544	366
544	384
544	410
144	380
144	423
144	869
189	380
189	423
189	869
380	423
380	456
380	493
380	578
380	869
380	968
423	456
423	493
423	578
423	869
423	968
456	869
493	869
578	869
869	968
155	360
155	712
155	730
155	735
340	360
340	712
340	730
340	735
360	306
360	315
360	435
360	675
360	691
360	712
360	730
360	735
360	844
360	856
360	913
435	712
435	730
435	735
675	712
675	730
675	735
691	712
691	730
691	735
712	306
712	315
712	730
712	735
712	844
712	856
712	913
730	306
730	315
730	735
730	844
730	856
730	913
735	306
735	315
735	844
735	856
735	913
186	329
321	164
160	477
477	177
477	183
161	384
384	275
384	289
384	366
384	410
329	182
170	275
170	410
275	366
317	229
176	339
190	411
411	213
200	214
214	370
214	457
211	548
211	607
548	224
548	230
607	224
213	231
370	319
370	372
457	372
584	589
229	289
229	366
422	374
422	414
234	296
234	305
296	305
296	827
305	827
459	545
468	567
318	319
318	372
319	372
368	612
368	711
368	876
612	711
612	876
711	876
373	589
538	589
589	397
374	414
501	567
585	788
585	836
699	734
700	734
#End Disappearing Edges

*Newborn Edges
1	49
1	365
1	640
49	365
49	640
125	81
125	365
125	640
193	81
193	365
193	640
365	81
365	513
365	577
365	597
365	640
365	956
365	986
513	81
513	640
577	81
577	640
597	81
597	640
640	81
640	956
640	986
956	81
986	81
3	229
3	366
3	384
3	672
229	275
229	384
229	580
229	688
366	65
366	143
366	218
366	289
366	476
366	492
384	143
384	322
384	476
384	492
384	621
384	672
492	410
492	476
492	621
672	170
672	218
672	476
684	218
684	476
684	688
688	218
688	476
828	218
828	476
896	218
896	476
970	218
970	476
5	68
5	283
5	764
5	878
68	283
68	764
68	878
283	647
283	657
283	671
283	709
283	720
283	725
283	764
283	878
647	764
647	878
657	764
657	878
671	764
671	816
671	878
709	764
709	878
720	764
720	878
725	764
725	878
764	878
7	115
7	286
7	296
7	391
7	498
7	525
7	646
7	668
7	756
7	758
115	132
115	286
115	296
115	391
115	498
115	525
115	646
115	668
115	756
115	758
286	69
286	132
286	296
286	391
286	498
286	525
286	646
286	668
286	756
286	758
296	69
296	132
296	391
296	498
296	525
296	646
296	668
296	756
296	758
391	69
391	132
391	498
391	525
391	646
391	668
391	756
391	758
498	69
498	132
498	525
498	646
498	668
498	756
498	758
525	69
525	132
525	646
525	668
525	756
525	758
646	69
646	132
646	668
646	756
646	758
668	69
668	132
668	756
668	758
756	69
756	132
756	758
758	69
758	132
26	146
26	325
146	54
325	67
27	188
27	224
27	372
27	477
27	935
188	51
188	224
188	372
188	477
188	935
203	51
203	159
203	224
203	372
203	477
203	935
221	51
221	159
221	224
221	372
221	477
221	935
224	159
224	272
224	372
224	477
224	520
224	572
224	898
224	935
372	51
372	159
372	272
372	477
372	520
372	572
372	898
372	935
477	51
477	159
477	234
477	272
477	520
477	572
477	898
477	935
520	51
520	159
520	935
572	51
572	159
572	935
898	51
898	159
898	935
935	51
935	159
935	272
29	327
29	399
29	612
29	897
327	172
327	612
327	897
392	38
392	612
392	897
399	612
399	897
466	612
466	897
482	612
482	897
610	612
610	897
612	38
612	172
612	352
612	664
612	886
612	897
664	897
886	897
897	38
897	172
897	352
33	53
33	85
33	429
33	432
33	575
33	651
33	801
33	858
33	859
53	85
53	429
53	432
53	575
53	651
53	801
53	858
53	859
85	429
85	858
429	432
429	575
429	651
429	801
429	858
429	859
432	858
575	858
651	858
801	858
858	859
36	192
36	486
36	711
36	735
36	866
138	220
138	486
138	711
138	735
138	866
192	486
192	711
192	735
192	866
333	220
333	266
333	486
333	711
333	735
333	866
486	66
486	73
486	220
486	266
486	560
486	711
486	724
486	735
486	834
486	866
560	711
560	735
560	866
711	66
711	73
711	220
711	266
711	724
711	735
711	834
711	866
724	735
724	866
735	66
735	73
735	220
735	266
735	834
735	866
834	866
866	66
866	73
866	220
866	266
37	164
37	718
164	718
430	239
430	718
604	239
604	303
604	718
718	158
718	182
718	186
718	239
718	303
718	321
718	329
718	722
718	837
718	864
718	894
718	902
718	965
722	239
722	303
837	239
837	303
864	239
864	303
894	239
894	303
902	239
902	303
965	239
965	303
39	62
39	267
39	294
39	339
39	488
39	522
39	598
39	608
39	642
39	701
62	135
62	614
267	52
267	119
294	52
294	207
339	52
339	119
40	564
40	853
564	176
564	231
564	232
564	250
564	411
564	449
564	451
564	643
564	813
564	826
564	853
564	862
564	917
564	932
564	974
643	176
643	232
643	853
813	176
813	232
813	853
826	176
826	232
826	853
853	176
853	231
853	232
853	250
853	411
853	449
853	451
853	862
853	917
853	932
853	974
862	176
862	232
917	176
917	232
917	900
932	176
932	232
974	176
974	232
43	135
43	614
135	614
312	614
387	614
512	614
558	614
614	656
614	840
614	995
44	80
44	86
44	134
44	305
44	313
44	360
44	400
44	620
44	629
44	743
80	86
80	134
80	305
80	313
80	360
80	400
80	620
80	629
80	743
86	134
86	305
86	313
86	360
86	400
86	620
86	629
86	743
134	305
134	313
134	360
134	400
134	620
134	629
134	743
305	313
305	360
305	400
305	620
305	629
305	743
313	360
313	400
313	620
313	629
313	743
360	400
360	620
360	629
360	743
400	620
400	629
400	743
620	629
620	743
629	743
50	538
50	584
50	723
538	99
538	202
538	219
538	723
584	99
584	202
584	723
631	202
631	723
694	202
694	723
703	202
703	723
723	99
723	202
723	219
723	373
723	397
723	786
723	832
723	933
723	979
786	202
832	202
933	202
979	202
51	272
272	159
119	207
65	143
65	580
143	476
143	580
580	170
580	218
580	476
621	218
621	275
621	289
621	476
66	266
266	73
67	71
71	110
71	314
71	382
71	454
71	536
71	569
71	674
71	843
71	985
69	132
110	98
110	314
110	382
110	454
110	536
110	569
110	674
110	843
110	985
314	98
314	382
314	454
314	536
314	569
314	674
314	843
314	985
382	98
382	454
382	536
382	569
382	674
382	843
382	985
454	98
454	536
454	569
454	674
454	843
454	985
536	98
536	569
536	674
536	843
536	985
569	98
569	674
569	843
569	985
674	98
674	843
674	985
843	98
843	985
985	98
77	516
77	548
77	588
516	230
516	246
516	278
516	412
516	622
548	94
548	246
548	443
548	622
588	447
588	607
588	622
698	79
698	412
698	622
726	412
726	622
727	412
727	622
738	412
738	622
789	412
789	622
797	412
797	622
922	412
922	622
78	307
78	326
78	655
293	150
293	655
307	655
326	655
338	355
338	655
355	655
395	655
464	655
523	655
655	150
655	259
655	678
79	412
79	475
79	622
412	364
412	443
412	447
412	607
412	622
475	443
475	622
622	94
622	211
622	230
622	364
622	443
622	447
622	607
90	721
90	838
90	880
90	909
689	623
689	721
689	838
689	880
689	909
721	200
721	214
721	318
721	319
721	370
721	457
721	478
721	623
721	838
721	863
721	880
721	900
721	909
721	914
721	949
721	998
838	200
838	214
838	318
838	319
838	370
838	457
838	478
838	623
838	863
838	880
838	900
838	909
838	914
838	949
838	998
863	623
863	880
863	909
880	200
880	214
880	318
880	319
880	370
880	457
880	478
880	623
880	900
880	909
880	914
880	949
880	998
900	623
900	909
909	200
909	214
909	318
909	319
909	370
909	457
909	478
909	623
909	914
909	949
909	998
914	623
949	623
998	623
94	607
109	386
109	407
109	876
386	407
386	876
407	876
122	571
122	587
122	589
122	774
122	983
563	185
563	571
563	587
563	589
563	774
563	983
571	141
571	185
571	236
571	291
571	515
571	587
571	589
571	661
571	670
571	767
571	774
571	845
571	952
571	983
587	141
587	185
587	236
587	291
587	515
587	589
587	661
587	670
587	767
587	774
587	845
587	952
587	983
589	141
589	185
589	236
589	291
589	515
589	661
589	670
589	767
589	774
589	845
589	952
661	185
661	774
661	983
670	185
670	774
670	983
767	185
767	774
767	983
774	141
774	185
774	236
774	291
774	515
774	845
774	952
774	983
845	185
845	983
952	185
952	983
983	141
983	185
983	236
983	291
983	515
123	316
123	357
123	363
123	659
123	734
123	768
123	925
123	991
279	154
279	190
279	316
279	357
279	363
279	659
279	734
279	768
279	925
279	991
316	154
316	190
316	357
316	358
316	363
316	659
316	734
316	768
316	925
316	991
357	154
357	190
357	358
357	363
357	659
357	734
357	768
357	925
357	991
358	154
358	190
358	363
358	659
358	734
358	768
358	925
358	991
363	154
363	190
363	659
363	734
363	768
363	925
363	991
659	154
659	190
659	734
659	768
659	925
659	991
734	154
734	190
734	768
734	925
734	991
768	154
768	190
768	925
768	991
925	154
925	190
925	991
991	154
991	190
124	233
124	263
124	423
124	619
124	964
233	128
233	251
233	263
233	345
233	379
233	423
233	619
233	762
233	766
233	821
233	964
251	128
251	423
251	619
251	964
263	423
263	619
263	964
345	423
345	619
345	964
379	423
379	619
379	964
423	128
423	619
423	762
423	766
423	821
423	964
619	128
619	762
619	766
619	821
619	964
762	964
766	964
821	964
964	128
127	139
127	337
127	757
127	938
139	228
139	308
139	324
139	436
139	716
139	737
139	747
139	857
139	860
139	869
228	308
228	436
228	737
228	857
228	869
308	324
308	436
308	716
308	737
308	747
308	857
308	860
308	869
324	436
324	737
324	857
324	869
436	716
436	737
436	747
436	860
436	869
716	737
716	857
716	869
737	747
737	857
737	860
737	869
747	857
747	869
857	860
857	869
860	869
142	161
142	180
142	274
142	413
142	521
142	540
142	692
142	739
142	742
142	842
142	963
161	180
161	274
161	413
161	521
161	540
161	692
161	739
161	742
161	842
161	963
180	274
180	413
180	521
180	540
180	692
180	739
180	742
180	842
180	963
274	413
274	521
274	540
274	692
274	739
274	742
274	842
274	963
413	521
413	540
413	692
413	739
413	742
413	842
413	963
521	540
521	692
521	739
521	742
521	842
521	963
540	692
540	739
540	742
540	842
540	963
692	739
692	842
692	963
739	742
739	842
739	963
742	842
742	963
842	963
476	170
476	289
476	322
476	410
144	181
144	356
144	585
144	719
144	809
181	189
181	456
181	493
181	578
181	585
181	719
181	809
181	968
189	356
189	585
189	719
189	809
356	456
356	493
356	578
356	585
356	719
356	809
356	968
456	585
456	719
456	809
493	585
493	719
493	809
578	585
578	719
578	809
585	719
585	809
585	968
719	809
719	968
809	968
150	259
154	190
155	306
155	465
155	544
155	545
306	213
306	465
306	544
306	545
340	213
340	465
340	544
340	545
435	213
435	465
435	544
435	545
465	213
465	315
465	544
465	545
465	675
465	691
465	844
465	856
465	913
544	213
544	315
544	545
544	675
544	691
544	844
544	856
544	913
545	213
545	315
545	675
545	691
545	844
545	856
545	913
675	213
691	213
844	213
856	213
913	213
158	239
186	303
239	303
239	329
321	303
160	699
160	700
160	730
699	730
700	730
329	303
317	218
317	275
317	322
172	352
176	449
176	451
449	232
451	232
177	183
182	303
200	623
623	214
623	318
623	319
623	370
623	457
623	478
202	397
397	219
397	373
211	443
211	447
443	447
447	230
213	315
214	478
218	289
218	410
219	373
275	322
230	364
411	232
234	705
705	827
240	804
804	816
804	971
534	788
534	836
534	946
788	946
836	946
#End Newborn Edges

*Degree Changed Nodes
159	11	10
838	11	18
858	11	9
737	24	10
828	24	22
896	24	22
970	24	22
647	14	10
657	14	10
671	14	11
692	14	11
709	14	10
720	14	10
725	14	10
742	14	11
809	15	10
476	15	16
614	15	10
286	13	12
202	8	11
407	8	3
412	8	14
866	8	14
498	15	12
365	14	11
428	15	12
474	15	12
592	15	12
594	15	12
785	15	12
808	15	12
853	15	16
885	15	12
888	15	12
134	11	10
221	11	12
272	11	12
520	11	13
572	11	13
804	11	3
898	11	13
386	14	3
392	14	13
465	15	13
466	15	13
482	15	13
610	16	13
664	15	13
719	15	10
886	15	13
946	15	3
33	5	9
232	6	12
240	5	3
816	5	4
971	5	3
266	11	12
356	14	10
429	15	9
560	16	14
724	16	14
834	16	14
964	16	12
37	9	10
604	15	17
722	15	17
837	15	17
864	15	17
894	15	17
902	15	17
965	15	17
399	14	13
40	10	9
643	15	16
655	15	12
813	15	16
826	15	16
862	15	16
917	15	17
932	15	16
974	15	16
43	10	9
312	13	10
387	13	10
512	13	10
558	13	10
623	13	17
656	13	10
668	13	12
774	13	16
840	14	10
995	13	10
534	17	3
622	18	20
674	18	10
631	19	15
694	19	15
703	19	15
786	19	15
832	19	15
880	19	18
933	19	15
979	19	15
983	19	16
436	15	10
488	15	12
522	15	12
598	15	12
608	15	12
642	15	12
701	15	12
764	15	10
857	15	10
53	10	9
325	13	12
646	20	12
73	10	9
181	11	10
293	13	12
338	13	12
355	13	12
395	14	12
464	14	12
523	14	12
587	14	16
678	14	12
718	14	17
897	14	13
81	10	9
473	15	12
506	15	12
532	15	12
606	16	12
658	15	12
704	15	12
831	15	12
923	15	12
982	15	12
987	15	12
85	6	9
432	6	9
575	6	9
651	6	9
801	6	9
859	6	9
878	6	10
86	9	10
379	14	12
382	14	10
571	14	16
721	14	18
762	14	12
766	14	12
821	14	12
90	9	10
98	10	9
109	11	3
110	11	10
294	13	12
308	13	10
515	16	13
563	17	16
564	17	16
661	17	16
670	17	16
767	17	16
845	17	16
952	17	16
279	10	12
337	10	3
358	10	12
640	10	11
705	10	2
757	10	3
909	10	18
935	10	13
938	10	3
345	13	12
413	12	11
127	11	4
619	17	12
188	10	11
291	13	12
142	8	11
218	8	12
228	8	10
324	8	10
716	8	10
747	8	10
758	8	12
860	8	10
143	10	11
544	17	13
144	8	10
189	8	10
423	8	12
456	8	10
493	8	10
578	8	10
869	8	10
968	8	10
307	13	12
326	13	12
360	13	10
691	14	13
730	13	3
735	13	14
160	11	3
477	13	14
410	14	13
339	13	12
207	11	10
370	14	13
584	16	15
296	3	12
305	3	10
827	3	2
250	11	12
259	12	11
278	12	11
283	11	10
545	17	13
306	12	13
372	14	13
352	12	11
612	3	13
711	3	14
373	14	12
589	15	16
397	14	13
585	2	10
788	2	3
836	2	3
699	2	3
700	2	3
734	2	12
