*Disappearing Nodes
2
61
507
765
776
796
881
891
923
877
194
774
871
937
945
958
964
976
220
250
267
529
562
749
825
30
462
486
743
904
905
954
41
241
518
53
58
100
566
711
767
72
285
75
666
349
808
95
542
113
130
851
866
903
906
812
549
174
821
834
858
865
176
383
632
177
199
204
223
652
242
754
244
394
288
917
305
658
306
682
346
370
721
375
396
406
436
419
465
469
472
484
510
514
519
551
#End Disappearing Nodes

*Newborn Nodes
680
705
719
226
455
230
691
788
678
604
608
391
598
929
115
707
301
339
357
517
535
521
#End Newborn Nodes

*Disappearing Edges
1	183
1	331
1	740
134	183
134	331
134	740
165	183
165	331
165	740
183	331
183	740
331	740
2	61
2	507
2	516
2	587
2	765
2	776
2	796
2	881
2	891
2	923
61	566
61	711
61	765
61	767
61	776
61	796
61	881
61	891
61	923
507	176
507	232
507	383
507	499
507	570
507	592
507	666
507	711
507	765
507	767
507	776
507	796
507	881
507	891
507	923
516	118
516	232
516	460
516	570
516	587
516	592
516	632
516	711
516	765
516	767
516	776
516	796
516	881
516	891
516	923
587	75
587	176
587	177
587	460
587	499
587	566
587	592
587	632
587	666
587	711
587	765
587	767
587	776
587	881
587	891
587	923
765	75
765	118
765	176
765	177
765	199
765	232
765	245
765	352
765	383
765	460
765	499
765	570
765	592
765	666
765	767
765	776
765	796
765	881
765	891
765	923
776	75
776	118
776	176
776	177
776	199
776	232
776	245
776	352
776	383
776	460
776	499
776	566
776	592
776	632
776	711
776	767
776	796
776	881
776	891
776	923
796	75
796	118
796	176
796	199
796	232
796	245
796	352
796	383
796	460
796	499
796	566
796	570
796	592
796	632
796	666
796	711
796	767
796	881
796	891
796	923
881	75
881	118
881	176
881	177
881	199
881	232
881	245
881	352
881	383
881	460
881	499
881	566
881	570
881	592
881	632
881	666
881	711
881	767
881	891
881	923
891	75
891	118
891	176
891	177
891	199
891	232
891	245
891	352
891	383
891	460
891	499
891	566
891	570
891	592
891	632
891	666
891	711
891	767
891	923
923	75
923	118
923	176
923	177
923	199
923	232
923	245
923	352
923	383
923	460
923	499
923	566
923	570
923	592
923	632
923	666
923	711
923	767
3	59
3	827
3	933
59	229
59	452
59	545
59	627
59	688
59	814
59	827
59	933
59	970
266	216
266	229
266	827
266	933
366	322
366	434
366	827
366	933
621	203
621	210
621	216
621	434
621	827
621	933
627	156
627	210
627	827
627	933
688	156
688	210
688	216
688	434
688	827
688	933
814	156
814	210
814	216
814	434
814	827
814	933
827	65
827	135
827	143
827	156
827	161
827	203
827	216
827	229
827	322
827	380
827	384
827	434
827	452
827	545
827	933
827	970
933	65
933	135
933	143
933	156
933	161
933	203
933	210
933	216
933	229
933	322
933	380
933	384
933	434
933	452
933	545
933	970
970	156
970	210
970	216
970	434
4	763
4	807
4	863
4	875
755	221
755	411
755	417
755	747
755	763
755	838
755	863
755	869
755	875
755	885
755	921
763	116
763	388
763	527
763	577
763	643
763	802
763	863
763	875
807	116
807	221
807	243
807	582
807	643
807	838
807	861
807	863
861	116
861	362
861	376
861	417
861	802
861	838
861	863
861	875
863	116
863	157
863	173
863	208
863	243
863	258
863	362
863	388
863	417
863	508
863	582
863	638
863	643
863	661
863	663
863	679
863	727
863	747
863	802
863	809
863	838
863	869
863	885
863	910
863	921
863	942
863	943
869	116
869	258
869	638
869	643
869	661
869	838
869	875
875	116
875	157
875	173
875	221
875	362
875	376
875	388
875	411
875	417
875	508
875	577
875	582
875	628
875	638
875	643
875	661
875	663
875	679
875	727
875	747
875	771
875	802
875	809
875	838
875	885
875	921
875	942
875	943
921	116
921	221
921	258
921	643
921	771
921	838
942	116
942	221
942	643
942	838
943	116
943	221
943	643
943	838
5	428
5	443
5	826
5	975
428	50
428	193
428	214
428	468
428	520
428	647
428	713
428	725
428	742
428	778
428	826
428	912
428	975
428	988
443	36
443	193
443	470
443	520
443	635
443	647
443	713
443	725
443	742
443	778
443	826
443	912
443	975
443	988
635	50
635	144
635	214
635	468
635	713
635	826
635	975
725	50
725	144
725	214
725	713
725	826
725	975
742	50
742	144
742	468
742	713
742	826
742	975
778	50
778	144
778	214
778	468
778	713
778	826
778	975
826	23
826	36
826	68
826	127
826	144
826	193
826	214
826	233
826	309
826	458
826	468
826	470
826	520
826	647
826	713
826	912
826	975
826	988
912	50
912	144
912	214
912	468
912	713
912	975
975	23
975	36
975	50
975	68
975	127
975	144
975	193
975	214
975	233
975	309
975	458
975	468
975	470
975	520
975	647
975	713
975	988
988	50
988	144
988	214
988	468
988	713
6	208
6	388
6	508
6	643
6	661
6	771
6	838
208	679
208	747
208	910
388	582
388	802
388	838
508	661
508	727
508	747
643	173
643	376
643	628
643	638
643	661
643	727
643	747
643	771
643	809
643	838
643	910
661	638
661	747
661	838
771	411
771	527
771	577
771	838
809	221
809	362
809	638
809	838
838	221
838	243
838	362
838	411
838	417
838	527
838	577
838	582
838	628
838	663
838	727
838	747
838	802
838	885
838	910
7	867
7	877
744	228
744	720
744	752
744	867
744	877
793	228
793	720
793	752
793	867
793	877
798	228
798	720
798	752
798	867
798	877
815	228
815	720
815	752
815	867
815	877
820	228
820	720
820	752
820	867
820	877
823	228
823	720
823	752
823	867
823	877
844	228
844	720
844	752
844	867
844	877
852	228
852	720
852	752
852	867
852	877
867	109
867	154
867	225
867	228
867	297
867	358
867	367
867	485
867	615
867	624
867	626
867	692
867	720
867	752
867	877
877	109
877	154
877	225
877	228
877	297
877	358
877	367
877	485
877	615
877	624
877	626
877	692
877	720
877	752
8	439
8	475
8	511
8	561
8	601
8	636
8	684
8	714
8	782
8	949
439	265
439	511
439	782
475	511
475	561
475	782
511	257
511	265
511	351
511	481
511	502
511	552
511	561
511	601
511	636
511	684
511	714
511	782
511	949
561	44
561	111
561	192
561	257
561	265
561	351
561	481
561	502
561	552
561	601
561	636
561	684
561	714
561	782
561	949
601	265
601	782
636	265
636	782
684	265
684	782
714	265
714	782
782	44
782	111
782	192
782	257
782	351
782	481
782	502
782	552
782	949
949	265
9	98
9	194
9	393
9	488
98	114
98	187
98	194
98	213
98	393
98	488
114	194
114	393
114	488
187	194
187	393
187	488
194	33
194	213
194	393
194	488
213	393
213	488
393	488
10	123
10	575
10	672
123	275
123	279
123	690
480	101
480	190
480	275
480	336
575	49
575	112
575	231
575	275
575	279
575	544
575	690
637	38
637	101
637	234
637	275
637	279
637	474
637	690
672	190
672	234
672	690
757	38
757	49
757	234
757	690
792	49
792	234
792	275
792	690
862	38
862	49
862	234
862	275
862	690
916	38
916	49
916	234
916	275
916	690
930	38
930	49
930	234
930	275
930	690
941	32
941	196
941	374
941	445
941	487
941	726
941	917
947	32
947	196
947	374
947	445
947	487
947	726
947	917
960	32
960	196
960	374
960	445
960	487
960	726
960	917
967	32
967	196
967	374
967	445
967	487
967	726
967	917
969	32
969	196
969	374
969	445
969	487
969	726
969	917
977	32
977	196
977	374
977	445
977	487
977	726
977	917
980	32
980	196
980	374
980	445
980	487
980	726
980	917
981	32
981	196
981	374
981	445
981	487
981	726
981	917
982	32
982	196
982	374
982	445
982	487
982	726
982	917
984	32
984	196
984	374
984	445
984	487
984	726
984	917
12	677
12	737
12	794
12	840
677	178
677	332
677	341
737	158
737	178
737	341
737	343
737	534
737	549
737	581
737	588
794	164
794	341
794	534
794	549
794	581
794	588
836	42
836	343
836	405
836	534
836	549
836	581
836	588
840	341
840	534
840	581
840	588
873	164
873	341
873	534
873	549
873	581
873	588
878	164
878	341
878	534
878	549
878	581
878	588
890	164
890	341
890	534
890	549
890	581
890	588
894	164
894	341
894	534
894	549
894	581
894	588
909	164
909	341
909	534
909	549
909	581
909	588
13	386
13	543
13	693
13	739
386	404
386	451
386	693
386	739
473	47
473	354
473	404
473	693
473	739
536	404
536	407
536	446
536	693
536	739
543	404
543	407
543	693
543	739
693	47
693	251
693	326
693	354
693	368
693	404
693	407
693	446
693	451
693	703
693	722
693	739
693	785
693	837
703	404
703	407
703	739
722	404
722	407
722	739
739	47
739	251
739	326
739	354
739	368
739	404
739	407
739	446
739	451
739	785
739	837
785	404
785	407
837	404
837	407
15	160
15	217
15	586
15	919
160	283
160	522
160	919
217	432
217	441
217	563
217	919
576	159
576	283
576	327
576	432
576	674
576	919
586	74
586	159
586	218
586	381
586	432
586	641
586	919
641	163
641	327
641	381
641	537
641	919
860	919
919	74
919	91
919	159
919	163
919	218
919	236
919	283
919	327
919	381
919	432
919	441
919	496
919	522
919	537
919	563
919	642
919	674
919	931
919	940
919	972
16	717
16	848
16	900
16	922
717	28
717	209
717	271
717	459
717	461
717	583
717	602
717	667
717	702
717	704
717	773
717	799
717	817
717	848
717	900
717	922
717	924
717	928
717	932
717	948
717	959
717	968
848	28
848	128
848	151
848	209
848	298
848	704
848	922
900	459
900	573
900	583
900	704
900	773
900	922
922	28
922	56
922	87
922	93
922	151
922	209
922	262
922	271
922	298
922	403
922	448
922	459
922	461
922	492
922	501
922	524
922	583
922	602
922	667
922	695
922	704
922	728
922	746
922	773
922	799
922	817
922	924
922	928
922	932
922	939
922	948
922	959
922	968
928	57
928	459
928	704
932	56
932	704
932	773
939	298
939	704
948	704
959	704
968	704
18	310
18	350
18	572
18	606
18	843
18	887
18	889
18	944
18	951
18	973
310	665
310	741
310	868
350	227
350	270
350	525
350	868
350	874
350	914
572	389
572	505
572	558
572	596
572	600
572	645
572	653
572	686
572	735
572	843
572	868
572	874
572	883
572	934
572	944
572	951
572	973
606	389
606	600
606	686
606	698
606	775
606	895
606	951
843	215
843	227
843	378
843	389
843	515
843	554
843	600
843	735
843	849
887	239
887	477
887	505
887	554
887	629
887	735
887	775
887	849
887	874
887	889
889	133
889	215
889	239
889	389
889	596
889	617
889	646
889	686
889	698
889	766
889	775
889	914
944	133
944	139
944	287
944	392
944	471
944	646
944	741
951	133
951	227
951	378
951	392
951	530
951	646
951	686
951	775
951	874
973	133
973	477
973	525
973	646
973	698
973	849
19	333
19	555
19	761
169	70
169	272
169	280
169	333
169	438
169	555
169	761
333	55
333	71
333	80
333	272
333	438
333	497
333	555
333	685
333	750
333	758
333	761
447	80
447	272
447	324
447	761
497	272
497	324
497	438
497	555
497	761
541	70
541	272
541	324
541	438
541	555
541	761
555	55
555	80
555	145
555	224
555	272
555	280
555	324
555	438
555	685
555	750
555	758
555	761
685	70
685	272
685	324
685	438
685	761
750	70
750	272
750	324
750	438
750	761
758	70
758	272
758	324
758	438
758	761
761	55
761	70
761	71
761	80
761	145
761	224
761	272
761	280
761	324
761	438
20	33
20	69
20	81
20	89
20	110
20	126
20	184
20	498
33	89
33	110
33	126
33	498
69	89
69	110
69	126
69	498
81	89
81	110
81	126
81	498
89	110
89	126
89	184
89	498
110	126
110	184
110	498
126	184
126	498
184	498
21	39
21	276
21	361
21	681
39	120
39	361
39	681
48	105
48	117
48	131
48	361
48	681
131	105
131	361
131	681
276	120
276	361
276	681
337	105
337	120
337	361
337	681
361	97
361	105
361	117
361	120
361	633
361	681
361	708
361	797
633	105
633	120
633	681
681	97
681	105
681	117
681	120
681	708
681	797
708	105
708	120
708	657
797	105
797	120
23	468
23	520
23	713
468	36
468	127
468	458
468	470
468	647
468	713
520	214
520	713
713	36
713	50
713	68
713	144
713	193
713	233
713	309
713	458
713	470
713	647
24	774
24	871
24	937
24	945
24	958
24	964
24	971
24	974
24	976
774	204
774	305
774	306
774	479
774	510
774	514
774	519
774	539
774	652
774	658
774	754
774	764
774	808
774	812
774	831
774	833
774	871
774	937
774	945
774	958
774	964
774	965
774	971
774	974
774	976
871	92
871	113
871	204
871	240
871	242
871	305
871	414
871	436
871	510
871	519
871	539
871	551
871	639
871	652
871	658
871	682
871	754
871	764
871	808
871	812
871	822
871	831
871	833
871	937
871	945
871	958
871	964
871	965
871	971
871	974
871	976
937	54
937	113
937	122
937	147
937	204
937	240
937	242
937	288
937	305
937	306
937	414
937	436
937	479
937	510
937	514
937	519
937	539
937	551
937	580
937	639
937	652
937	658
937	682
937	754
937	764
937	808
937	812
937	822
937	831
937	833
937	945
937	958
937	964
937	965
937	971
937	974
937	976
945	54
945	92
945	113
945	122
945	147
945	204
945	240
945	242
945	288
945	305
945	306
945	414
945	436
945	479
945	510
945	514
945	519
945	539
945	551
945	580
945	639
945	652
945	658
945	682
945	754
945	764
945	808
945	812
945	822
945	831
945	833
945	958
945	964
945	965
945	971
945	974
945	976
958	54
958	92
958	113
958	122
958	147
958	204
958	240
958	242
958	288
958	305
958	306
958	414
958	436
958	479
958	510
958	514
958	519
958	539
958	551
958	580
958	639
958	652
958	658
958	682
958	754
958	764
958	808
958	812
958	822
958	831
958	833
958	964
958	965
958	971
958	974
958	976
964	54
964	92
964	113
964	122
964	147
964	204
964	240
964	242
964	288
964	305
964	306
964	414
964	436
964	479
964	510
964	514
964	519
964	539
964	551
964	580
964	639
964	652
964	658
964	682
964	754
964	764
964	808
964	812
964	822
964	831
964	833
964	965
964	971
964	974
964	976
965	54
965	113
965	122
965	147
965	204
965	240
965	242
965	288
965	305
965	306
965	414
965	436
965	479
965	510
965	514
965	519
965	539
965	551
965	580
965	639
965	652
965	658
965	682
965	754
965	764
965	808
965	812
965	822
965	831
965	833
965	971
965	974
965	976
971	54
971	92
971	113
971	122
971	147
971	204
971	240
971	242
971	288
971	305
971	306
971	414
971	436
971	479
971	510
971	514
971	519
971	539
971	551
971	580
971	639
971	652
971	658
971	682
971	754
971	808
971	812
971	822
971	831
971	974
971	976
974	54
974	92
974	113
974	147
974	204
974	240
974	242
974	288
974	305
974	306
974	414
974	436
974	479
974	510
974	514
974	519
974	539
974	551
974	580
974	652
974	658
974	682
974	754
974	764
974	808
974	812
974	822
974	833
974	976
976	54
976	92
976	113
976	122
976	147
976	204
976	240
976	242
976	288
976	305
976	306
976	414
976	436
976	479
976	510
976	514
976	519
976	539
976	551
976	580
976	639
976	652
976	658
976	682
976	754
976	764
976	808
976	812
976	822
976	831
976	833
25	559
25	829
559	430
559	546
559	607
559	664
559	729
753	180
753	211
753	268
753	415
753	557
753	781
829	149
829	182
829	464
829	503
829	557
829	664
829	781
854	149
854	360
854	464
854	557
854	664
854	781
888	182
888	211
888	464
888	557
888	664
888	781
902	149
902	182
902	211
902	464
902	557
902	664
902	781
915	149
915	182
915	211
915	464
915	557
915	664
926	149
926	182
926	211
926	464
926	557
926	664
926	781
935	149
935	182
935	211
935	464
935	557
935	664
935	781
936	149
936	182
936	211
936	464
936	557
936	664
936	781
26	83
26	170
26	181
26	338
83	170
83	181
83	205
83	284
83	300
83	338
83	340
83	385
83	418
170	181
170	205
170	284
170	300
170	338
170	340
170	385
170	418
181	338
205	338
284	338
300	338
338	340
338	385
338	418
27	220
27	250
27	267
27	313
27	529
27	562
27	569
27	749
27	825
220	63
220	100
220	250
220	267
220	313
220	529
220	562
220	569
220	668
220	749
220	825
250	58
250	100
250	267
250	313
250	529
250	562
250	569
250	668
250	749
250	825
267	58
267	103
267	313
267	529
267	562
267	569
267	668
267	749
267	825
313	63
313	100
313	103
313	529
313	562
313	569
313	668
313	749
313	825
529	58
529	63
529	100
529	103
529	562
529	569
529	668
529	749
529	825
562	58
562	63
562	100
562	103
562	569
562	668
562	749
562	825
569	58
569	63
569	100
569	103
569	668
569	749
569	825
668	58
668	63
668	100
668	103
668	749
668	825
749	58
749	63
749	100
749	103
749	825
825	58
825	63
825	100
825	103
28	501
501	461
501	524
501	602
30	401
30	462
30	486
30	743
30	751
30	828
30	876
30	904
30	905
30	954
401	72
401	132
401	394
401	512
401	518
401	526
401	743
401	751
401	828
401	876
401	904
401	905
401	954
462	108
462	132
462	285
462	410
462	512
462	518
462	542
462	743
462	751
462	828
462	876
462	904
462	905
462	954
486	95
486	132
486	185
486	241
486	394
486	512
486	518
486	526
486	743
486	751
486	828
486	876
486	904
486	905
486	954
743	41
743	53
743	72
743	95
743	108
743	132
743	185
743	241
743	285
743	394
743	512
743	518
743	526
743	542
743	751
743	828
743	876
743	904
743	905
743	954
751	41
751	53
751	72
751	95
751	108
751	132
751	185
751	285
751	394
751	410
751	518
751	526
751	542
751	828
751	876
751	904
751	905
751	954
828	41
828	53
828	72
828	95
828	108
828	132
828	185
828	241
828	285
828	394
828	410
828	512
828	518
828	526
828	542
828	876
828	904
828	905
828	954
876	41
876	53
876	72
876	95
876	108
876	185
876	241
876	285
876	394
876	410
876	512
876	518
876	526
876	542
876	904
876	905
876	954
904	41
904	53
904	72
904	95
904	108
904	132
904	185
904	241
904	285
904	394
904	410
904	512
904	518
904	526
904	542
904	905
904	954
905	41
905	53
905	72
905	95
905	108
905	132
905	185
905	241
905	285
905	394
905	410
905	512
905	518
905	526
905	542
905	954
954	41
954	53
954	72
954	95
954	108
954	132
954	185
954	241
954	285
954	394
954	410
954	512
954	518
954	526
954	542
31	748
31	772
31	805
31	870
31	961
715	152
715	237
715	495
715	506
715	805
715	813
715	961
732	342
732	429
732	506
732	660
732	748
732	787
732	805
732	813
732	961
748	247
748	660
748	787
748	805
748	813
748	961
772	76
772	142
772	398
772	787
772	805
772	813
772	961
805	94
805	152
805	237
805	238
805	316
805	398
805	429
805	495
805	506
805	509
805	611
805	660
805	769
805	813
805	841
805	870
805	907
805	946
805	953
805	955
805	961
870	238
870	787
870	813
870	961
946	787
946	813
946	961
953	787
953	813
953	961
955	787
955	813
955	961
961	76
961	82
961	94
961	142
961	152
961	212
961	237
961	238
961	247
961	291
961	316
961	329
961	342
961	398
961	426
961	429
961	467
961	495
961	506
961	509
961	611
961	660
961	769
961	787
961	813
961	841
961	907
34	991
34	1000
985	172
985	453
985	830
985	1000
991	35
991	46
991	102
991	172
991	453
991	830
991	1000
993	172
993	453
993	830
993	1000
994	172
994	453
994	830
994	1000
995	172
995	453
995	830
995	1000
996	172
996	453
996	830
996	1000
997	172
997	453
997	830
997	1000
998	172
998	453
998	830
998	1000
999	172
999	453
999	830
999	1000
1000	35
1000	46
1000	73
1000	84
1000	102
1000	263
1000	289
1000	353
1000	365
1000	372
1000	387
1000	402
1000	420
1000	453
1000	504
1000	593
1000	594
1000	609
1000	662
1000	697
1000	723
1000	733
1000	756
1000	777
1000	780
1000	795
1000	830
1000	842
1000	855
1000	950
1000	952
1000	962
1000	978
1000	983
1000	986
1000	987
1000	989
1000	990
1000	992
986	453
986	830
992	172
992	453
992	830
36	68
38	454
38	474
38	670
38	730
454	101
454	234
454	690
474	231
474	275
670	112
670	190
670	234
670	275
670	690
690	49
690	112
690	190
690	231
690	234
690	279
690	336
690	544
690	640
690	730
730	49
730	275
97	120
120	105
120	117
41	241
41	518
41	526
241	108
241	410
241	512
241	526
518	95
518	108
518	394
518	512
518	542
526	53
526	72
526	394
526	410
526	542
42	649
42	689
649	164
649	332
649	341
649	549
649	588
649	654
689	52
689	534
689	556
689	581
706	158
706	164
706	343
706	344
706	534
706	549
850	164
850	341
850	344
850	534
850	549
850	581
850	588
44	481
552	265
45	171
45	369
45	589
45	770
171	168
171	320
171	369
171	770
369	86
369	153
369	254
369	299
564	137
564	162
564	191
564	320
564	533
564	770
589	191
589	254
589	299
589	770
630	60
630	168
630	191
630	293
630	533
630	770
770	60
770	86
770	137
770	153
770	162
770	191
770	252
770	254
770	293
770	299
770	320
770	390
770	533
770	540
770	571
770	716
770	819
770	835
770	847
770	859
819	60
835	60
847	60
859	60
47	368
354	404
354	407
354	451
368	407
105	117
49	234
49	640
234	640
640	112
640	279
640	336
51	523
51	585
51	673
51	736
51	804
523	253
523	618
523	673
523	736
523	804
585	618
585	673
585	736
585	804
612	253
612	618
612	673
612	736
612	804
673	150
673	155
673	197
673	253
673	259
673	307
673	355
673	382
673	614
673	618
673	651
673	718
673	736
673	783
673	804
673	810
673	886
718	253
718	618
718	736
718	804
736	150
736	155
736	197
736	253
736	259
736	307
736	355
736	382
736	614
736	618
736	622
736	651
736	783
736	804
736	810
736	886
783	253
783	618
783	804
804	150
804	155
804	197
804	253
804	259
804	307
804	355
804	382
804	614
804	618
804	622
804	651
804	810
804	886
810	253
810	618
886	253
886	618
657	164
657	341
657	399
657	405
657	534
657	581
53	512
512	285
512	410
512	542
54	764
54	831
764	113
764	288
764	436
764	551
764	580
764	652
764	658
764	682
764	754
764	808
764	812
764	822
764	831
831	147
831	240
831	305
831	414
831	479
831	539
831	551
831	580
831	652
831	658
831	682
831	754
831	808
831	822
831	833
55	80
55	324
55	438
324	71
324	145
324	224
324	438
438	70
438	71
438	224
438	280
56	667
667	93
667	492
667	573
702	93
702	286
702	461
702	573
702	704
817	93
817	128
817	262
817	286
817	602
817	695
924	198
924	461
924	583
924	704
57	583
57	695
57	773
583	87
583	151
583	209
583	524
695	198
695	271
695	298
695	799
773	128
773	198
773	704
58	63
58	100
63	103
229	156
229	434
452	65
452	203
452	216
452	380
545	156
545	161
545	210
545	434
60	320
60	390
60	533
60	571
320	293
320	390
390	571
533	86
533	252
533	254
571	153
571	252
571	293
566	118
566	177
566	232
566	460
566	499
566	570
566	592
566	632
566	666
566	711
566	767
711	176
711	177
711	199
711	245
711	352
711	383
711	460
711	499
711	570
711	592
711	632
711	666
711	767
767	75
767	118
767	199
767	232
767	245
767	352
767	383
767	460
767	499
767	570
767	592
767	632
767	666
64	260
64	292
64	379
64	491
64	603
260	277
260	292
260	379
260	412
260	433
260	444
260	491
260	603
277	292
277	379
277	491
277	603
292	379
292	412
292	433
292	444
292	491
292	603
379	412
379	433
379	444
379	491
379	603
412	491
412	603
433	491
433	603
444	491
444	603
491	603
65	135
65	434
135	156
434	143
434	161
434	216
434	380
434	384
647	144
70	145
70	272
70	280
272	280
72	285
285	108
285	394
285	542
74	496
74	563
496	432
522	236
522	283
522	327
522	674
563	91
563	441
563	537
563	674
674	159
674	218
75	570
75	666
570	118
570	199
570	352
570	383
570	499
570	632
570	666
666	199
666	232
666	245
666	352
666	383
666	460
666	499
666	592
666	632
76	787
76	813
769	82
769	291
769	316
769	398
769	787
769	813
787	94
787	142
787	238
787	316
787	398
787	426
787	429
787	467
787	495
787	506
787	509
787	611
787	660
787	813
787	907
813	94
813	142
813	212
813	237
813	247
813	291
813	316
813	342
813	429
813	467
813	506
813	509
813	611
813	660
813	907
77	186
77	687
77	712
186	623
186	712
186	738
548	85
548	148
548	246
548	311
548	364
548	671
548	687
548	768
687	79
687	85
687	138
687	146
687	246
687	248
687	311
687	364
687	413
687	605
687	623
687	671
687	712
687	738
687	760
687	762
687	768
687	892
687	913
687	966
712	79
712	85
712	88
712	138
712	148
712	200
712	248
712	364
712	413
712	605
712	623
712	671
712	738
712	760
712	762
712	768
712	892
712	913
712	966
738	88
738	138
738	413
760	79
760	88
760	146
762	88
762	138
762	146
762	200
892	88
892	146
913	88
913	146
966	88
966	146
79	413
413	140
413	146
413	605
671	88
671	146
671	246
768	88
768	146
768	364
660	142
660	329
660	342
660	429
660	506
841	467
841	495
85	200
85	605
605	138
605	140
86	540
540	162
540	168
540	191
540	293
716	137
716	254
716	710
87	492
87	573
492	704
492	728
492	746
573	151
573	403
88	623
623	138
623	146
623	248
90	349
90	610
90	619
349	315
349	584
349	610
349	619
349	631
349	694
349	734
349	786
349	832
349	857
349	880
349	979
610	249
610	274
610	278
610	296
610	359
610	373
610	457
610	538
610	619
610	634
610	694
610	734
610	786
610	832
610	857
610	880
610	979
619	457
619	538
619	694
694	99
694	359
694	435
734	99
734	274
734	359
734	435
734	457
786	359
786	435
786	457
832	359
832	435
832	457
857	359
857	435
857	457
880	359
880	435
880	457
979	359
979	435
979	457
91	441
441	283
441	381
441	432
537	163
642	159
642	163
642	236
642	327
642	432
92	808
92	822
808	204
808	242
808	288
808	436
808	479
808	510
808	539
808	580
808	639
808	682
808	754
808	812
808	822
808	833
822	122
822	240
822	306
822	414
822	479
822	510
822	514
822	519
822	539
822	639
822	658
822	754
822	812
822	833
93	602
602	524
602	704
602	728
95	542
542	132
542	185
542	394
542	410
96	550
96	696
96	699
96	709
96	789
550	235
550	318
550	397
550	437
550	567
550	709
550	789
550	800
696	141
696	202
696	207
696	235
696	255
696	397
696	709
696	710
696	789
699	141
699	202
699	264
699	318
699	449
699	547
699	709
699	789
709	141
709	235
709	255
709	318
709	449
709	476
709	482
709	547
709	567
709	620
709	644
709	710
709	779
709	789
709	800
709	845
709	846
709	897
779	255
779	318
779	437
779	476
779	482
779	547
779	789
789	141
789	207
789	235
789	255
789	318
789	397
789	437
789	449
789	476
789	482
789	528
789	547
789	567
789	620
789	644
789	710
789	800
789	845
789	846
789	897
800	202
800	318
800	397
800	449
800	547
845	202
845	318
845	397
845	547
846	202
846	318
846	397
846	547
897	202
897	318
897	397
897	547
99	435
435	249
435	278
435	294
435	296
435	373
435	457
435	634
584	219
584	249
584	315
584	373
584	457
101	231
101	336
231	544
106	139
106	617
106	735
106	874
139	629
139	653
139	790
139	868
139	883
139	895
617	596
617	665
617	741
617	766
617	790
617	883
735	287
735	392
735	646
735	653
735	698
735	766
735	934
874	133
874	227
874	287
874	389
874	505
874	530
874	895
914	215
914	227
914	378
914	525
914	530
914	646
914	686
914	790
914	849
934	471
934	596
934	645
934	646
934	686
934	741
934	895
109	752
752	154
752	225
752	297
752	358
752	367
752	485
752	615
752	624
752	626
752	692
544	275
116	747
116	885
747	577
885	173
885	221
885	527
885	628
885	802
118	460
460	177
122	479
479	658
479	682
479	754
125	201
125	295
125	456
125	466
125	478
125	493
125	578
125	616
125	724
125	801
125	853
201	295
201	345
201	456
201	478
201	493
201	578
201	616
201	724
201	801
201	853
295	304
295	423
295	466
295	478
295	493
295	531
295	578
295	616
295	724
295	801
295	853
456	189
456	321
456	478
466	321
466	395
466	423
478	321
493	304
493	321
578	321
616	321
724	321
801	321
853	321
127	214
214	233
214	458
128	728
728	448
728	704
728	799
130	811
130	851
130	864
130	866
130	879
130	884
130	893
130	896
130	903
130	906
130	918
811	375
811	406
811	419
811	427
811	465
811	469
811	472
811	483
811	484
811	613
811	683
811	721
811	821
811	834
811	851
811	858
811	864
811	865
811	866
811	879
811	884
811	893
811	903
811	906
851	223
851	346
851	370
851	375
851	396
851	406
851	419
851	427
851	465
851	469
851	472
851	483
851	484
851	613
851	683
851	721
851	821
851	834
851	858
851	864
851	865
851	866
851	879
851	884
851	893
851	896
851	903
851	906
851	918
864	223
864	244
864	346
864	370
864	375
864	396
864	406
864	419
864	427
864	465
864	469
864	472
864	483
864	484
864	613
864	683
864	721
864	821
864	834
864	858
864	865
864	866
864	879
864	884
864	893
864	896
864	903
864	906
864	918
866	223
866	244
866	346
866	370
866	375
866	396
866	406
866	419
866	427
866	465
866	469
866	472
866	483
866	484
866	613
866	683
866	721
866	821
866	834
866	858
866	865
866	879
866	884
866	893
866	896
866	903
866	906
866	918
879	174
879	223
879	244
879	346
879	370
879	375
879	396
879	406
879	419
879	427
879	465
879	469
879	472
879	483
879	484
879	613
879	683
879	721
879	821
879	834
879	858
879	865
879	884
879	893
879	896
879	903
879	906
879	918
884	174
884	223
884	244
884	346
884	370
884	375
884	396
884	406
884	419
884	427
884	465
884	469
884	472
884	483
884	484
884	613
884	683
884	721
884	821
884	834
884	858
884	865
884	893
884	896
884	903
884	906
884	918
893	174
893	223
893	244
893	346
893	370
893	375
893	396
893	406
893	419
893	427
893	465
893	469
893	472
893	483
893	484
893	613
893	683
893	721
893	821
893	834
893	858
893	865
893	896
893	903
893	906
893	918
896	174
896	223
896	244
896	346
896	370
896	375
896	396
896	406
896	419
896	427
896	465
896	469
896	472
896	483
896	484
896	613
896	683
896	721
896	821
896	834
896	858
896	865
896	903
896	906
903	174
903	223
903	244
903	346
903	370
903	375
903	396
903	406
903	419
903	427
903	465
903	469
903	472
903	483
903	484
903	613
903	683
903	721
903	821
903	834
903	858
903	865
903	906
903	918
906	174
906	223
906	244
906	346
906	370
906	375
906	396
906	406
906	419
906	427
906	465
906	469
906	472
906	483
906	484
906	613
906	683
906	721
906	821
906	834
906	858
906	865
906	918
918	174
918	223
918	244
918	346
918	370
918	375
918	396
918	406
918	419
918	427
918	465
918	469
918	472
918	483
918	484
918	613
918	683
918	721
918	821
918	834
918	858
918	865
133	645
133	646
133	766
133	775
133	849
133	868
645	471
645	554
645	558
645	766
645	883
646	378
646	505
646	525
646	554
646	558
646	686
646	766
646	790
646	849
646	868
646	883
646	895
766	239
766	477
766	525
766	596
766	790
766	883
775	558
775	596
775	665
849	392
849	505
849	515
849	629
849	665
849	686
868	525
868	530
868	554
868	596
868	629
868	698
156	216
156	322
203	210
322	143
927	196
927	374
927	445
927	487
927	726
927	917
137	293
600	515
600	554
600	883
600	895
629	239
629	515
629	525
629	554
629	558
629	596
629	653
629	665
653	270
653	392
653	505
653	554
653	558
653	596
653	790
790	215
790	389
790	477
790	525
790	686
790	698
790	883
883	239
883	392
883	471
883	515
883	554
883	698
883	741
895	239
895	270
895	378
895	515
895	530
895	596
895	665
248	311
248	364
141	449
141	482
449	202
449	235
449	397
482	207
482	264
482	318
482	437
482	547
710	202
710	255
710	281
710	528
143	384
384	210
384	216
144	458
147	812
812	288
812	305
812	436
812	514
812	519
812	539
812	551
812	580
812	639
812	652
812	658
812	682
812	754
812	833
148	364
149	568
149	729
149	856
149	908
568	323
568	356
568	430
568	781
729	222
729	360
729	464
729	557
729	664
729	781
856	182
856	664
856	781
908	182
908	211
908	464
908	557
908	664
908	781
150	618
618	155
618	259
618	307
618	355
618	382
618	614
618	622
618	651
622	253
651	253
152	247
152	426
247	509
426	467
614	253
216	210
157	173
157	679
157	802
157	910
173	376
173	527
679	376
679	527
679	638
802	243
802	582
910	221
910	376
158	534
158	549
534	399
534	513
534	588
549	178
549	341
549	581
549	588
549	654
159	327
162	299
164	588
588	513
588	556
588	581
588	654
376	411
376	727
174	821
174	834
174	858
174	865
821	244
821	375
821	396
821	419
821	427
821	465
821	469
821	472
821	483
821	484
821	613
821	683
821	721
821	834
821	858
821	865
834	346
834	370
834	396
834	406
834	419
834	427
834	465
834	469
834	472
834	483
834	484
834	613
834	683
834	721
834	858
834	865
858	223
858	244
858	346
858	370
858	375
858	396
858	406
858	419
858	427
858	469
858	472
858	483
858	484
858	613
858	683
858	721
858	865
865	223
865	244
865	346
865	370
865	375
865	396
865	406
865	419
865	427
865	465
865	469
865	472
865	483
865	484
865	613
865	683
865	721
176	383
176	632
383	592
383	632
632	177
632	199
632	245
632	352
632	410
632	592
177	592
592	232
592	499
180	664
180	731
664	211
664	334
664	415
664	503
664	597
664	625
664	731
664	806
731	268
731	464
731	557
731	625
731	781
182	781
182	806
781	222
781	268
781	323
781	356
781	360
781	415
781	546
781	557
781	597
781	607
781	625
781	759
806	211
806	323
806	334
806	430
806	464
806	557
185	410
410	394
189	304
189	531
304	395
304	423
395	345
531	321
193	309
309	233
198	799
799	286
799	704
345	303
345	321
202	318
202	567
202	620
318	281
318	397
567	397
567	528
567	547
567	644
620	264
620	397
620	528
620	547
207	281
207	528
281	437
281	547
281	644
528	255
528	547
211	546
546	360
546	430
546	759
212	495
212	509
495	329
495	398
495	611
611	237
611	398
215	525
215	698
525	558
525	665
698	239
698	392
698	505
698	558
432	381
219	538
219	631
373	296
373	359
538	359
631	249
631	359
631	457
634	278
634	294
634	315
634	359
634	457
221	243
221	411
243	638
411	417
411	663
222	759
759	356
759	464
759	557
225	720
720	297
720	358
720	367
720	485
720	615
720	624
720	626
720	692
227	686
686	392
686	471
686	477
235	397
235	547
397	547
397	644
547	264
547	644
237	506
239	515
239	741
515	270
515	287
515	530
741	287
240	652
652	414
652	436
652	519
652	551
652	639
652	658
652	833
242	754
242	833
754	288
754	306
754	510
754	514
754	551
754	580
754	682
754	833
833	288
833	306
833	414
833	510
833	514
833	519
833	539
833	551
833	580
833	639
833	682
638	577
638	663
638	727
245	352
245	499
352	499
251	404
251	451
404	326
404	407
446	326
446	407
451	407
476	437
476	644
644	264
644	437
257	265
265	351
258	577
258	628
577	663
628	362
628	582
628	663
628	727
262	524
524	704
268	557
557	430
557	625
270	530
270	665
530	389
530	558
665	471
665	558
274	457
457	294
457	359
278	315
315	359
287	378
378	558
990	453
990	830
290	917
901	374
901	445
901	487
901	726
901	917
917	317
917	325
917	363
917	374
917	408
917	409
917	421
917	424
917	425
917	442
917	445
917	450
917	487
917	590
917	726
917	745
917	816
917	818
917	824
423	303
423	321
298	746
746	448
746	459
746	704
303	321
305	658
658	436
658	539
658	580
658	682
306	682
682	510
682	519
682	551
682	580
316	467
467	329
323	503
503	464
326	407
332	654
654	399
654	513
334	356
356	597
343	581
581	344
581	405
581	513
597	464
360	607
607	625
363	816
816	374
816	445
816	487
816	726
987	453
987	830
370	721
721	465
721	472
721	483
721	484
721	613
721	683
471	505
558	392
556	405
403	448
403	704
448	704
704	459
824	445
824	487
824	726
414	436
989	453
989	830
487	818
818	726
983	830
510	514
514	580
514	639
580	639
639	519
639	539
639	551
590	726
726	745
952	830
962	830
978	830
613	683
855	830
950	830
842	830
723	830
830	733
830	756
830	777
830	780
830	795
#End Disappearing Edges

*Newborn Edges
3	380
3	452
3	545
266	126
266	133
266	366
266	452
366	126
366	161
366	203
380	65
380	384
380	545
452	126
452	135
452	161
452	627
452	688
545	133
545	203
545	229
545	322
545	384
621	65
621	126
621	133
621	135
621	143
621	229
627	126
627	133
627	203
627	229
688	65
688	126
688	133
688	143
814	126
814	133
970	126
970	133
4	661
4	782
4	885
4	933
661	361
661	411
661	527
661	628
661	755
661	782
661	885
661	933
755	157
755	243
755	376
755	527
755	613
755	638
755	663
755	771
755	782
755	933
782	6
782	208
782	361
782	376
782	411
782	527
782	577
782	613
782	638
782	727
782	763
782	771
782	802
782	807
782	861
782	869
782	885
782	910
782	921
782	933
782	942
782	943
861	6
861	157
861	265
861	361
861	388
861	613
861	679
861	933
869	173
869	376
869	411
869	582
869	613
869	628
869	727
869	933
885	6
885	89
885	361
885	613
885	679
885	921
885	933
921	89
921	173
921	243
921	265
921	361
921	613
921	933
933	89
933	157
933	173
933	208
933	243
933	258
933	265
933	361
933	362
933	376
933	388
933	411
933	417
933	508
933	527
933	577
933	582
933	613
933	628
933	638
933	663
933	679
933	727
933	747
933	763
933	771
933	802
933	807
933	809
933	910
933	942
933	943
942	89
942	265
942	361
942	613
943	89
943	265
943	361
943	613
5	127
5	520
5	647
5	709
127	434
127	635
127	709
520	36
520	193
520	233
520	434
520	709
520	725
635	23
635	36
635	68
635	309
635	434
635	709
647	23
647	36
647	193
647	434
647	709
709	23
709	36
709	68
709	193
709	233
709	309
709	434
709	458
709	470
709	725
709	742
709	778
709	912
709	988
725	193
725	434
742	36
742	434
778	434
912	434
988	434
6	577
6	663
6	802
6	910
577	362
577	411
577	508
577	628
577	727
663	89
663	747
663	763
663	910
802	173
802	208
802	258
802	508
802	613
802	628
802	638
809	208
809	243
809	361
809	417
809	508
809	613
910	265
910	361
910	613
7	692
7	740
692	109
692	154
692	225
692	740
740	109
740	154
740	225
740	297
740	358
740	367
740	485
740	615
740	624
740	626
740	744
740	793
740	798
740	815
740	820
740	823
740	844
740	852
8	80
8	224
8	447
8	483
8	497
8	541
8	581
8	685
8	750
8	758
80	224
80	483
80	581
224	483
224	581
447	169
447	483
447	581
483	19
483	55
483	71
483	145
483	169
483	280
483	497
483	541
483	581
483	685
483	750
483	758
497	55
497	169
497	280
497	581
541	55
541	169
541	340
541	581
581	19
581	55
581	71
581	145
581	169
581	280
581	685
581	750
581	758
9	49
9	228
9	720
9	752
49	114
49	187
49	213
49	228
49	720
49	752
114	228
114	720
114	752
187	228
187	720
187	752
213	228
213	720
213	752
10	640
10	704
10	730
480	112
480	637
480	640
480	704
637	112
637	196
637	231
637	544
637	575
637	704
640	123
640	190
640	231
640	704
704	101
704	123
704	190
704	231
704	279
704	336
704	454
704	474
704	544
704	575
704	670
704	672
704	730
704	757
704	792
704	862
704	916
704	930
730	101
730	196
757	101
757	196
792	196
862	196
916	196
930	196
941	118
941	352
941	511
941	761
941	781
947	118
947	352
947	511
947	761
947	781
960	118
960	352
960	511
960	761
960	781
967	118
967	352
967	511
967	761
967	781
969	118
969	352
969	511
969	761
969	781
977	118
977	352
977	511
977	761
977	781
980	118
980	352
980	511
980	761
980	781
981	118
981	352
981	511
981	761
981	781
982	118
982	352
982	511
982	761
982	781
984	118
984	352
984	511
984	761
984	781
12	649
12	654
12	706
12	850
649	178
649	343
649	657
649	677
649	787
649	805
654	42
654	343
654	657
654	787
654	805
706	178
706	405
706	737
706	794
706	805
836	20
836	32
836	88
836	513
836	737
836	787
836	805
850	20
850	32
850	88
850	158
850	787
850	805
873	20
873	32
873	88
873	787
873	805
878	20
878	32
878	88
878	787
878	805
890	20
890	32
890	88
890	787
890	805
894	20
894	32
894	88
894	787
894	805
909	20
909	32
909	88
909	787
909	805
13	326
13	446
13	451
13	879
326	368
326	386
326	464
326	879
446	211
446	354
446	379
446	879
451	47
451	211
451	464
451	473
451	879
473	211
473	379
473	464
473	879
536	211
536	354
536	379
536	464
536	879
703	211
703	379
703	464
703	879
703	929
722	211
722	379
722	464
722	879
785	211
785	379
785	464
785	879
837	211
837	379
837	464
837	879
879	47
879	211
879	251
879	354
879	368
879	379
879	386
879	464
879	543
15	149
15	618
15	642
15	674
149	432
149	537
149	586
149	641
149	642
149	674
149	860
149	931
149	940
149	972
576	74
576	160
576	537
576	563
576	569
576	641
618	91
618	218
618	283
618	327
618	432
618	441
618	522
618	537
618	563
618	569
618	586
618	641
618	642
618	674
618	860
618	931
618	940
618	972
641	159
641	236
641	569
642	74
642	381
642	569
674	327
674	432
674	569
860	569
931	569
940	569
972	569
16	702
16	746
16	799
16	924
702	298
702	448
702	492
702	695
702	932
746	128
746	404
746	461
746	501
746	602
799	28
799	262
799	403
799	404
799	524
799	602
924	28
924	57
924	93
924	404
924	602
928	56
928	87
928	198
928	404
928	461
932	93
932	271
932	404
932	848
939	93
939	404
939	573
948	128
948	404
959	404
968	404
18	64
18	245
18	277
18	412
18	433
18	444
18	479
18	717
18	828
64	245
64	479
64	717
64	828
245	277
245	412
245	433
245	444
245	479
245	717
245	828
277	479
277	717
277	828
412	479
412	717
412	828
433	479
433	717
433	828
444	479
444	717
444	828
479	717
479	828
717	828
19	71
71	280
169	55
169	145
20	657
20	787
20	840
657	689
657	737
657	787
657	805
787	42
787	88
787	158
787	332
787	343
787	344
787	405
787	513
787	556
787	677
787	689
787	737
787	794
787	840
840	32
840	88
840	805
21	117
21	170
21	324
21	333
48	170
48	276
48	324
48	333
117	39
117	131
117	324
117	333
131	170
131	324
131	333
170	39
170	276
170	324
170	333
170	337
170	633
170	708
170	797
324	39
324	97
324	276
324	333
324	337
324	633
324	708
324	797
333	39
333	97
333	276
333	337
333	633
333	708
333	797
337	97
23	309
23	458
309	434
309	458
458	36
458	233
458	434
24	557
24	561
24	570
24	680
24	705
24	719
24	751
24	864
24	875
557	125
557	202
557	468
557	498
557	512
557	517
557	561
557	570
557	664
557	678
557	680
557	705
557	719
557	751
557	864
557	875
557	965
561	125
561	407
561	468
561	498
561	512
561	517
561	587
561	664
561	678
561	680
561	705
561	719
561	751
561	864
561	875
561	965
570	98
570	202
570	468
570	498
570	512
570	517
570	587
570	664
570	678
570	680
570	705
570	719
570	751
570	864
570	875
570	965
680	92
680	98
680	202
680	275
680	407
680	468
680	498
680	517
680	587
680	664
680	678
680	705
680	719
680	751
680	864
680	875
680	965
705	92
705	125
705	202
705	275
705	407
705	468
705	498
705	512
705	517
705	587
705	664
705	678
705	719
705	751
705	864
705	875
705	965
719	92
719	98
719	125
719	202
719	275
719	407
719	468
719	498
719	512
719	517
719	587
719	664
719	678
719	751
719	864
719	875
719	965
751	92
751	98
751	125
751	202
751	275
751	407
751	468
751	498
751	517
751	587
751	664
751	678
751	864
751	875
751	965
864	92
864	98
864	125
864	202
864	275
864	407
864	468
864	498
864	512
864	517
864	587
864	664
864	678
864	875
864	965
875	92
875	98
875	125
875	202
875	275
875	407
875	468
875	498
875	512
875	517
875	587
875	664
875	678
875	965
965	98
965	125
965	202
965	275
965	407
965	468
965	498
965	512
965	517
965	587
965	664
965	678
25	806
25	908
753	360
753	430
753	503
753	546
753	568
753	830
806	180
806	222
806	415
806	607
806	625
806	830
806	902
854	268
854	356
854	559
854	759
854	830
854	902
888	323
888	356
888	729
888	830
902	323
902	830
908	334
908	830
915	546
915	830
926	830
935	830
936	830
26	116
26	646
26	770
26	804
116	181
116	205
116	284
116	300
116	340
116	385
116	418
116	646
116	770
116	804
205	646
205	770
205	804
284	646
284	770
284	804
300	646
300	770
300	804
340	646
340	770
340	804
385	646
385	770
385	804
418	646
418	770
418	804
646	181
646	770
646	804
770	181
770	804
804	181
27	38
27	580
27	690
27	822
27	827
27	863
27	876
27	884
27	922
38	580
38	668
38	822
38	827
38	863
38	876
38	884
38	922
580	105
580	132
580	301
580	374
580	445
580	460
580	555
580	592
580	668
580	690
580	822
580	827
580	863
580	876
580	884
580	922
668	132
668	144
668	147
668	210
668	253
668	301
668	374
668	445
668	460
668	555
668	592
668	690
668	822
668	827
668	863
668	876
668	884
668	922
690	105
690	132
690	144
690	147
690	210
690	253
690	301
690	374
690	445
690	460
690	555
690	592
690	822
690	827
690	863
690	876
690	884
690	922
822	105
822	132
822	144
822	210
822	253
822	301
822	374
822	445
822	460
822	555
822	592
822	827
822	863
822	876
822	884
822	922
827	105
827	132
827	144
827	147
827	253
827	301
827	374
827	445
827	460
827	555
827	592
827	863
827	876
827	884
827	922
863	105
863	132
863	144
863	147
863	210
863	253
863	301
863	374
863	445
863	460
863	555
863	592
863	876
863	884
863	922
876	105
876	144
876	147
876	210
876	253
876	301
876	374
876	445
876	460
876	555
876	592
876	884
876	922
884	105
884	132
884	144
884	147
884	210
884	253
884	301
884	374
884	445
884	460
884	555
884	592
884	922
922	105
922	132
922	144
922	147
922	210
922	253
922	301
922	374
922	445
922	460
922	555
922	592
28	524
28	602
524	151
524	448
524	695
524	728
602	404
602	492
602	573
602	900
31	142
31	152
31	429
31	467
31	907
142	342
142	429
142	611
142	841
152	495
152	509
152	660
152	870
429	342
429	398
429	467
429	772
467	238
467	291
467	453
467	495
467	660
715	63
715	76
715	238
715	342
715	398
715	732
715	772
732	76
732	82
732	316
732	329
732	398
732	453
732	509
732	611
907	63
907	453
946	63
946	453
953	63
953	453
955	63
955	453
32	677
32	794
677	805
794	42
794	158
794	332
794	805
33	214
33	739
33	961
69	214
69	739
69	961
81	214
81	739
81	961
184	214
184	739
184	961
214	739
214	961
739	961
34	986
34	992
985	35
985	73
986	46
986	102
992	46
993	102
994	84
995	35
44	260
44	351
44	475
44	713
260	439
260	475
260	481
260	502
260	552
260	601
260	636
260	684
260	713
260	714
260	949
351	257
351	439
351	713
475	192
475	713
552	60
552	111
552	713
601	60
601	713
636	60
636	713
684	60
684	713
713	60
713	111
713	192
713	257
713	439
713	481
713	502
713	714
713	949
714	60
949	60
45	299
45	533
45	540
45	716
299	86
299	540
299	572
533	137
533	171
533	191
533	293
533	320
533	572
540	171
540	564
540	589
540	630
564	86
564	171
564	293
564	369
564	630
630	153
630	369
630	571
630	572
716	171
716	571
716	572
819	572
835	572
847	572
859	572
47	464
47	543
354	211
354	251
354	464
464	368
464	379
464	386
464	543
543	379
543	386
50	274
50	631
50	634
50	734
50	786
50	832
50	857
50	880
50	979
274	373
274	694
274	826
631	397
631	584
631	687
631	826
634	90
634	295
634	397
634	584
634	687
634	826
734	249
734	278
734	295
734	397
734	687
734	826
786	295
786	397
786	687
786	826
826	90
826	99
826	219
826	249
826	278
826	294
826	295
826	296
826	315
826	373
826	397
826	538
826	584
826	619
826	687
826	694
826	832
826	857
826	880
826	979
832	295
832	397
832	687
857	295
857	397
857	687
880	295
880	397
880	687
979	295
979	397
979	687
51	150
51	610
51	614
51	622
51	651
150	610
150	612
150	614
610	155
610	197
610	259
610	307
610	338
610	355
610	382
610	523
610	585
610	612
610	614
610	622
610	651
610	718
610	783
610	810
610	886
612	155
612	197
612	338
614	259
614	338
622	338
651	338
718	338
783	338
810	338
886	338
52	805
805	158
805	178
805	332
805	343
805	344
805	399
805	405
805	513
805	556
805	689
805	737
54	201
54	623
54	671
54	738
54	760
54	762
54	768
54	892
54	913
54	966
201	364
201	491
201	588
201	605
201	738
201	762
201	768
201	892
201	913
201	966
623	85
623	364
623	413
623	443
623	491
623	588
671	85
671	138
671	200
671	435
671	443
738	248
738	435
738	491
738	588
760	85
760	435
760	443
760	588
762	79
762	413
762	435
762	491
768	85
768	435
768	443
768	491
892	435
892	443
892	491
892	588
913	435
913	443
913	491
913	588
966	435
966	443
966	491
966	588
55	280
280	145
56	848
56	900
817	57
817	87
817	198
817	298
817	403
817	448
817	583
817	667
848	271
848	404
848	459
848	492
848	573
848	667
848	695
900	57
900	87
900	151
900	209
900	404
900	461
59	226
59	410
59	455
59	534
59	547
59	764
59	813
59	833
59	971
59	975
226	487
226	516
226	534
226	547
226	604
226	608
226	764
226	813
226	833
226	971
226	975
410	318
410	341
410	488
410	516
410	534
410	547
410	604
410	608
410	764
410	813
410	833
410	971
410	975
455	318
455	331
455	357
455	488
455	516
455	534
455	547
455	604
455	608
455	764
455	813
455	833
455	971
455	975
534	164
534	341
534	357
534	487
534	488
534	516
534	547
534	604
534	764
534	813
534	833
534	971
534	975
547	234
547	318
547	341
547	357
547	516
547	604
547	608
547	764
547	813
547	833
547	971
547	975
764	103
764	115
764	164
764	234
764	318
764	331
764	341
764	357
764	487
764	488
764	516
764	604
764	608
764	813
764	975
813	103
813	115
813	164
813	234
813	318
813	331
813	341
813	357
813	487
813	488
813	516
813	604
813	608
813	833
813	971
813	975
833	103
833	115
833	164
833	234
833	318
833	331
833	341
833	357
833	487
833	488
833	516
833	604
833	608
833	975
971	103
971	115
971	164
971	234
971	318
971	331
971	341
971	357
971	487
971	488
971	516
971	604
971	608
971	975
975	103
975	115
975	164
975	234
975	318
975	331
975	341
975	357
975	487
975	488
975	516
975	604
975	608
60	481
60	502
481	257
63	495
63	748
63	769
63	772
63	870
495	237
495	316
495	509
495	660
495	748
495	769
748	237
748	291
748	316
748	426
748	453
748	769
769	238
769	453
769	506
769	611
769	870
772	82
772	247
772	316
772	453
772	506
870	212
870	237
870	506
65	126
65	133
126	135
126	384
133	135
133	322
133	384
68	470
470	193
470	233
470	434
70	230
70	499
70	526
70	681
70	691
70	788
70	811
70	896
70	918
70	1000
230	156
230	185
230	539
230	603
230	681
230	691
230	788
230	811
230	896
230	918
230	1000
499	83
499	156
499	172
499	183
499	221
499	414
499	428
499	539
499	603
499	691
499	788
499	811
499	896
499	918
499	1000
526	172
526	221
526	240
526	272
526	414
526	428
526	539
526	603
526	681
526	691
526	788
526	811
526	896
526	918
526	1000
681	83
681	156
681	172
681	183
681	221
681	232
681	240
681	272
681	414
681	428
681	539
681	603
681	691
681	788
681	811
681	896
681	918
681	1000
691	156
691	172
691	183
691	185
691	221
691	232
691	240
691	272
691	414
691	428
691	539
691	603
691	788
691	811
691	896
691	918
691	1000
788	83
788	156
788	172
788	183
788	185
788	221
788	232
788	240
788	272
788	414
788	428
788	539
788	603
788	811
788	896
788	918
788	1000
811	83
811	156
811	172
811	183
811	185
811	221
811	232
811	240
811	272
811	414
811	428
811	539
811	603
811	1000
896	83
896	156
896	172
896	183
896	185
896	221
896	232
896	240
896	272
896	414
896	428
896	539
896	603
896	1000
918	83
918	156
918	172
918	183
918	185
918	221
918	232
918	240
918	272
918	414
918	428
918	539
918	603
918	1000
1000	83
1000	156
1000	183
1000	185
1000	221
1000	232
1000	240
1000	272
1000	414
1000	428
1000	539
1000	603
74	283
74	569
283	327
283	563
283	586
522	159
522	432
522	441
522	537
522	569
569	159
569	217
569	236
569	432
569	441
569	563
569	586
76	611
76	841
611	247
611	426
611	660
841	94
841	212
77	140
77	435
77	588
140	311
140	548
435	200
435	248
435	443
435	491
435	588
435	605
548	186
548	200
548	248
548	413
548	443
548	491
548	588
588	79
588	138
588	148
588	246
588	311
588	364
588	413
588	491
79	186
79	605
186	138
186	443
605	311
605	443
605	491
660	94
660	238
660	247
660	316
660	398
660	453
660	509
83	240
83	414
83	603
240	172
240	428
240	539
414	183
414	232
414	272
414	603
603	156
603	172
603	185
603	232
603	272
603	428
603	539
85	246
246	443
86	572
86	589
571	137
571	191
571	320
571	572
572	153
572	168
572	191
572	252
572	254
572	293
572	320
572	589
589	171
589	390
87	501
501	459
501	492
501	773
88	737
737	399
737	405
737	556
89	388
89	638
89	771
89	807
388	157
388	376
388	679
388	747
638	173
638	258
638	265
638	582
638	747
638	763
638	807
771	173
771	362
771	613
771	628
807	376
807	411
807	417
807	527
807	613
90	315
315	373
315	687
315	694
694	295
694	584
694	687
91	381
91	432
381	159
381	236
381	496
432	159
432	163
92	512
92	664
92	678
512	275
512	407
512	498
512	587
512	664
512	678
664	98
664	125
664	202
664	275
664	407
664	498
664	517
664	587
664	678
678	98
678	125
678	202
678	407
678	468
678	498
678	517
678	587
93	695
93	773
695	128
695	492
695	583
773	151
773	209
773	262
773	271
773	298
773	448
94	398
94	426
398	237
398	247
426	506
96	449
96	620
96	644
96	867
96	893
449	255
449	281
449	482
449	528
449	550
449	696
449	867
449	893
620	321
620	476
620	673
620	800
620	867
620	893
644	120
644	235
644	321
644	482
644	673
644	699
644	867
644	893
779	120
779	216
779	313
779	321
779	567
779	673
779	867
779	893
800	120
800	141
800	313
800	321
800	673
800	867
800	893
845	120
845	216
845	313
845	321
845	673
845	867
845	893
846	120
846	216
846	313
846	321
846	673
846	867
846	893
867	120
867	141
867	207
867	216
867	235
867	255
867	264
867	281
867	313
867	321
867	437
867	476
867	482
867	528
867	550
867	567
867	673
867	696
867	699
867	710
867	893
867	897
893	120
893	141
893	207
893	216
893	235
893	255
893	264
893	281
893	313
893	321
893	437
893	476
893	482
893	528
893	550
893	567
893	673
893	696
893	699
893	710
893	897
897	120
897	216
897	313
897	321
897	673
99	397
99	687
397	295
397	538
397	619
397	687
584	295
584	687
619	219
619	295
619	373
619	687
687	219
687	249
687	294
687	295
687	296
687	373
687	538
101	670
101	672
670	196
670	231
670	279
670	454
672	112
672	196
103	331
103	487
103	516
103	604
103	608
331	115
331	234
331	487
331	488
331	516
331	604
487	115
487	234
487	318
487	341
487	488
487	604
487	608
516	234
516	341
516	488
516	608
604	115
604	234
604	341
604	357
604	488
604	608
608	115
608	164
608	318
608	341
608	357
608	488
105	460
105	555
460	132
460	147
460	253
460	555
555	147
555	253
555	301
555	374
555	445
555	592
106	643
106	868
106	883
106	973
643	477
643	515
643	525
643	558
643	617
643	645
643	653
643	790
643	843
643	849
643	868
643	883
643	887
643	889
643	895
643	914
643	934
643	944
643	951
868	239
868	389
868	401
868	600
868	606
868	653
868	735
868	843
868	874
868	889
883	310
883	378
883	393
883	596
883	629
883	653
883	665
883	686
883	775
883	843
883	895
883	914
883	951
887	227
887	310
887	389
887	392
887	393
887	530
887	558
887	600
887	665
887	895
889	139
889	392
889	393
889	401
889	471
889	505
889	515
889	525
889	554
889	606
889	645
889	895
914	139
914	239
914	270
914	471
914	554
914	596
914	629
914	951
914	973
934	239
934	270
934	378
934	393
934	530
934	558
934	698
934	766
944	239
944	389
944	393
944	515
944	606
944	766
944	790
944	849
951	393
951	401
951	515
951	525
951	554
951	629
951	735
951	790
951	849
973	287
973	350
973	393
973	401
973	558
973	629
108	391
108	598
108	712
108	736
108	789
108	831
108	838
108	919
108	929
108	974
391	292
391	427
391	521
391	598
391	639
391	683
391	736
391	789
391	831
391	838
391	919
391	929
391	974
598	359
598	427
598	438
598	457
598	521
598	535
598	639
598	683
598	707
598	712
598	736
598	789
598	831
598	838
598	919
598	929
598	974
712	122
712	182
712	292
712	339
712	359
712	427
712	438
712	457
712	521
712	535
712	639
712	683
712	707
712	736
712	789
712	831
712	838
712	919
712	929
712	974
736	122
736	146
736	182
736	292
736	339
736	359
736	427
736	438
736	457
736	521
736	535
736	639
736	683
736	707
736	789
736	831
736	838
736	919
736	929
736	974
789	122
789	146
789	182
789	292
789	339
789	359
789	427
789	438
789	457
789	521
789	535
789	639
789	683
789	707
789	831
789	838
789	919
789	929
789	974
831	146
831	182
831	292
831	339
831	359
831	427
831	438
831	457
831	521
831	535
831	683
831	707
831	838
831	919
831	929
838	122
838	146
838	182
838	292
838	339
838	359
838	427
838	438
838	457
838	521
838	535
838	639
838	683
838	707
838	919
838	929
838	974
919	122
919	146
919	182
919	292
919	339
919	359
919	427
919	438
919	457
919	521
919	535
919	639
919	683
919	707
919	929
919	974
929	122
929	146
929	182
929	292
929	339
929	359
929	427
929	438
929	457
929	521
929	535
929	639
929	683
929	707
929	974
974	146
974	182
974	292
974	339
974	359
974	427
974	438
974	457
974	521
974	535
974	683
974	707
109	626
626	154
626	225
626	297
626	358
626	367
110	423
110	456
110	493
110	531
110	578
110	616
110	693
110	724
110	726
110	801
110	853
423	189
423	345
423	693
423	726
456	304
456	466
456	693
456	726
493	345
493	478
493	693
493	726
531	693
531	726
578	478
578	693
578	726
616	693
616	726
693	189
693	303
693	304
693	345
693	395
693	466
693	478
693	724
693	726
693	801
693	853
724	726
726	189
726	303
726	304
726	345
726	395
726	466
726	478
726	801
726	853
439	257
112	336
336	474
336	575
544	123
544	279
115	318
115	488
318	357
318	488
488	357
118	927
927	352
927	511
927	761
927	781
120	567
120	673
120	696
567	255
567	313
567	482
567	710
673	216
673	235
673	255
673	437
673	476
673	482
673	528
673	550
673	696
673	699
673	710
696	264
696	281
696	313
696	437
696	550
122	359
122	683
122	707
359	146
359	535
359	683
359	707
683	182
683	292
683	339
683	427
683	438
683	457
683	521
683	535
683	639
683	707
707	146
707	182
707	292
707	339
707	427
707	438
707	457
707	521
707	535
707	639
123	190
123	575
190	575
575	196
575	454
575	474
125	587
587	275
587	407
587	468
587	498
587	517
384	161
384	322
434	193
434	233
128	667
667	448
667	459
667	583
132	592
592	144
592	147
592	210
592	253
592	301
592	374
592	445
322	203
322	229
203	143
137	254
137	369
254	162
254	191
254	320
369	168
369	293
369	320
138	364
138	413
138	443
364	413
364	491
413	491
443	248
443	491
139	389
139	393
139	525
139	698
139	843
139	874
389	392
389	645
389	895
393	270
393	530
393	653
393	686
393	874
393	895
525	515
525	554
525	645
525	686
525	698
525	741
525	874
600	505
600	558
600	596
600	735
600	790
698	270
698	287
698	401
698	471
698	515
698	617
698	686
698	874
698	895
843	401
843	558
843	596
843	653
843	665
843	766
843	874
874	401
874	554
874	617
874	629
874	665
874	741
248	148
141	437
141	476
141	550
437	207
437	528
550	207
550	313
550	710
710	207
710	216
710	321
342	329
143	161
143	229
161	229
144	301
144	445
301	445
445	210
445	374
146	339
339	535
339	639
148	491
586	163
586	217
586	327
586	563
585	155
585	197
585	259
585	338
151	209
209	728
509	237
509	453
153	390
390	162
390	252
155	523
523	259
523	307
523	338
523	355
156	428
428	221
428	232
428	539
157	613
157	747
613	265
613	362
613	376
613	763
747	173
747	376
747	411
747	417
747	582
159	164
160	217
160	236
160	441
164	234
164	341
164	357
217	163
217	327
441	163
441	218
441	496
563	218
563	327
162	293
162	320
293	191
234	357
168	252
180	830
180	856
830	268
830	334
830	356
830	360
830	415
830	430
830	503
830	546
830	559
830	568
830	597
830	607
830	625
830	729
830	731
830	759
830	829
830	856
856	222
856	356
182	639
639	292
639	427
639	438
639	457
639	521
639	535
183	232
183	539
232	539
539	185
539	221
185	272
272	221
395	303
466	304
466	478
196	454
198	461
198	728
461	728
728	262
728	298
728	583
208	763
763	265
763	361
763	411
763	582
210	374
374	253
211	251
251	379
212	453
212	506
453	237
453	291
453	329
506	247
506	316
506	329
215	505
215	606
215	686
215	735
215	766
215	849
505	686
505	735
505	741
505	775
505	895
606	392
606	515
606	629
606	790
686	270
686	287
686	378
686	515
686	617
686	766
686	775
735	239
735	350
735	477
735	530
735	629
735	665
766	287
766	471
766	558
766	629
766	653
766	665
766	775
849	227
849	239
849	401
849	530
849	554
849	558
849	617
849	790
895	227
895	287
895	350
895	392
895	629
216	255
216	264
216	321
216	699
264	313
321	281
321	528
699	235
699	281
699	313
699	482
222	731
731	334
731	360
731	503
731	546
731	568
829	268
829	323
829	415
829	430
829	546
829	559
829	729
225	624
624	297
227	477
227	515
227	790
477	596
477	741
515	596
790	239
790	310
790	378
790	401
790	596
790	645
231	279
279	474
235	313
235	482
482	528
239	378
239	554
239	665
378	629
378	653
554	401
554	530
665	392
665	401
665	653
243	417
243	582
417	628
582	362
249	296
538	278
379	368
379	386
258	508
258	727
508	679
727	265
727	361
727	679
259	307
307	382
263	987
987	289
987	353
265	679
268	759
759	323
759	607
759	729
270	775
775	401
775	645
775	653
275	468
275	517
468	407
468	517
517	498
278	294
286	403
286	573
286	583
403	583
573	459
573	583
583	404
583	492
287	530
530	310
530	471
596	350
596	558
596	645
290	818
818	363
818	421
818	424
818	425
818	442
818	450
818	511
818	761
818	781
901	352
901	511
901	761
901	781
292	438
438	457
438	521
297	615
615	358
615	367
298	459
459	404
382	338
382	355
317	816
816	325
816	409
816	511
816	761
816	781
323	607
729	430
729	503
729	546
729	568
689	344
689	399
338	355
535	427
535	457
535	521
350	392
350	558
350	645
392	401
392	617
558	471
558	617
352	824
824	363
824	408
824	511
824	761
824	781
356	625
625	559
625	597
358	485
485	367
360	559
360	597
559	568
597	430
361	362
361	628
628	527
365	989
989	372
989	387
989	402
471	741
629	401
629	741
653	617
653	741
427	521
521	457
405	513
407	498
420	983
504	978
511	781
781	590
781	745
781	761
590	761
745	761
593	950
950	594
950	609
662	842
697	780
780	733
723	777
723	795
777	733
795	756
#End Newborn Edges

*Degree Changed Nodes
1	5	2
134	5	2
165	5	2
183	5	11
331	5	13
740	5	20
688	22	20
814	25	20
827	25	22
933	25	40
970	25	20
863	32	22
875	33	23
635	20	19
725	23	19
742	24	19
778	26	19
912	26	19
975	26	23
988	26	19
838	30	24
744	24	20
793	24	20
798	24	20
815	24	20
820	24	20
823	24	20
844	24	20
852	24	20
867	24	30
601	19	17
636	19	17
684	19	17
714	19	17
782	19	26
949	19	17
98	7	9
393	7	14
488	7	16
123	10	11
757	25	24
792	26	24
862	27	24
916	27	24
930	27	24
941	40	38
947	40	38
960	40	38
967	40	38
969	40	38
977	40	38
980	40	38
981	40	38
982	40	38
984	40	38
873	33	32
878	33	32
890	33	32
894	33	32
909	33	32
693	19	18
703	19	20
739	19	6
860	27	29
919	27	24
931	27	29
940	27	29
972	27	29
717	23	9
922	37	22
948	42	41
959	43	41
968	43	41
18	10	9
685	20	16
750	20	16
758	20	16
761	20	18
20	8	10
33	9	6
69	8	6
81	8	6
89	8	10
110	8	11
126	8	11
184	8	6
498	8	16
48	10	9
633	14	13
681	14	21
708	15	13
797	14	13
713	23	17
965	41	23
971	41	23
974	41	24
888	34	32
902	35	32
915	36	32
926	38	32
935	38	32
936	38	32
170	10	11
205	10	11
284	10	11
300	10	11
338	10	13
340	10	12
385	10	11
418	10	11
569	14	18
668	14	21
751	24	23
828	25	9
876	25	22
946	37	35
953	37	35
955	37	35
961	37	6
985	48	46
991	48	40
993	49	46
994	49	46
995	49	46
996	50	46
997	50	46
998	50	46
999	50	46
1000	50	23
992	48	46
68	10	9
44	9	10
770	25	11
819	27	26
835	27	26
847	27	26
859	27	26
49	10	7
718	22	19
736	22	24
783	22	19
804	22	11
810	22	19
886	22	19
764	25	23
831	29	24
80	10	9
57	10	9
60	10	9
103	9	10
260	9	12
292	9	13
379	9	13
491	9	16
603	9	19
647	20	19
496	16	15
813	28	23
907	36	35
892	27	29
913	27	29
966	27	29
822	28	22
709	22	19
789	26	24
845	29	30
846	29	30
897	29	30
108	11	10
752	23	7
479	16	9
616	19	18
724	19	18
801	19	18
853	19	18
214	12	6
811	27	23
864	32	23
879	33	19
884	33	22
893	33	30
896	33	23
918	33	23
646	20	11
927	36	35
140	10	11
449	14	15
908	36	32
622	20	19
651	21	19
161	10	11
781	26	19
304	13	12
720	21	7
228	12	7
236	11	12
239	11	12
833	29	23
638	19	20
245	12	9
259	11	12
274	11	12
990	42	39
901	32	31
692	19	20
323	12	13
581	18	16
624	18	17
405	13	14
824	26	28
989	36	37
485	16	15
626	16	19
818	19	26
983	34	33
952	33	31
962	33	31
978	33	32
613	17	19
683	17	22
855	30	28
950	30	31
842	29	28
830	28	29
756	25	24
