1 86
1 99
1 134
1 146
1 165
1 181
1 183
1 193
1 202
1 265
2 604
2 610
2 725
2 767
2 789
2 803
2 804
2 810
2 845
2 846
3 604
3 610
3 691
3 778
3 783
3 789
3 803
3 810
3 845
3 846
4 688
4 796
4 807
4 861
4 885
4 910
4 916
4 921
4 942
4 943
5 39
5 49
5 97
5 105
5 117
5 120
5 155
5 185
5 257
5 276
6 26
6 33
6 52
6 131
6 170
6 300
6 336
6 338
6 418
6 486
7 714
7 752
7 793
7 815
7 820
7 823
7 852
7 867
7 877
7 890
8 613
8 851
8 864
8 865
8 879
8 884
8 893
8 897
8 903
8 906
9 67
9 230
9 455
9 460
9 637
9 644
9 650
9 659
9 730
9 784
10 27
10 94
10 100
10 103
10 159
10 166
10 216
10 220
10 250
10 273
11 917
11 927
11 947
11 960
11 969
11 977
11 980
11 981
11 982
11 984
12 164
12 534
12 631
12 717
12 779
12 878
12 891
12 894
12 904
12 909
13 75
13 451
13 537
13 563
13 668
13 693
13 722
13 785
13 791
13 837
14 20
14 41
14 44
14 69
14 81
14 110
14 122
14 139
14 150
14 184
15 623
15 687
15 712
15 760
15 801
15 825
15 856
15 892
15 913
15 923
16 848
16 881
16 886
16 900
16 924
16 932
16 939
16 966
16 968
16 972
17 161
17 256
17 319
17 382
17 591
17 593
17 608
17 612
17 646
17 647
18 596
18 600
18 741
18 775
18 843
18 874
18 889
18 944
18 951
18 973
19 163
19 337
19 547
19 579
19 685
19 692
19 704
19 734
19 758
19 761
20 41
20 69
20 81
20 89
20 110
20 122
20 139
20 150
20 184
21 48
21 49
21 97
21 105
21 117
21 120
21 155
21 185
21 257
21 276
22 574
22 680
22 701
22 719
22 832
22 912
22 920
22 954
22 963
22 970
23 55
23 121
23 179
23 275
23 286
23 315
23 322
23 364
23 399
23 412
24 764
24 808
24 918
24 945
24 949
24 958
24 965
24 971
24 974
24 976
25 862
25 888
25 902
25 905
25 908
25 926
25 934
25 935
25 936
25 957
26 33
26 123
26 214
26 300
26 336
26 338
26 340
26 418
26 486
27 63
27 100
27 103
27 159
27 166
27 216
27 220
27 250
27 273
28 799
28 848
28 924
28 928
28 939
28 948
28 959
28 966
28 968
28 972
29 352
29 572
29 766
29 782
29 849
29 874
29 914
29 944
29 951
29 973
30 535
30 649
30 657
30 706
30 737
30 779
30 840
30 878
30 904
30 909
31 74
31 114
31 125
31 194
31 213
31 274
31 393
31 488
31 512
31 518
32 290
32 960
32 967
32 969
32 977
32 979
32 980
32 981
32 982
32 984
33 38
33 83
33 170
33 214
33 336
33 385
33 418
33 486
34 248
34 256
34 319
34 381
34 575
34 591
34 593
34 608
34 646
34 647
35 177
35 292
35 379
35 438
35 441
35 444
35 479
35 491
35 498
35 500
36 168
36 226
36 308
36 312
36 502
36 517
36 553
36 565
36 569
36 570
37 634
37 719
37 873
37 880
37 882
37 912
37 929
37 954
37 963
37 970
38 131
38 170
38 205
38 300
38 336
38 338
38 340
38 385
38 486
39 48
39 97
39 105
39 117
39 120
39 155
39 185
39 257
39 276
40 604
40 610
40 669
40 751
40 767
40 778
40 804
40 810
40 845
40 846
41 44
41 81
41 89
41 110
41 122
41 139
41 150
41 184
42 535
42 657
42 689
42 750
42 850
42 857
42 891
42 894
42 904
42 909
43 562
43 626
43 714
43 793
43 798
43 815
43 852
43 867
43 877
43 890
44 69
44 81
44 89
44 110
44 122
44 139
44 150
44 184
45 153
45 320
45 533
45 568
45 716
45 770
45 826
45 835
45 847
45 859
46 986
46 990
46 992
46 993
46 994
46 996
46 997
46 998
46 999
46 1000
47 145
47 244
47 368
47 407
47 693
47 722
47 739
47 791
47 837
48 49
48 105
48 117
48 120
48 155
48 185
48 257
48 276
49 97
49 105
49 117
49 120
49 155
49 257
49 276
50 764
50 812
50 883
50 945
50 949
50 958
50 964
50 971
50 974
50 976
51 532
51 633
51 765
51 827
51 839
51 860
51 911
51 919
51 931
51 940
52 649
52 677
52 779
52 840
52 878
52 891
52 894
52 904
52 909
53 71
53 163
53 169
53 447
53 579
53 585
53 685
53 734
53 758
53 761
54 831
54 871
54 918
54 937
54 949
54 958
54 965
54 971
54 974
54 976
55 121
55 179
55 282
55 286
55 315
55 359
55 364
55 399
55 412
56 773
56 797
56 922
56 924
56 928
56 948
56 959
56 966
56 968
56 972
57 886
57 900
57 924
57 928
57 939
57 948
57 959
57 966
57 968
57 972
58 63
58 94
58 100
58 103
58 159
58 166
58 216
58 220
58 250
58 273
59 728
59 886
59 900
59 924
59 939
59 948
59 959
59 966
59 968
59 972
60 390
60 564
60 577
60 710
60 757
60 770
60 819
60 826
60 847
60 859
61 235
61 281
61 396
61 480
61 521
61 584
61 621
61 636
61 655
61 740
62 576
62 719
62 817
62 863
62 876
62 920
62 929
62 954
62 963
62 970
63 94
63 103
63 159
63 166
63 216
63 220
63 250
63 273
64 277
64 357
64 379
64 438
64 441
64 444
64 479
64 491
64 498
64 500
65 295
65 304
65 345
65 395
65 462
65 478
65 594
65 616
65 651
65 724
66 824
66 947
66 960
66 969
66 977
66 979
66 980
66 981
66 982
66 984
67 217
67 302
67 598
67 650
67 659
67 700
67 730
67 743
67 784
68 84
68 99
68 134
68 146
68 165
68 181
68 183
68 193
68 202
68 265
69 89
69 110
69 122
69 139
69 150
69 184
70 333
70 555
70 579
70 585
70 685
70 692
70 704
70 734
70 758
70 761
71 108
71 324
71 337
71 547
71 685
71 692
71 734
71 758
71 761
72 168
72 233
72 308
72 410
72 433
72 502
72 517
72 565
72 569
72 570
73 985
73 987
73 991
73 993
73 995
73 996
73 997
73 998
73 999
73 1000
74 125
74 187
74 191
74 213
74 393
74 470
74 488
74 512
74 518
75 255
75 407
75 473
75 537
75 563
75 668
75 722
75 785
75 837
76 811
76 834
76 864
76 866
76 879
76 884
76 896
76 897
76 903
76 906
77 687
77 738
77 760
77 762
77 801
77 806
77 825
77 892
77 913
77 923
78 84
78 397
78 691
78 767
78 778
78 783
78 803
78 810
78 845
78 846
79 601
79 605
79 623
79 687
79 748
79 762
79 856
79 892
79 913
79 923
80 306
80 883
80 918
80 937
80 949
80 964
80 965
80 971
80 974
80 976
81 89
81 110
81 122
81 139
81 150
81 184
82 237
82 813
82 907
82 930
82 938
82 946
82 955
82 956
82 961
82 975
83 170
83 214
83 300
83 336
83 338
83 340
83 385
83 418
83 486
84 86
84 134
84 146
84 165
84 181
84 183
84 193
84 265
85 143
85 687
85 708
85 748
85 760
85 806
85 825
85 892
85 913
85 923
86 99
86 134
86 146
86 165
86 181
86 183
86 202
86 265
87 98
87 125
87 187
87 191
87 213
87 393
87 470
87 488
87 512
87 518
88 484
88 671
88 687
88 708
88 712
88 738
88 806
88 825
88 913
88 923
89 110
89 122
89 139
89 150
89 184
90 96
90 394
90 417
90 425
90 443
90 511
90 544
90 567
90 586
90 588
91 787
91 868
91 907
91 930
91 938
91 953
91 955
91 956
91 961
91 975
92 682
92 774
92 871
92 918
92 937
92 958
92 964
92 965
92 971
92 976
93 848
93 853
93 881
93 900
93 924
93 928
93 959
93 966
93 968
93 972
94 100
94 103
94 159
94 216
94 220
94 250
94 273
95 604
95 669
95 751
95 778
95 783
95 789
95 803
95 804
95 845
95 846
96 112
96 348
96 394
96 425
96 529
96 544
96 567
96 586
96 588
97 105
97 117
97 120
97 185
97 257
97 276
98 114
98 213
98 236
98 274
98 393
98 470
98 488
98 512
98 518
99 134
99 165
99 181
99 183
99 193
99 202
99 265
100 159
100 166
100 216
100 220
100 250
100 273
101 595
101 620
101 778
101 783
101 789
101 803
101 804
101 810
101 845
101 846
102 985
102 986
102 991
102 994
102 995
102 996
102 997
102 998
102 999
102 1000
103 166
103 216
103 220
103 250
103 273
104 927
104 941
104 960
104 967
104 977
104 979
104 980
104 981
104 982
104 984
105 155
105 185
105 257
105 276
106 284
106 741
106 782
106 790
106 843
106 849
106 889
106 914
106 944
106 951
107 217
107 302
107 416
107 494
107 598
107 644
107 650
107 659
107 700
107 743
107 784
108 333
108 447
108 523
108 547
108 555
108 585
108 704
108 734
108 758
108 761
109 367
109 546
109 624
109 626
109 713
109 744
109 793
109 852
109 867
109 877
109 890
110 122
110 139
110 150
110 184
111 771
111 802
111 838
111 861
111 875
111 885
111 910
111 916
111 921
111 942
111 943
112 207
112 309
112 394
112 511
112 529
112 544
112 567
112 586
112 588
113 822
113 871
113 937
113 945
113 949
113 958
113 964
113 965
113 971
113 974
113 976
114 191
114 194
114 213
114 236
114 393
114 470
114 488
114 512
114 518
115 119
115 217
115 218
115 455
115 598
115 637
115 644
115 659
115 700
115 743
115 784
116 258
116 679
116 688
116 802
116 838
116 861
116 910
116 916
116 921
116 942
116 943
117 120
117 155
117 185
117 257
117 276
118 160
118 255
118 362
118 386
118 557
118 668
118 703
118 739
118 785
118 791
118 837
119 218
119 335
119 460
119 494
119 637
119 644
119 650
119 700
119 743
119 784
120 155
120 185
120 257
120 276
121 190
121 206
121 275
121 282
121 322
121 359
121 364
121 399
121 412
122 139
122 150
122 184
123 131
123 170
123 205
123 214
123 300
123 338
123 340
123 385
123 418
123 486
124 230
124 335
124 463
124 598
124 644
124 650
124 659
124 700
124 730
124 743
124 784
125 187
125 191
125 236
125 393
125 470
125 488
125 512
125 518
126 283
126 292
126 357
126 379
126 437
126 438
126 444
126 479
126 491
126 498
126 500
127 634
127 670
127 681
127 817
127 863
127 876
127 882
127 912
127 920
127 929
127 970
128 702
128 799
128 881
128 922
128 928
128 932
128 948
128 959
128 966
128 968
128 972
129 610
129 620
129 669
129 725
129 751
129 783
129 789
129 803
129 804
129 845
129 846
130 721
130 834
130 851
130 858
130 865
130 879
130 893
130 896
130 897
130 903
130 906
131 205
131 214
131 336
131 338
131 340
131 385
131 418
131 486
132 143
132 384
132 601
132 712
132 738
132 748
132 825
132 856
132 892
132 913
132 923
133 310
133 525
133 766
133 782
133 843
133 849
133 874
133 887
133 889
133 914
133 973
134 146
134 165
134 183
134 193
134 202
134 265
135 210
135 428
135 439
135 457
135 476
135 528
135 542
135 550
135 560
135 587
135 614
136 917
136 941
136 960
136 967
136 969
136 977
136 979
136 980
136 981
136 982
136 984
137 320
137 540
137 603
137 630
137 710
137 757
137 770
137 819
137 826
137 835
137 859
138 246
138 548
138 708
138 712
138 760
138 801
138 806
138 856
138 892
138 913
138 923
139 150
139 184
140 601
140 623
140 671
140 748
140 762
140 768
140 801
140 856
140 892
140 913
140 923
141 595
141 620
141 642
141 691
141 767
141 789
141 803
141 804
141 810
141 845
141 846
142 772
142 868
142 870
142 907
142 938
142 946
142 953
142 955
142 956
142 961
142 975
143 601
143 605
143 671
143 768
143 801
143 856
143 892
143 913
143 923
144 248
144 261
144 319
144 381
144 382
144 591
144 593
144 608
144 612
144 646
144 647
145 160
145 407
145 451
145 537
145 668
145 703
145 739
145 785
145 791
145 837
146 165
146 181
146 183
146 193
146 202
146 265
147 682
147 822
147 831
147 918
147 937
147 949
147 958
147 964
147 965
147 974
147 976
148 605
148 708
148 738
148 748
148 762
148 801
148 806
148 825
148 892
148 913
148 923
149 360
149 543
149 664
149 829
149 888
149 902
149 915
149 926
149 934
149 936
149 957
150 184
151 746
151 848
151 886
151 900
151 928
151 932
151 948
151 959
151 966
151 968
151 972
152 772
152 813
152 870
152 907
152 930
152 938
152 946
152 953
152 955
152 956
152 975
153 293
153 630
153 710
153 757
153 770
153 819
153 826
153 835
153 847
153 859
154 562
154 602
154 626
154 720
154 752
154 793
154 798
154 815
154 867
154 877
154 890
155 185
155 257
155 276
156 599
156 718
156 776
156 800
156 844
156 872
156 898
156 919
156 925
156 931
156 940
157 688
157 747
157 809
157 861
157 869
157 885
157 910
157 916
157 921
157 942
157 943
158 631
158 689
158 706
158 840
158 850
158 857
158 878
158 891
158 894
158 904
158 909
159 166
159 216
159 220
159 250
159 273
160 473
160 537
160 563
160 668
160 722
160 739
160 785
160 791
160 837
161 248
161 261
161 319
161 575
161 591
161 593
161 608
161 612
161 646
161 647
162 320
162 533
162 571
162 577
162 630
162 757
162 819
162 826
162 835
162 847
162 859
163 280
163 434
163 523
163 547
163 579
163 692
163 704
163 758
163 761
164 657
164 779
164 840
164 850
164 857
164 878
164 891
164 894
164 904
164 909
165 181
165 193
165 202
165 265
166 216
166 220
166 250
166 273
167 634
167 648
167 680
167 863
167 876
167 880
167 882
167 899
167 912
167 954
167 963
168 308
168 313
168 410
168 422
168 517
168 553
168 565
168 569
168 570
169 280
169 523
169 555
169 585
169 685
169 692
169 704
169 734
169 758
169 761
170 205
170 300
170 340
170 385
170 418
170 486
171 320
171 390
171 540
171 564
171 571
171 603
171 710
171 819
171 826
171 847
171 859
172 986
172 990
172 992
172 993
172 994
172 995
172 996
172 997
172 998
172 999
172 1000
173 388
173 688
173 763
173 796
173 802
173 809
173 869
173 910
173 921
173 942
173 943
174 613
174 858
174 864
174 866
174 879
174 884
174 893
174 896
174 897
174 903
174 906
175 435
175 562
175 624
175 713
175 720
175 798
175 820
175 823
175 852
175 877
175 890
176 321
176 359
176 395
176 423
176 466
176 493
176 592
176 594
176 616
176 627
176 724
177 277
177 355
177 437
177 438
177 441
177 444
177 479
177 491
177 498
178 649
178 654
178 689
178 717
178 750
178 779
178 840
178 857
178 891
178 904
178 909
179 275
179 282
179 286
179 315
179 322
179 359
179 364
179 399
179 412
180 664
180 731
180 759
180 829
180 862
180 905
180 915
180 934
180 935
180 936
180 957
181 183
181 193
181 202
181 265
182 559
182 729
182 836
182 854
182 888
182 902
182 908
182 926
182 934
182 935
182 957
183 193
183 202
183 265
185 257
185 276
186 601
186 605
186 623
186 712
186 768
186 801
186 825
186 856
186 892
186 913
186 923
187 194
187 236
187 274
187 393
187 470
187 488
187 512
187 518
188 917
188 927
188 941
188 960
188 967
188 977
188 979
188 980
188 981
188 982
188 984
189 321
189 345
189 366
189 462
189 478
189 578
189 616
189 627
189 651
189 656
189 724
190 206
190 275
190 282
190 286
190 315
190 322
190 359
190 364
190 399
190 412
191 194
191 274
191 393
191 470
191 488
191 512
191 518
192 484
192 601
192 671
192 748
192 762
192 801
192 806
192 825
192 856
192 913
192 923
193 202
193 265
194 213
194 236
194 274
194 470
194 488
194 512
194 518
195 530
195 927
195 947
195 967
195 969
195 977
195 979
195 980
195 981
195 982
195 984
196 941
196 947
196 960
196 967
196 969
196 977
196 979
196 980
196 981
196 982
196 984
197 669
197 725
197 751
197 778
197 783
197 789
197 803
197 804
197 810
197 845
197 846
198 583
198 853
198 900
198 922
198 924
198 928
198 932
198 948
198 959
198 966
198 972
199 253
199 256
199 343
199 361
199 371
199 575
199 591
199 593
199 612
199 646
199 647
200 623
200 708
200 748
200 760
200 768
200 801
200 806
200 825
200 892
200 913
200 923
201 684
201 776
201 788
201 792
201 800
201 872
201 911
201 919
201 925
201 931
201 940
202 265
203 259
203 264
203 285
203 373
203 428
203 439
203 542
203 545
203 560
203 587
203 614
204 812
204 871
204 937
204 945
204 949
204 958
204 964
204 965
204 971
204 974
204 976
205 214
205 300
205 336
205 340
205 385
205 418
205 486
206 275
206 282
206 286
206 315
206 322
206 359
206 364
206 399
206 412
207 219
207 339
207 348
207 443
207 452
207 529
207 544
207 567
207 586
207 588
208 663
208 755
208 771
208 796
208 807
208 869
208 885
208 910
208 916
208 942
208 943
209 773
209 886
209 922
209 924
209 928
209 932
209 939
209 948
209 959
209 968
209 972
210 264
210 400
210 439
210 457
210 528
210 542
210 545
210 550
210 560
210 614
211 759
211 829
211 854
211 862
211 908
211 915
211 926
211 934
211 935
211 936
211 957
212 676
212 813
212 841
212 930
212 938
212 946
212 953
212 955
212 956
212 961
212 975
213 236
213 274
213 470
213 488
213 512
213 518
214 336
214 338
214 340
214 385
214 418
214 486
215 392
215 525
215 600
215 741
215 749
215 843
215 887
215 889
215 895
215 944
215 951
215 973
216 220
216 250
216 273
217 416
217 455
217 460
217 637
217 644
217 650
217 730
217 743
217 784
218 335
218 463
218 494
218 598
218 637
218 650
218 700
218 730
218 743
218 784
219 339
219 417
219 425
219 443
219 452
219 511
219 529
219 544
219 567
219 586
219 588
220 250
220 273
221 508
221 763
221 771
221 809
221 838
221 869
221 875
221 910
221 916
221 921
221 942
221 943
222 515
222 625
222 731
222 736
222 836
222 888
222 902
222 905
222 934
222 935
222 936
222 957
223 811
223 834
223 858
223 864
223 865
223 879
223 884
223 893
223 896
223 897
223 903
223 906
224 272
224 337
224 434
224 447
224 523
224 547
224 555
224 692
224 704
224 734
224 758
224 761
225 358
225 602
225 626
225 713
225 714
225 752
225 798
225 815
225 820
225 852
225 867
225 890
226 233
226 312
226 329
226 330
226 422
226 502
226 517
226 553
226 565
226 569
226 570
227 558
227 735
227 790
227 843
227 849
227 874
227 887
227 895
227 914
227 944
227 951
227 973
228 589
228 615
228 720
228 793
228 798
228 815
228 820
228 823
228 852
228 867
228 877
228 890
229 254
229 293
229 603
229 710
229 716
229 757
229 770
229 819
229 826
229 835
229 847
229 859
230 231
230 416
230 460
230 598
230 637
230 659
230 700
230 730
230 743
230 784
231 463
231 494
231 598
231 637
231 644
231 650
231 659
231 700
231 730
231 743
231 784
232 301
232 307
232 396
232 471
232 482
232 516
232 619
232 621
232 636
232 655
232 675
232 740
233 312
233 329
233 410
233 422
233 433
233 517
233 553
233 565
233 569
233 570
234 347
234 391
234 396
234 471
234 482
234 490
234 516
234 619
234 621
234 655
234 675
234 740
235 471
235 480
235 490
235 516
235 521
235 584
235 619
235 636
235 655
235 675
235 740
236 274
236 393
236 470
236 488
236 512
236 518
237 429
237 841
237 868
237 930
237 938
237 946
237 953
237 955
237 956
237 961
237 975
238 556
238 660
238 769
238 813
238 907
238 930
238 946
238 953
238 955
238 956
238 961
238 975
239 600
239 617
239 653
239 686
239 699
239 874
239 887
239 889
239 914
239 944
239 951
239 973
240 694
240 812
240 883
240 937
240 945
240 949
240 958
240 964
240 965
240 971
240 974
240 976
241 383
241 520
241 641
241 674
241 844
241 872
241 898
241 911
241 919
241 925
241 931
241 940
242 764
242 822
242 883
242 937
242 945
242 949
242 958
242 964
242 965
242 971
242 974
242 976
243 628
243 727
243 807
243 809
243 861
243 869
243 875
243 885
243 910
243 921
243 942
243 943
244 326
244 368
244 407
244 451
244 668
244 693
244 703
244 739
244 785
244 791
244 837
245 448
245 604
245 691
245 725
245 767
245 778
245 783
245 789
245 804
245 810
245 845
245 846
246 311
246 484
246 548
246 605
246 760
246 768
246 825
246 856
246 892
246 913
246 923
247 772
247 805
247 841
247 868
247 930
247 938
247 946
247 953
247 955
247 956
247 961
247 975
248 256
248 361
248 371
248 575
248 593
248 608
248 612
248 646
248 647
249 526
249 670
249 863
249 873
249 876
249 880
249 899
249 912
249 920
249 954
249 963
249 970
250 273
251 255
251 473
251 537
251 557
251 668
251 693
251 703
251 722
251 739
251 785
251 791
251 837
252 390
252 474
252 533
252 540
252 716
252 757
252 770
252 819
252 826
252 835
252 847
252 859
253 343
253 361
253 381
253 382
253 575
253 591
253 593
253 608
253 612
253 646
253 647
254 293
254 390
254 474
254 710
254 716
254 757
254 819
254 826
254 835
254 847
254 859
255 404
255 446
255 557
255 563
255 703
255 722
255 785
255 791
255 837
256 361
256 371
256 382
256 575
256 593
256 612
256 646
256 647
257 276
258 727
258 763
258 771
258 802
258 807
258 814
258 875
258 910
258 921
258 942
258 943
259 264
259 373
259 428
259 457
259 476
259 528
259 542
259 545
259 550
259 587
259 614
260 474
260 533
260 568
260 577
260 603
260 710
260 757
260 819
260 826
260 835
260 847
260 859
261 319
261 381
261 382
261 575
261 591
261 593
261 608
261 612
261 646
261 647
262 666
262 695
262 848
262 881
262 924
262 932
262 939
262 948
262 959
262 966
262 968
262 972
263 489
263 574
263 672
263 863
263 873
263 882
263 899
263 912
263 929
263 954
263 963
263 970
264 439
264 476
264 528
264 542
264 545
264 550
264 560
264 587
264 614
266 706
266 717
266 750
266 779
266 840
266 850
266 857
266 878
266 891
266 894
266 904
266 909
267 485
267 602
267 626
267 720
267 752
267 793
267 798
267 815
267 852
267 867
267 877
267 890
268 597
268 736
268 759
268 829
268 854
268 862
268 905
268 908
268 926
268 934
268 936
268 957
269 458
269 635
269 670
269 817
269 863
269 876
269 880
269 912
269 929
269 954
269 963
269 970
270 287
270 310
270 554
270 617
270 699
270 775
270 782
270 843
270 849
270 895
270 944
270 973
271 728
271 848
271 922
271 924
271 928
271 932
271 939
271 948
271 959
271 966
271 968
271 972
272 324
272 434
272 447
272 547
272 555
272 579
272 685
272 704
272 734
272 758
272 761
274 393
274 470
274 488
274 512
274 518
275 286
275 315
275 322
275 359
275 364
275 399
275 412
277 283
277 355
277 437
277 438
277 441
277 444
277 479
277 491
277 498
277 500
278 373
278 400
278 439
278 457
278 476
278 528
278 542
278 545
278 550
278 560
278 587
278 614
279 811
279 851
279 858
279 865
279 866
279 879
279 884
279 893
279 896
279 897
279 903
279 906
280 337
280 523
280 547
280 579
280 585
280 692
280 704
280 734
280 758
280 761
281 307
281 347
281 396
281 482
281 490
281 499
281 521
281 619
281 655
281 675
281 740
282 286
282 315
282 322
282 359
282 364
282 399
282 412
283 355
283 357
283 379
283 437
283 438
283 441
283 444
283 479
283 491
283 498
283 500
284 392
284 596
284 600
284 629
284 766
284 790
284 843
284 889
284 895
284 944
284 951
284 973
285 373
285 400
285 428
285 457
285 476
285 528
285 542
285 545
285 550
285 560
285 587
285 614
286 315
286 322
286 359
286 364
286 399
286 412
287 505
287 617
287 653
287 699
287 735
287 782
287 790
287 849
287 887
287 889
287 895
287 914
288 306
288 622
288 694
288 774
288 822
288 883
288 945
288 949
288 958
288 964
288 971
288 974
288 976
289 985
289 986
289 990
289 991
289 992
289 993
289 994
289 995
289 996
289 997
289 998
289 999
289 1000
290 673
290 742
290 917
290 941
290 947
290 967
290 977
290 979
290 980
290 981
290 982
290 984
291 316
291 660
291 769
291 772
291 794
291 841
291 938
291 946
291 953
291 956
291 961
291 975
292 355
292 357
292 379
292 437
292 438
292 441
292 444
292 479
292 491
292 498
292 500
293 540
293 571
293 630
293 716
293 757
293 819
293 826
293 835
293 847
293 859
294 625
294 731
294 759
294 836
294 862
294 902
294 905
294 908
294 915
294 926
294 934
294 936
294 957
295 304
295 456
295 462
295 466
295 478
295 578
295 592
295 594
295 616
295 651
295 656
295 724
296 676
296 732
296 786
296 794
296 805
296 907
296 930
296 938
296 946
296 953
296 955
296 956
296 975
297 358
297 414
297 562
297 589
297 602
297 744
297 815
297 820
297 823
297 852
297 867
297 877
297 890
298 797
298 799
298 853
298 886
298 922
298 928
298 932
298 939
298 948
298 959
298 966
298 968
298 972
299 665
299 773
299 799
299 853
299 922
299 924
299 932
299 939
299 948
299 959
299 966
299 968
299 972
300 336
300 338
300 340
300 385
300 418
300 486
301 307
301 351
301 391
301 471
301 482
301 516
301 584
301 636
301 655
301 675
301 740
302 335
302 377
302 463
302 598
302 637
302 644
302 659
302 700
302 730
302 743
302 784
303 423
303 456
303 462
303 466
303 493
303 578
303 592
303 594
303 616
303 627
303 651
303 656
303 724
304 321
304 366
304 466
304 578
304 592
304 594
304 616
304 627
304 651
304 656
304 724
305 639
305 658
305 833
305 918
305 937
305 945
305 949
305 958
305 964
305 965
305 971
305 974
305 976
306 831
306 871
306 883
306 937
306 945
306 949
306 958
306 964
306 965
306 974
306 976
307 471
307 480
307 482
307 584
307 619
307 621
307 636
307 655
307 675
307 740
308 329
308 410
308 422
308 433
308 502
308 517
308 553
308 565
308 569
308 570
309 339
309 394
309 417
309 425
309 443
309 452
309 511
309 529
309 544
309 567
309 586
309 588
310 596
310 606
310 686
310 699
310 749
310 766
310 775
310 889
310 895
310 951
310 973
311 623
311 671
311 708
311 712
311 762
311 768
311 801
311 806
311 856
311 892
311 913
311 923
312 313
312 329
312 330
312 410
312 433
312 502
312 553
312 565
312 569
312 570
313 329
313 330
313 410
313 422
313 433
313 502
313 517
313 553
313 565
313 569
313 570
314 674
314 711
314 792
314 827
314 844
314 860
314 872
314 898
314 911
314 919
314 925
314 931
314 940
315 322
315 359
315 364
315 399
315 412
316 813
316 841
316 868
316 870
316 907
316 930
316 946
316 953
316 955
316 956
316 961
316 975
317 325
317 582
317 917
317 941
317 947
317 960
317 967
317 969
317 979
317 980
317 981
317 982
317 984
318 489
318 635
318 648
318 672
318 719
318 876
318 880
318 882
318 920
318 929
318 954
318 963
318 970
319 361
319 371
319 575
319 591
319 608
319 612
319 646
319 647
320 533
320 571
320 577
320 716
320 770
320 819
320 826
320 847
320 859
321 345
321 395
321 456
321 578
321 592
321 616
321 627
321 651
321 656
321 724
322 359
322 364
322 399
322 412
323 607
323 729
323 731
323 781
323 862
323 888
323 902
323 905
323 915
323 926
323 934
323 935
323 957
324 333
324 523
324 547
324 579
324 585
324 685
324 692
324 704
324 734
324 758
324 761
325 824
325 941
325 947
325 960
325 967
325 969
325 977
325 979
325 980
325 981
325 982
325 984
326 386
326 404
326 451
326 473
326 537
326 557
326 668
326 693
326 739
326 785
326 791
326 837
327 526
327 536
327 634
327 672
327 681
327 701
327 882
327 899
327 912
327 920
327 929
327 954
327 970
328 520
328 705
328 765
328 776
328 788
328 821
328 827
328 844
328 898
328 911
328 925
328 931
328 940
329 330
329 433
329 502
329 517
329 553
329 565
329 569
329 570
330 410
330 422
330 433
330 502
330 517
330 553
330 565
330 569
330 570
331 477
331 686
331 699
331 749
331 766
331 790
331 843
331 849
331 889
331 914
331 944
331 951
331 973
332 581
332 631
332 649
332 657
332 689
332 779
332 850
332 857
332 878
332 891
332 894
332 904
332 909
333 434
333 523
333 555
333 585
333 685
333 692
333 704
333 734
333 758
333 761
334 559
334 731
334 736
334 781
334 836
334 888
334 902
334 908
334 915
334 926
334 935
334 936
334 957
335 377
335 416
335 455
335 460
335 463
335 637
335 730
335 743
335 784
336 338
336 385
336 418
336 486
337 447
337 555
337 579
337 685
337 692
337 704
337 734
337 758
337 761
338 340
338 385
338 418
338 486
339 348
339 417
339 425
339 452
339 511
339 529
339 544
339 567
339 586
339 588
340 385
340 418
340 486
341 631
341 657
341 706
341 737
341 779
341 840
341 850
341 857
341 878
341 891
341 894
341 904
341 909
342 398
342 660
342 709
342 794
342 907
342 930
342 938
342 946
342 953
342 955
342 956
342 961
342 975
343 361
343 371
343 381
343 382
343 575
343 591
343 593
343 608
343 612
343 646
343 647
344 513
344 654
344 657
344 706
344 717
344 840
344 850
344 857
344 878
344 891
344 894
344 904
344 909
345 366
345 423
345 478
345 493
345 578
345 594
345 627
345 651
345 656
345 724
346 645
346 834
346 858
346 864
346 865
346 866
346 879
346 884
346 893
346 896
346 897
346 903
346 906
347 471
347 480
347 499
347 516
347 584
347 619
347 621
347 636
347 655
347 675
347 740
348 394
348 417
348 425
348 443
348 452
348 511
348 529
348 567
348 586
348 588
349 540
349 564
349 568
349 630
349 710
349 716
349 757
349 770
349 819
349 826
349 835
349 847
349 859
350 525
350 558
350 698
350 766
350 782
350 790
350 843
350 874
350 887
350 889
350 944
350 951
350 973
351 391
351 396
351 471
351 482
351 490
351 521
351 584
351 619
351 621
351 636
351 655
351 740
352 606
352 741
352 749
352 766
352 775
352 874
352 889
352 895
352 914
352 944
352 951
352 973
353 985
353 987
353 990
353 991
353 992
353 993
353 994
353 995
353 996
353 997
353 998
353 999
353 1000
354 368
354 386
354 404
354 446
354 451
354 563
354 668
354 693
354 703
354 722
354 785
354 791
354 837
355 357
355 379
355 437
355 438
355 441
355 479
355 491
355 498
355 500
356 515
356 759
356 829
356 836
356 854
356 862
356 888
356 902
356 905
356 908
356 934
356 935
356 936
356 957
357 379
357 437
357 438
357 441
357 444
357 479
357 491
357 498
357 500
358 562
358 602
358 713
358 714
358 744
358 793
358 798
358 815
358 820
358 823
358 877
358 890
359 364
359 399
359 412
360 597
360 731
360 753
360 781
360 836
360 902
360 905
360 908
360 915
360 926
360 935
360 936
360 957
361 371
361 381
361 382
361 575
361 591
361 593
361 646
361 647
362 368
362 386
362 404
362 446
362 451
362 537
362 563
362 703
362 722
362 739
362 785
362 791
362 837
363 690
363 818
363 917
363 927
363 947
363 960
363 967
363 969
363 977
363 979
363 980
363 981
363 982
363 984
364 399
364 412
365 985
365 986
365 987
365 990
365 991
365 992
365 993
365 994
365 995
365 996
365 997
365 998
365 999
365 1000
366 423
366 456
366 462
366 466
366 478
366 592
366 616
366 627
366 651
366 656
366 724
367 546
367 562
367 589
367 713
367 714
367 720
367 798
367 815
367 820
367 852
367 867
367 877
367 890
368 451
368 557
368 563
368 693
368 703
368 722
368 739
368 785
368 791
368 837
369 564
369 568
369 577
369 603
369 630
369 710
369 716
369 757
369 770
369 819
369 826
369 835
369 847
369 859
370 683
370 811
370 834
370 851
370 864
370 865
370 866
370 879
370 884
370 893
370 896
370 897
370 903
370 906
371 381
371 575
371 591
371 593
371 608
371 612
371 646
371 647
372 985
372 986
372 987
372 990
372 991
372 992
372 993
372 994
372 995
372 996
372 997
372 998
372 999
372 1000
373 400
373 428
373 457
373 476
373 528
373 545
373 550
373 560
373 587
373 614
374 582
374 816
374 927
374 941
374 947
374 960
374 967
374 969
374 977
374 979
374 980
374 981
374 982
374 984
375 613
375 683
375 851
375 858
375 864
375 865
375 866
375 879
375 884
375 893
375 896
375 897
375 903
375 906
376 388
376 679
376 727
376 747
376 755
376 763
376 807
376 838
376 861
376 869
376 875
376 916
376 942
376 943
377 416
377 460
377 494
377 598
377 637
377 644
377 650
377 659
377 700
377 730
377 743
377 784
378 414
378 615
378 713
378 714
378 744
378 752
378 793
378 798
378 815
378 820
378 823
378 867
378 877
378 890
379 437
379 438
379 441
379 479
379 491
379 498
379 500
380 520
380 776
380 800
380 821
380 839
380 844
380 860
380 872
380 898
380 911
380 919
380 925
380 931
380 940
381 382
381 575
381 591
381 593
381 608
381 612
381 647
382 575
382 591
382 608
382 612
382 646
382 647
383 674
383 711
383 776
383 800
383 827
383 839
383 844
383 860
383 911
383 919
383 925
383 931
383 940
384 413
384 708
384 738
384 760
384 762
384 768
384 801
384 806
384 825
384 856
384 892
384 913
384 923
385 418
385 486
386 404
386 446
386 557
386 563
386 693
386 703
386 722
386 785
386 791
386 837
387 985
387 986
387 987
387 990
387 991
387 992
387 993
387 994
387 995
387 996
387 997
387 998
387 999
387 1000
388 643
388 755
388 796
388 807
388 814
388 875
388 885
388 910
388 916
388 921
388 942
388 943
389 554
389 558
389 653
389 735
389 749
389 766
389 775
389 849
389 874
389 887
389 895
389 944
389 951
389 973
390 474
390 568
390 577
390 603
390 757
390 770
390 819
390 835
390 847
390 859
391 471
391 480
391 490
391 499
391 516
391 521
391 584
391 621
391 655
391 675
391 740
392 600
392 629
392 653
392 698
392 741
392 790
392 849
392 887
392 895
392 944
392 951
392 973
393 470
393 488
393 512
393 518
394 417
394 443
394 452
394 511
394 529
394 544
394 567
394 586
394 588
395 423
395 456
395 478
395 493
395 578
395 592
395 594
395 616
395 627
395 656
395 724
396 480
396 499
396 516
396 584
396 621
396 636
396 655
396 675
396 740
397 642
397 669
397 725
397 751
397 767
397 778
397 783
397 789
397 803
397 804
397 810
397 845
397 846
398 660
398 732
398 813
398 868
398 870
398 930
398 938
398 946
398 953
398 955
398 956
398 961
398 975
399 412
400 428
400 439
400 457
400 476
400 542
400 545
400 550
400 560
400 587
400 614
401 551
401 682
401 774
401 833
401 918
401 937
401 945
401 949
401 958
401 964
401 965
401 971
401 974
401 976
402 985
402 986
402 987
402 990
402 991
402 992
402 993
402 994
402 995
402 996
402 997
402 998
402 999
402 1000
403 702
403 728
403 799
403 853
403 881
403 886
403 922
403 928
403 939
403 948
403 959
403 966
403 968
403 972
404 473
404 557
404 563
404 693
404 703
404 722
404 739
404 785
404 837
405 581
405 649
405 657
405 717
405 737
405 750
405 840
405 850
405 857
405 878
405 891
405 894
405 904
405 909
406 683
406 811
406 834
406 851
406 858
406 864
406 866
406 879
406 884
406 893
406 896
406 897
406 903
406 906
407 451
407 473
407 557
407 693
407 703
407 722
407 739
407 785
407 791
407 837
408 590
408 818
408 917
408 927
408 947
408 960
408 967
408 969
408 977
408 979
408 980
408 981
408 982
408 984
409 742
409 745
409 927
409 941
409 947
409 960
409 967
409 969
409 977
409 979
409 980
409 981
409 982
409 984
410 422
410 433
410 502
410 553
410 565
410 569
410 570
411 531
411 638
411 802
411 809
411 814
411 838
411 861
411 869
411 875
411 885
411 916
411 921
411 942
411 943
413 605
413 623
413 671
413 712
413 738
413 748
413 760
413 762
413 825
413 856
413 892
413 913
413 923
414 435
414 485
414 624
414 720
414 744
414 752
414 793
414 820
414 852
414 867
414 877
414 890
415 625
415 664
415 729
415 731
415 829
415 854
415 888
415 905
415 915
415 926
415 934
415 935
415 936
415 957
416 455
416 463
416 494
416 637
416 644
416 650
416 659
416 700
416 730
416 784
417 425
417 443
417 452
417 511
417 529
417 544
417 567
417 586
417 588
418 486
419 683
419 721
419 834
419 851
419 858
419 864
419 865
419 866
419 879
419 884
419 893
419 896
419 897
419 903
419 906
420 985
420 986
420 987
420 989
420 990
420 991
420 992
420 993
420 994
420 995
420 996
420 997
420 998
420 999
420 1000
421 985
421 986
421 987
421 989
421 990
421 991
421 992
421 993
421 994
421 995
421 996
421 997
421 998
421 999
421 1000
422 433
422 502
422 517
422 553
422 565
422 569
422 570
422 608
423 456
423 462
423 493
423 592
423 594
423 616
423 627
423 651
423 656
423 724
424 582
424 590
424 917
424 927
424 941
424 947
424 960
424 967
424 969
424 977
424 979
424 980
424 981
424 982
424 984
425 443
425 452
425 511
425 529
425 544
425 567
425 586
425 588
426 985
426 986
426 987
426 989
426 990
426 991
426 992
426 993
426 994
426 995
426 996
426 997
426 998
426 999
426 1000
427 432
427 721
427 834
427 851
427 858
427 864
427 865
427 866
427 879
427 884
427 893
427 896
427 897
427 903
427 906
428 439
428 457
428 476
428 528
428 545
428 550
428 560
428 587
428 614
429 506
429 696
429 732
429 794
429 805
429 870
429 930
429 938
429 946
429 953
429 955
429 956
429 961
429 975
430 503
430 515
430 597
430 729
430 854
430 862
430 902
430 905
430 908
430 915
430 926
430 934
430 935
430 936
430 957
431 513
431 581
431 649
431 654
431 677
431 706
431 717
431 737
431 779
431 850
431 857
431 891
431 894
431 904
431 909
432 483
432 721
432 811
432 834
432 851
432 864
432 865
432 866
432 884
432 893
432 896
432 897
432 903
432 906
433 502
433 517
433 553
433 565
433 569
433 570
434 447
434 523
434 555
434 579
434 585
434 685
434 692
434 704
434 734
434 758
434 761
435 485
435 546
435 602
435 615
435 714
435 720
435 744
435 752
435 820
435 823
435 852
435 867
435 877
436 519
436 539
436 652
436 808
436 822
436 831
436 918
436 937
436 945
436 958
436 964
436 965
436 971
436 974
436 976
437 438
437 441
437 444
437 479
437 491
437 498
437 500
438 441
438 444
438 498
438 500
439 476
439 528
439 542
439 545
439 550
439 560
439 587
439 614
440 595
440 604
440 610
440 642
440 691
440 725
440 751
440 767
440 778
440 783
440 803
440 804
440 810
440 845
440 846
441 444
441 479
441 491
441 500
442 673
442 742
442 818
442 917
442 927
442 941
442 947
442 960
442 969
442 977
442 979
442 980
442 981
442 982
442 984
443 452
443 511
443 529
443 544
443 567
443 586
443 588
444 479
444 491
444 498
444 500
445 561
445 742
445 816
445 917
445 927
445 941
445 960
445 967
445 969
445 977
445 979
445 980
445 981
445 982
445 984
446 451
446 473
446 537
446 557
446 668
446 693
446 703
446 722
446 739
446 785
446 837
447 523
447 547
447 585
447 685
447 692
447 704
447 734
447 758
447 761
448 610
448 620
448 669
448 691
448 725
448 751
448 767
448 778
448 789
448 803
448 804
448 810
448 845
448 846
449 618
449 633
449 641
449 684
449 711
449 821
449 827
449 839
449 844
449 872
449 898
449 919
449 925
449 931
449 940
450 726
450 818
450 824
450 927
450 941
450 947
450 960
450 967
450 969
450 977
450 979
450 980
450 981
450 982
450 984
451 668
451 703
451 722
451 739
451 791
451 837
452 511
452 529
452 544
452 567
452 586
452 588
453 985
453 986
453 987
453 989
453 990
453 991
453 992
453 993
453 994
453 995
453 996
453 997
453 998
453 999
453 1000
454 496
454 536
454 635
454 678
454 832
454 873
454 876
454 880
454 882
454 899
454 920
454 929
454 954
454 963
454 970
455 460
455 494
455 598
455 644
455 650
455 659
455 700
455 730
455 743
455 784
456 493
456 578
456 592
456 594
456 616
456 627
456 651
456 656
456 724
457 528
457 542
457 545
457 550
457 560
457 587
457 614
458 576
458 640
458 680
458 719
458 817
458 863
458 873
458 882
458 912
458 920
458 929
458 954
458 963
458 970
459 666
459 848
459 853
459 881
459 886
459 922
459 924
459 928
459 932
459 939
459 948
459 959
459 966
459 968
459 972
460 463
460 637
460 644
460 650
460 659
460 730
460 743
460 784
461 573
461 667
461 799
461 881
461 900
461 922
461 924
461 928
461 932
461 939
461 948
461 959
461 966
461 968
461 972
462 466
462 493
462 578
462 592
462 594
462 627
462 651
462 656
462 724
463 494
463 598
463 644
463 650
463 700
463 730
463 743
463 784
464 507
464 736
464 753
464 781
464 829
464 888
464 902
464 905
464 908
464 915
464 926
464 934
464 935
464 936
464 957
465 472
465 645
465 721
465 811
465 851
465 858
465 864
465 866
465 879
465 884
465 893
465 896
465 897
465 903
465 906
466 478
466 493
466 578
466 592
466 594
466 627
466 651
466 656
466 724
467 611
467 732
467 786
467 787
467 805
467 868
467 870
467 907
467 930
467 938
467 946
467 953
467 956
467 961
467 975
468 497
468 574
468 635
468 640
468 648
468 678
468 701
468 832
468 863
468 880
468 899
468 920
468 954
468 963
468 970
469 541
469 645
469 721
469 811
469 851
469 858
469 864
469 865
469 866
469 879
469 893
469 896
469 897
469 903
469 906
470 488
470 512
470 518
471 499
471 521
471 619
471 621
471 636
471 655
471 675
471 740
472 645
472 811
472 834
472 851
472 858
472 864
472 865
472 866
472 879
472 884
472 893
472 896
472 897
472 903
472 906
473 537
473 563
473 668
473 693
473 703
473 739
473 785
473 791
473 837
474 540
474 564
474 571
474 630
474 710
474 716
474 757
474 819
474 826
474 835
474 847
474 859
475 520
475 641
475 705
475 718
475 788
475 792
475 821
475 827
475 839
475 844
475 898
475 911
475 919
475 925
475 931
475 940
476 528
476 542
476 545
476 550
476 560
476 587
476 614
477 558
477 572
477 629
477 686
477 741
477 749
477 782
477 874
477 887
477 889
477 895
477 914
477 944
477 951
477 973
478 493
478 578
478 592
478 594
478 616
478 627
478 651
478 656
478 724
479 491
479 498
479 500
480 482
480 490
480 499
480 584
480 619
480 621
480 636
480 655
480 675
480 740
481 715
481 772
481 786
481 787
481 794
481 805
481 841
481 868
481 907
481 938
481 946
481 953
481 955
481 956
481 961
481 975
482 490
482 516
482 521
482 584
482 619
482 621
482 636
482 675
482 740
483 683
483 811
483 834
483 851
483 858
483 864
483 865
483 866
483 879
483 884
483 893
483 896
483 897
483 903
483 906
484 605
484 671
484 687
484 712
484 748
484 760
484 768
484 801
484 825
484 856
484 892
484 913
484 923
485 546
485 562
485 602
485 624
485 720
485 744
485 793
485 820
485 823
485 852
485 867
485 877
485 890
487 522
487 690
487 816
487 917
487 927
487 941
487 947
487 960
487 967
487 969
487 977
487 979
487 980
487 981
487 982
487 984
488 512
488 518
489 576
489 648
489 681
489 719
489 832
489 863
489 873
489 882
489 899
489 920
489 929
489 954
489 963
489 970
490 499
490 516
490 521
490 584
490 619
490 621
490 655
490 675
490 740
491 498
491 500
492 573
492 728
492 797
492 848
492 853
492 900
492 922
492 924
492 928
492 932
492 939
492 948
492 959
492 966
492 968
492 972
493 592
493 594
493 616
493 627
493 651
493 656
493 724
494 598
494 637
494 644
494 659
494 700
494 730
494 743
494 784
495 556
495 611
495 709
495 715
495 769
495 787
495 841
495 868
495 907
495 930
495 946
495 953
495 955
495 956
495 961
495 975
496 526
496 635
496 670
496 681
496 701
496 832
496 873
496 876
496 880
496 899
496 912
496 929
496 954
496 963
496 970
497 536
497 632
497 640
497 670
497 680
497 832
497 873
497 876
497 882
497 899
497 912
497 929
497 954
497 963
497 970
498 500
499 516
499 521
499 584
499 619
499 621
499 636
499 655
499 675
499 740
501 745
501 816
501 824
501 917
501 927
501 941
501 947
501 960
501 967
501 969
501 977
501 979
501 980
501 981
501 982
501 984
502 517
502 553
502 565
502 569
502 570
503 607
503 753
503 759
503 854
503 862
503 888
503 902
503 905
503 908
503 915
503 926
503 934
503 935
503 936
503 957
504 985
504 986
504 987
504 988
504 989
504 990
504 991
504 992
504 993
504 994
504 995
504 996
504 997
504 998
504 999
504 1000
505 554
505 596
505 617
505 653
505 686
505 766
505 775
505 790
505 874
505 887
505 889
505 895
505 944
505 951
505 973
506 676
506 732
506 769
506 786
506 841
506 868
506 870
506 907
506 938
506 946
506 953
506 955
506 956
506 961
506 975
507 559
507 597
507 607
507 753
507 759
507 836
507 854
507 888
507 908
507 915
507 926
507 934
507 935
507 936
507 957
508 661
508 755
508 763
508 802
508 807
508 814
508 838
508 861
508 869
508 875
508 885
508 910
508 921
508 942
508 943
509 676
509 715
509 732
509 787
509 794
509 805
509 868
509 870
509 907
509 930
509 938
509 946
509 953
509 955
509 961
509 975
510 754
510 774
510 808
510 812
510 833
510 883
510 918
510 937
510 945
510 949
510 958
510 964
510 965
510 971
510 974
510 976
511 529
511 544
511 567
511 586
511 588
512 518
513 631
513 649
513 654
513 717
513 750
513 779
513 840
513 850
513 857
513 878
513 891
513 894
513 904
513 909
514 551
514 754
514 808
514 822
514 831
514 871
514 883
514 918
514 945
514 949
514 958
514 964
514 965
514 971
514 974
514 976
515 543
515 664
515 759
515 781
515 836
515 854
515 862
515 888
515 902
515 908
515 926
515 935
515 957
516 521
516 584
516 619
516 636
516 675
516 740
517 553
517 565
517 569
517 570
519 622
519 682
519 694
519 822
519 871
519 883
519 918
519 945
519 949
519 958
519 964
519 965
519 971
519 974
519 976
520 552
520 633
520 684
520 718
520 792
520 800
520 844
520 898
520 911
520 919
520 925
520 931
520 940
521 584
521 619
521 621
521 636
521 655
521 675
521 740
522 690
522 742
522 816
522 917
522 927
522 941
522 947
522 960
522 967
522 969
522 977
522 979
522 980
522 981
522 982
522 984
523 555
523 579
523 685
523 692
523 704
523 734
523 758
523 761
524 665
524 702
524 746
524 773
524 853
524 881
524 886
524 900
524 922
524 928
524 932
524 939
524 948
524 959
524 966
524 968
524 972
525 554
525 629
525 653
525 686
525 790
525 843
525 849
525 887
525 889
525 895
525 914
525 944
525 951
525 973
526 574
526 634
526 678
526 719
526 832
526 880
526 882
526 899
526 912
526 920
526 929
526 954
526 963
526 970
527 661
527 663
527 679
527 727
527 771
527 796
527 802
527 807
527 809
527 838
527 861
527 869
527 885
527 910
527 921
527 942
527 943
528 542
528 545
528 550
528 560
528 587
528 614
529 544
529 567
529 586
529 588
530 726
530 742
530 816
530 824
530 917
530 927
530 941
530 947
530 967
530 969
530 977
530 979
530 980
530 981
530 982
530 984
531 638
531 643
531 747
531 755
531 763
531 771
531 802
531 814
531 861
531 869
531 875
531 885
531 910
531 916
531 942
531 943
532 599
532 618
532 641
532 684
532 707
532 776
532 800
532 827
532 839
532 860
532 872
532 911
532 919
532 925
532 931
532 940
533 564
533 577
533 603
533 630
533 716
533 757
533 770
533 819
533 826
533 835
533 847
533 859
534 535
534 631
534 654
534 689
534 706
534 717
534 737
534 750
534 840
534 850
534 857
534 878
534 891
534 894
534 904
534 909
535 549
535 654
535 677
535 689
535 706
535 737
535 779
535 840
535 850
535 878
535 891
535 894
535 904
535 909
536 632
536 635
536 672
536 678
536 817
536 832
536 876
536 880
536 899
536 920
536 929
536 954
536 963
536 970
537 557
537 668
537 693
537 703
537 739
537 785
537 791
537 837
538 599
538 633
538 707
538 711
538 788
538 792
538 800
538 827
538 839
538 844
538 860
538 872
538 898
538 919
538 925
538 931
538 940
539 658
539 774
539 808
539 812
539 833
539 883
539 918
539 937
539 945
539 949
539 958
539 964
539 965
539 971
539 974
539 976
540 564
540 568
540 571
540 603
540 630
540 716
540 770
540 819
540 826
540 835
540 859
541 645
541 683
541 721
541 811
541 834
541 851
541 858
541 865
541 866
541 879
541 884
541 893
541 896
541 897
541 903
541 906
542 545
542 550
542 560
542 587
542 614
543 664
543 736
543 753
543 836
543 862
543 888
543 902
543 905
543 908
543 915
543 926
543 934
543 935
543 936
543 957
544 567
544 586
544 588
545 560
545 587
545 614
546 615
546 624
546 713
546 714
546 744
546 793
546 798
546 820
546 823
546 852
546 867
546 877
546 890
547 555
547 585
547 685
547 692
547 704
547 734
547 758
547 761
548 605
548 687
548 708
548 712
548 738
548 748
548 760
548 762
548 768
548 806
548 825
548 856
548 892
548 913
548 923
549 631
549 649
549 657
549 677
549 689
549 717
549 737
549 750
549 840
549 850
549 857
549 878
549 891
549 894
549 904
549 909
550 560
550 587
550 614
551 622
551 812
551 831
551 833
551 871
551 918
551 937
551 945
551 949
551 958
551 964
551 965
551 971
551 974
551 976
552 599
552 618
552 711
552 765
552 776
552 788
552 800
552 821
552 844
552 860
552 872
552 898
552 919
552 925
552 931
552 940
553 565
553 569
553 570
554 558
554 596
554 606
554 699
554 741
554 749
554 766
554 874
554 887
554 889
554 914
554 951
554 973
555 579
555 585
555 685
555 692
555 734
555 758
555 761
556 676
556 696
556 715
556 769
556 786
556 787
556 805
556 841
556 868
556 870
556 907
556 946
556 955
556 956
556 961
556 975
557 563
557 693
557 703
557 722
557 739
557 785
557 791
557 837
558 596
558 629
558 735
558 775
558 782
558 843
558 874
558 887
558 895
558 914
558 944
558 951
558 973
559 607
559 664
559 753
559 781
559 836
559 854
559 888
559 902
559 908
559 915
559 926
559 934
559 935
559 936
559 957
560 587
560 614
561 582
561 690
561 726
561 745
561 818
561 824
561 941
561 947
561 960
561 967
561 969
561 977
561 979
561 980
561 981
561 982
561 984
562 589
562 713
562 752
562 798
562 815
562 820
562 823
562 852
562 867
562 877
562 890
563 668
563 693
563 722
563 739
563 785
563 791
563 837
564 568
564 571
564 577
564 603
564 630
564 716
564 770
564 826
564 835
564 847
564 859
565 569
565 570
566 673
566 726
566 745
566 816
566 818
566 917
566 927
566 941
566 947
566 960
566 967
566 969
566 977
566 979
566 980
566 981
566 982
566 984
567 586
567 588
568 577
568 603
568 630
568 710
568 757
568 770
568 819
568 826
568 835
568 847
568 859
569 570
571 577
571 630
571 710
571 716
571 757
571 770
571 819
571 826
571 835
571 847
571 859
572 596
572 600
572 617
572 686
572 698
572 699
572 735
572 741
572 843
572 887
572 889
572 895
572 914
572 944
572 951
572 973
573 728
573 746
573 773
573 853
573 881
573 886
573 900
573 922
573 924
573 932
573 939
573 948
573 959
573 966
573 968
573 972
574 576
574 632
574 670
574 817
574 832
574 863
574 873
574 882
574 912
574 920
574 929
574 954
574 963
574 970
575 591
575 593
575 608
575 612
575 646
576 632
576 680
576 719
576 832
576 863
576 873
576 876
576 899
576 912
576 920
576 929
576 954
576 963
576 970
577 630
577 710
577 770
577 819
577 826
577 835
577 847
577 859
578 592
578 594
578 616
578 627
578 651
578 656
578 724
579 585
579 685
579 692
579 704
579 734
579 758
579 761
580 639
580 658
580 682
580 774
580 808
580 822
580 833
580 871
580 883
580 918
580 937
580 949
580 958
580 964
580 965
580 971
580 974
580 976
581 631
581 654
581 657
581 677
581 689
581 706
581 750
581 840
581 850
581 857
581 878
581 891
581 894
581 904
581 909
582 745
582 818
582 824
582 917
582 927
582 947
582 967
582 969
582 977
582 979
582 980
582 981
582 982
582 984
583 665
583 797
583 799
583 848
583 881
583 886
583 900
583 922
583 924
583 928
583 932
583 939
583 948
583 959
583 966
583 968
583 972
584 636
584 655
584 675
584 740
585 685
585 692
585 704
585 734
585 758
585 761
586 588
587 614
589 624
589 626
589 713
589 720
589 744
589 752
589 798
589 815
589 820
589 823
589 852
589 867
589 877
589 890
590 742
590 816
590 818
590 824
590 917
590 927
590 941
590 947
590 960
590 967
590 969
590 977
590 979
590 980
590 981
590 982
590 984
591 593
591 608
591 612
591 646
591 647
592 594
592 616
592 651
592 656
592 724
593 608
593 612
593 646
593 647
594 627
594 651
594 656
594 724
595 604
595 620
595 642
595 669
595 691
595 725
595 751
595 767
595 778
595 783
595 789
595 803
595 804
595 810
595 845
595 846
596 600
596 698
596 735
596 741
596 775
596 782
596 790
596 843
596 895
596 914
596 951
596 973
597 729
597 736
597 753
597 759
597 781
597 829
597 862
597 888
597 902
597 905
597 915
597 934
597 935
597 936
597 957
598 637
598 650
598 659
598 700
598 730
598 743
598 784
599 684
599 705
599 718
599 788
599 792
599 827
599 839
599 844
599 860
599 872
599 898
599 911
599 919
599 931
599 940
600 606
600 698
600 699
600 790
600 843
600 849
600 874
600 887
600 914
600 944
600 951
600 973
601 671
601 687
601 712
601 738
601 748
601 762
601 768
601 801
601 806
601 825
601 856
601 913
601 923
602 626
602 714
602 720
602 752
602 793
602 798
602 815
602 820
602 823
602 852
602 867
602 890
603 630
603 716
603 757
603 770
603 819
603 826
603 835
603 847
603 859
604 620
604 642
604 691
604 725
604 751
604 767
604 778
604 783
604 803
604 810
604 845
604 846
605 708
605 712
605 738
605 760
605 801
605 806
605 825
605 856
605 892
605 913
605 923
606 629
606 698
606 699
606 735
606 775
606 790
606 843
606 849
606 874
606 887
606 895
606 914
606 944
606 951
606 973
607 664
607 731
607 781
607 829
607 854
607 862
607 902
607 905
607 908
607 915
607 926
607 934
607 935
607 936
607 957
608 612
608 646
608 647
609 962
609 978
609 983
609 985
609 986
609 987
609 988
609 989
609 990
609 991
609 992
609 993
609 994
609 995
609 996
609 997
609 998
609 999
609 1000
610 620
610 642
610 691
610 751
610 767
610 778
610 783
610 789
610 803
610 804
610 810
610 845
610 846
611 660
611 676
611 696
611 786
611 813
611 841
611 868
611 870
611 907
611 930
611 938
611 946
611 953
611 955
611 956
611 961
611 975
612 646
612 647
613 683
613 721
613 811
613 834
613 851
613 858
613 864
613 865
613 866
613 879
613 884
613 893
613 896
613 897
613 903
613 906
615 624
615 626
615 713
615 714
615 744
615 752
615 793
615 798
615 815
615 820
615 823
615 852
615 867
615 877
615 890
616 627
616 651
616 656
616 724
617 629
617 686
617 735
617 749
617 775
617 782
617 849
617 874
617 887
617 889
617 914
617 944
617 951
617 973
618 674
618 705
618 707
618 718
618 788
618 792
618 800
618 821
618 827
618 839
618 872
618 898
618 911
618 925
618 931
618 940
619 621
619 636
619 655
619 675
619 740
620 642
620 669
620 691
620 725
620 751
620 767
620 783
620 789
620 804
620 810
620 845
620 846
621 636
621 655
621 675
621 740
622 694
622 754
622 808
622 812
622 833
622 871
622 883
622 918
622 937
622 945
622 949
622 958
622 964
622 965
622 971
622 974
622 976
623 671
623 687
623 738
623 748
623 762
623 768
623 801
623 806
623 825
623 856
623 892
623 913
623 923
624 713
624 714
624 720
624 744
624 752
624 793
624 815
624 820
624 823
624 852
624 867
624 877
624 890
625 729
625 736
625 753
625 759
625 781
625 829
625 854
625 862
625 888
625 905
625 908
625 915
625 926
625 934
625 935
625 936
625 957
626 714
626 720
626 744
626 752
626 793
626 815
626 820
626 823
626 852
626 867
626 877
626 890
627 651
627 656
627 724
628 663
628 688
628 727
628 747
628 755
628 763
628 771
628 796
628 802
628 809
628 814
628 869
628 875
628 885
628 910
628 916
628 921
628 942
628 943
629 653
629 741
629 749
629 775
629 782
629 790
629 874
629 887
629 889
629 895
629 914
629 944
629 973
630 710
630 716
630 757
630 819
630 835
630 847
631 677
631 689
631 706
631 737
631 750
631 840
631 857
631 878
631 891
631 894
631 904
631 909
632 634
632 635
632 648
632 672
632 678
632 701
632 873
632 876
632 880
632 882
632 899
632 912
632 920
632 929
632 963
632 970
633 684
633 718
633 765
633 792
633 821
633 827
633 839
633 844
633 860
633 872
633 898
633 911
633 919
633 925
633 931
633 940
634 680
634 817
634 832
634 863
634 873
634 880
634 882
634 899
634 912
634 920
634 929
634 954
634 963
634 970
635 678
635 680
635 817
635 873
635 880
635 882
635 899
635 912
635 920
635 929
635 954
635 963
635 970
636 655
636 675
636 740
637 650
637 659
637 700
637 730
637 743
637 784
638 643
638 679
638 727
638 747
638 755
638 771
638 807
638 814
638 838
638 861
638 869
638 875
638 885
638 910
638 916
638 921
638 942
638 943
639 658
639 682
639 764
639 774
639 808
639 831
639 833
639 871
639 883
639 918
639 937
639 945
639 949
639 964
639 965
639 971
639 974
639 976
640 648
640 672
640 678
640 680
640 701
640 817
640 863
640 873
640 876
640 880
640 882
640 899
640 920
640 929
640 954
640 963
640 970
641 684
641 711
641 788
641 792
641 800
641 821
641 839
641 844
641 860
641 872
641 898
641 911
641 919
641 925
641 931
641 940
642 669
642 691
642 725
642 751
642 767
642 778
642 783
642 789
642 803
642 804
642 810
642 845
642 846
643 663
643 747
643 796
643 802
643 807
643 809
643 814
643 838
643 861
643 869
643 875
643 885
643 910
643 916
643 921
643 942
643 943
644 650
644 659
644 700
644 730
644 743
644 784
645 683
645 721
645 811
645 834
645 851
645 858
645 864
645 865
645 866
645 879
645 884
645 893
645 896
645 903
645 906
646 647
648 670
648 678
648 680
648 817
648 832
648 873
648 876
648 880
648 882
648 912
648 920
648 954
648 963
648 970
649 654
649 677
649 689
649 717
649 737
649 779
649 850
649 857
649 878
649 891
649 894
649 904
649 909
650 659
650 700
650 730
650 743
650 784
651 656
651 724
652 658
652 754
652 764
652 774
652 808
652 812
652 831
652 833
652 871
652 883
652 918
652 937
652 945
652 949
652 958
652 964
652 965
652 971
652 974
652 976
653 698
653 735
653 741
653 749
653 775
653 782
653 790
653 849
653 874
653 887
653 895
653 944
653 951
653 973
654 677
654 706
654 717
654 750
654 779
654 840
654 850
654 857
654 878
654 891
654 894
654 904
654 909
655 740
656 724
657 677
657 689
657 737
657 750
657 779
657 840
657 850
657 857
657 878
657 891
657 894
657 909
658 754
658 764
658 808
658 812
658 822
658 831
658 833
658 871
658 937
658 945
658 958
658 964
658 965
658 971
658 974
658 976
659 700
659 730
659 743
659 784
660 696
660 715
660 772
660 794
660 805
660 813
660 841
660 868
660 870
660 930
660 938
660 946
660 953
660 955
660 961
660 975
661 663
661 688
661 727
661 747
661 796
661 802
661 807
661 809
661 814
661 838
661 861
661 869
661 875
661 885
661 910
661 916
661 921
661 942
661 943
662 950
662 952
662 962
662 978
662 983
662 985
662 986
662 987
662 988
662 989
662 990
662 991
662 992
662 993
662 994
662 995
662 996
662 997
662 998
662 999
662 1000
663 688
663 747
663 755
663 771
663 796
663 802
663 838
663 861
663 869
663 875
663 885
663 910
663 916
663 921
663 942
663 943
664 731
664 736
664 753
664 829
664 836
664 862
664 905
664 908
664 915
664 926
664 934
664 935
664 936
664 957
665 695
665 728
665 746
665 773
665 797
665 881
665 886
665 900
665 922
665 924
665 928
665 932
665 939
665 948
665 959
665 966
665 968
665 972
666 702
666 746
666 773
666 797
666 848
666 853
666 881
666 886
666 900
666 922
666 924
666 928
666 932
666 939
666 948
666 959
666 966
666 968
666 972
667 695
667 702
667 728
667 746
667 797
667 799
667 848
667 853
667 886
667 900
667 922
667 924
667 928
667 932
667 939
667 948
667 959
667 966
667 968
667 972
668 693
668 703
668 722
668 739
668 785
668 791
668 837
669 691
669 725
669 751
669 767
669 778
669 783
669 789
669 803
669 804
669 810
669 845
669 846
670 701
670 817
670 832
670 863
670 873
670 876
670 880
670 882
670 912
670 920
670 929
670 954
670 963
670 970
671 687
671 708
671 712
671 738
671 748
671 760
671 768
671 806
671 856
671 892
671 913
671 923
672 680
672 681
672 701
672 719
672 863
672 876
672 880
672 882
672 899
672 912
672 920
672 929
672 954
672 963
672 970
673 690
673 726
673 745
673 816
673 818
673 824
673 927
673 941
673 947
673 960
673 967
673 969
673 977
673 979
673 980
673 981
673 982
673 984
674 684
674 707
674 765
674 776
674 792
674 800
674 827
674 839
674 844
674 860
674 872
674 898
674 911
674 919
674 925
674 931
674 940
675 740
676 709
676 772
676 787
676 794
676 868
676 870
676 907
676 930
676 938
676 946
676 953
676 955
676 956
676 961
676 975
677 717
677 737
677 750
677 779
677 840
677 850
677 857
677 878
677 891
677 894
677 904
677 909
678 817
678 832
678 863
678 873
678 876
678 880
678 882
678 899
678 912
678 929
678 954
678 963
678 970
679 747
679 763
679 771
679 796
679 802
679 809
679 814
679 838
679 861
679 869
679 875
679 885
679 910
679 916
679 921
679 942
679 943
680 681
680 817
680 863
680 876
680 882
680 899
680 920
680 929
680 954
680 963
680 970
681 701
681 719
681 817
681 863
681 873
681 876
681 880
681 882
681 899
681 912
681 920
681 929
681 954
681 963
681 970
682 754
682 774
682 808
682 812
682 831
682 871
682 918
682 937
682 945
682 949
682 958
682 964
682 965
682 971
682 974
682 976
683 721
683 834
683 851
683 858
683 864
683 865
683 866
683 879
683 884
683 893
683 896
683 897
683 903
683 906
684 705
684 718
684 776
684 788
684 827
684 839
684 844
684 860
684 872
684 898
684 911
684 919
684 925
684 940
685 692
685 704
685 734
685 758
685 761
685 865
686 698
686 735
686 741
686 766
686 775
686 843
686 849
686 874
686 887
686 889
686 914
686 944
686 951
686 973
687 708
687 738
687 760
687 762
687 768
687 801
687 806
687 825
687 856
687 892
687 913
687 923
688 747
688 755
688 763
688 771
688 802
688 807
688 814
688 838
688 861
688 875
688 885
688 910
688 916
688 942
688 943
689 717
689 737
689 750
689 779
689 840
689 850
689 857
689 878
689 894
689 904
689 909
690 745
690 816
690 818
690 824
690 917
690 927
690 941
690 947
690 960
690 967
690 969
690 977
690 979
690 980
690 981
690 982
690 984
691 725
691 751
691 767
691 778
691 783
691 789
691 803
691 804
691 845
691 846
692 704
692 734
692 758
692 761
693 703
693 722
693 739
693 785
693 791
693 837
694 764
694 774
694 808
694 812
694 822
694 831
694 833
694 871
694 883
694 918
694 945
694 949
694 958
694 964
694 965
694 971
694 974
694 976
695 702
695 728
695 773
695 797
695 848
695 853
695 881
695 886
695 900
695 922
695 924
695 928
695 932
695 939
695 948
695 959
695 966
695 968
695 972
696 709
696 715
696 732
696 769
696 772
696 786
696 805
696 841
696 870
696 907
696 930
696 938
696 946
696 953
696 955
696 956
696 961
696 975
697 933
697 950
697 952
697 962
697 978
697 983
697 985
697 986
697 987
697 988
697 989
697 990
697 991
697 992
697 993
697 994
697 995
697 996
697 997
697 998
697 999
697 1000
698 699
698 735
698 766
698 775
698 782
698 843
698 874
698 887
698 889
698 895
698 914
698 944
698 951
698 973
699 735
699 749
699 766
699 782
699 790
699 849
699 874
699 895
699 914
699 944
699 951
699 973
700 730
700 743
700 784
701 817
701 832
701 863
701 873
701 876
701 880
701 882
701 899
701 912
701 920
701 954
701 963
701 970
702 773
702 797
702 848
702 853
702 881
702 886
702 900
702 922
702 928
702 932
702 939
702 948
702 959
702 966
702 968
702 972
703 722
703 739
703 791
703 837
704 734
704 758
704 761
705 707
705 711
705 718
705 765
705 788
705 792
705 800
705 821
705 839
705 860
705 872
705 898
705 911
705 919
705 925
705 931
705 940
706 717
706 737
706 750
706 840
706 850
706 857
706 878
706 891
706 894
706 904
706 909
707 711
707 765
707 776
707 788
707 792
707 800
707 821
707 827
707 844
707 860
707 872
707 898
707 911
707 919
707 925
707 931
707 940
708 712
708 738
708 748
708 762
708 768
708 806
708 825
708 856
708 892
708 913
708 923
709 732
709 769
709 786
709 794
709 805
709 813
709 841
709 868
709 870
709 907
709 930
709 938
709 946
709 953
709 955
709 956
709 961
709 975
710 716
710 757
710 770
710 819
710 826
710 835
710 847
710 859
711 718
711 765
711 776
711 788
711 800
711 821
711 844
711 860
711 872
711 898
711 911
711 919
711 925
711 931
711 940
712 748
712 760
712 762
712 768
712 801
712 806
712 825
712 856
712 892
712 923
713 720
713 744
713 752
713 793
713 798
713 815
713 820
713 823
713 852
713 867
713 877
713 890
714 720
714 744
714 752
714 793
714 798
714 820
714 823
714 852
714 867
714 877
714 890
715 769
715 786
715 787
715 805
715 813
715 841
715 868
715 870
715 907
715 930
715 938
715 946
715 953
715 955
715 956
715 961
715 975
716 757
716 770
716 819
716 826
716 835
716 847
716 859
717 737
717 750
717 779
717 850
717 878
717 891
717 894
717 904
717 909
718 765
718 776
718 788
718 821
718 827
718 839
718 860
718 872
718 898
718 911
718 919
718 925
718 931
718 940
719 817
719 832
719 863
719 873
719 876
719 880
719 899
719 912
719 920
719 929
719 954
719 963
719 970
720 744
720 752
720 793
720 798
720 815
720 823
720 852
720 877
720 890
721 811
721 834
721 851
721 858
721 864
721 865
721 866
721 884
721 893
721 896
721 897
721 903
721 906
722 739
722 785
722 791
722 837
723 901
723 933
723 950
723 952
723 962
723 978
723 983
723 985
723 986
723 987
723 988
723 989
723 990
723 991
723 992
723 993
723 994
723 995
723 996
723 997
723 998
723 999
723 1000
725 751
725 767
725 778
725 783
725 789
725 803
725 804
725 810
725 845
725 846
726 742
726 745
726 816
726 818
726 824
726 917
726 927
726 941
726 947
726 960
726 967
726 969
726 977
726 979
726 980
726 981
726 982
726 984
727 747
727 755
727 763
727 796
727 807
727 809
727 838
727 861
727 869
727 875
727 885
727 910
727 916
727 921
727 942
727 943
728 797
728 799
728 848
728 853
728 881
728 900
728 924
728 928
728 932
728 939
728 948
728 959
728 966
728 968
728 972
729 736
729 753
729 781
729 829
729 836
729 854
729 862
729 888
729 902
729 905
729 908
729 915
729 926
729 934
729 935
729 936
729 957
730 743
730 784
731 736
731 753
731 759
731 829
731 854
731 888
731 902
731 905
731 908
731 926
731 934
731 935
731 936
731 957
732 769
732 786
732 787
732 794
732 805
732 813
732 868
732 907
732 930
732 938
732 946
732 953
732 955
732 956
732 961
732 975
733 855
733 901
733 933
733 950
733 952
733 962
733 978
733 983
733 985
733 986
733 987
733 988
733 989
733 990
733 991
733 992
733 993
733 994
733 995
733 996
733 997
733 998
733 999
733 1000
734 758
734 761
735 741
735 749
735 775
735 782
735 843
735 849
735 887
735 889
735 914
735 944
735 951
735 973
736 781
736 829
736 836
736 854
736 862
736 888
736 902
736 905
736 915
736 926
736 934
736 935
736 936
736 957
737 750
737 779
737 840
737 850
737 857
737 878
737 891
737 894
737 904
737 909
738 748
738 760
738 762
738 768
738 801
738 806
738 825
738 856
738 892
738 913
738 923
739 785
739 791
739 837
741 766
741 782
741 843
741 849
741 874
741 889
741 895
741 914
741 944
741 951
741 973
742 816
742 818
742 824
742 917
742 927
742 941
742 947
742 960
742 967
742 969
742 977
742 979
742 980
742 981
742 982
742 984
743 784
744 793
744 798
744 815
744 820
744 823
744 852
744 867
744 877
744 890
745 816
745 818
745 824
745 917
745 927
745 941
745 947
745 960
745 967
745 969
745 977
745 979
745 980
745 981
745 982
745 984
746 773
746 797
746 799
746 848
746 853
746 881
746 886
746 900
746 922
746 924
746 928
746 932
746 939
746 948
746 959
746 966
746 968
746 972
747 755
747 763
747 771
747 796
747 807
747 814
747 838
747 875
747 910
747 916
747 921
747 942
747 943
748 760
748 762
748 801
748 806
748 825
748 892
748 913
748 923
749 766
749 775
749 843
749 849
749 874
749 887
749 889
749 895
749 914
749 944
749 951
749 973
750 840
750 850
750 857
750 878
750 891
750 894
750 904
750 909
751 767
751 778
751 783
751 789
751 803
751 804
751 810
751 845
751 846
752 798
752 815
752 820
752 823
752 852
752 867
752 877
752 890
753 759
753 829
753 836
753 854
753 862
753 888
753 905
753 908
753 915
753 926
753 934
753 935
753 936
753 957
754 764
754 774
754 808
754 812
754 822
754 831
754 833
754 871
754 883
754 918
754 937
754 945
754 949
754 958
754 964
754 965
754 971
754 974
754 976
755 763
755 771
755 796
755 807
755 809
755 838
755 861
755 869
755 875
755 910
755 916
755 921
755 942
755 943
756 842
756 855
756 901
756 933
756 950
756 952
756 962
756 978
756 983
756 985
756 986
756 987
756 988
756 989
756 990
756 991
756 992
756 993
756 994
756 995
756 996
756 997
756 998
756 999
756 1000
757 770
757 826
757 835
757 847
757 859
758 761
759 781
759 829
759 836
759 854
759 902
759 905
759 908
759 915
759 926
759 934
759 935
759 936
759 957
760 762
760 768
760 801
760 806
760 825
760 856
760 892
760 913
760 923
762 768
762 801
762 806
762 825
762 856
762 892
762 913
762 923
763 802
763 807
763 809
763 814
763 861
763 869
763 875
763 885
763 910
763 916
763 921
763 942
763 943
764 774
764 808
764 822
764 831
764 833
764 871
764 883
764 918
764 937
764 945
764 949
764 958
764 964
764 965
764 971
764 974
764 976
765 776
765 788
765 792
765 800
765 821
765 827
765 839
765 844
765 860
765 872
765 898
765 911
765 919
765 925
765 931
765 940
766 775
766 790
766 849
766 874
766 887
766 889
766 895
766 914
766 951
766 973
767 778
767 783
767 789
767 803
767 804
767 810
767 845
767 846
768 801
768 806
768 825
768 856
768 892
768 913
768 923
769 772
769 786
769 787
769 794
769 805
769 841
769 870
769 907
769 930
769 938
769 946
769 953
769 955
769 956
769 961
769 975
770 819
770 826
770 835
770 847
770 859
771 802
771 807
771 809
771 814
771 861
771 869
771 875
771 885
771 916
771 921
771 942
771 943
772 786
772 787
772 794
772 805
772 813
772 841
772 868
772 870
772 907
772 930
772 938
772 953
772 955
772 956
772 961
772 975
773 797
773 799
773 848
773 853
773 881
773 900
773 922
773 924
773 928
773 932
773 939
773 948
773 959
773 966
773 968
773 972
774 812
774 831
774 833
774 871
774 883
774 918
774 937
774 945
774 958
774 964
774 965
774 971
774 974
774 976
775 790
775 843
775 874
775 887
775 889
775 895
775 914
775 944
775 973
776 792
776 800
776 821
776 839
776 844
776 860
776 872
776 898
776 911
776 919
776 925
776 931
776 940
777 828
777 842
777 855
777 901
777 933
777 950
777 952
777 962
777 978
777 983
777 985
777 986
777 987
777 988
777 989
777 990
777 991
777 992
777 993
777 994
777 995
777 996
777 997
777 998
777 999
777 1000
778 783
778 789
778 803
778 804
778 810
778 845
778 846
779 840
779 850
779 857
779 878
779 891
779 894
779 904
779 909
780 828
780 842
780 855
780 901
780 933
780 950
780 952
780 962
780 978
780 983
780 985
780 986
780 987
780 988
780 989
780 990
780 991
780 992
780 993
780 994
780 995
780 996
780 997
780 998
780 999
780 1000
781 829
781 836
781 854
781 862
781 888
781 902
781 905
781 908
781 915
781 926
781 934
781 935
781 936
781 957
782 843
782 849
782 874
782 887
782 889
782 895
782 914
782 944
782 951
782 973
783 789
783 803
783 804
783 810
783 845
783 846
785 791
785 837
786 787
786 794
786 813
786 841
786 870
786 907
786 930
786 938
786 946
786 953
786 955
786 956
786 961
786 975
787 794
787 805
787 813
787 868
787 870
787 907
787 930
787 938
787 946
787 953
787 955
787 956
787 961
787 975
788 792
788 821
788 827
788 839
788 844
788 860
788 898
788 911
788 919
788 925
788 931
788 940
789 803
789 804
789 810
789 845
789 846
790 843
790 849
790 887
790 889
790 895
790 914
790 944
790 951
790 973
791 837
792 821
792 827
792 839
792 860
792 872
792 898
792 911
792 919
792 925
792 931
792 940
793 798
793 815
793 823
793 852
793 867
793 877
793 890
794 805
794 813
794 841
794 870
794 907
794 930
794 946
794 953
794 955
794 956
794 961
794 975
795 828
795 842
795 855
795 901
795 933
795 950
795 952
795 962
795 978
795 983
795 985
795 986
795 987
795 988
795 989
795 990
795 991
795 992
795 993
795 994
795 995
795 996
795 997
795 998
795 999
795 1000
796 802
796 807
796 814
796 838
796 861
796 869
796 875
796 885
796 910
796 916
796 921
796 942
796 943
797 799
797 848
797 881
797 886
797 900
797 922
797 924
797 928
797 932
797 939
797 959
797 966
797 968
797 972
798 815
798 820
798 823
798 852
798 867
798 877
798 890
799 848
799 853
799 881
799 886
799 900
799 922
799 924
799 928
799 932
799 939
799 948
799 959
799 966
799 968
799 972
800 821
800 827
800 839
800 860
800 872
800 898
800 911
800 919
800 925
800 931
800 940
801 806
801 856
801 892
801 913
801 923
802 809
802 814
802 838
802 861
802 885
802 910
802 916
802 921
802 942
802 943
803 804
803 810
803 845
803 846
804 810
804 845
804 846
805 813
805 841
805 868
805 870
805 930
805 938
805 953
805 955
805 956
805 961
805 975
806 856
806 892
806 913
806 923
807 809
807 814
807 838
807 869
807 875
807 916
807 921
807 942
807 943
808 822
808 831
808 833
808 871
808 883
808 937
808 945
808 949
808 964
808 965
808 971
808 974
808 976
809 814
809 838
809 861
809 869
809 875
809 885
809 910
809 916
809 921
809 942
809 943
810 845
810 846
811 834
811 851
811 858
811 864
811 865
811 866
811 879
811 884
811 893
811 896
811 897
811 903
811 906
812 822
812 831
812 833
812 871
812 883
812 918
812 937
812 945
812 949
812 958
812 964
812 965
812 971
812 974
812 976
813 841
813 868
813 870
813 907
813 930
813 938
813 946
813 953
813 955
813 956
813 961
813 975
814 838
814 861
814 869
814 875
814 885
814 910
814 916
814 921
814 942
814 943
815 820
815 823
815 852
815 867
815 877
815 890
816 818
816 824
816 917
816 927
816 941
816 947
816 960
816 967
816 969
816 977
816 979
816 980
816 981
816 982
816 984
817 832
817 863
817 873
817 876
817 880
817 899
817 912
817 920
817 929
817 954
817 963
817 970
818 824
818 917
818 927
818 941
818 947
818 960
818 967
818 969
818 977
818 979
818 980
818 981
818 982
818 984
819 835
819 847
819 859
820 823
820 867
820 877
820 890
821 827
821 839
821 844
821 860
821 872
821 898
821 911
821 919
821 925
821 931
821 940
822 831
822 833
822 871
822 883
822 918
822 937
822 945
822 949
822 958
822 964
822 965
822 971
822 974
822 976
823 852
823 867
823 877
823 890
824 917
824 927
824 941
824 947
824 960
824 967
824 969
824 977
824 979
824 980
824 981
824 982
824 984
825 856
825 892
825 913
825 923
826 835
826 847
826 859
827 839
827 860
827 872
827 898
827 911
827 919
827 925
827 931
827 940
828 830
828 842
828 855
828 901
828 933
828 950
828 952
828 962
828 978
828 983
828 985
828 986
828 987
828 988
828 989
828 990
828 991
828 992
828 993
828 994
828 995
828 996
828 997
828 998
828 999
828 1000
829 836
829 854
829 862
829 888
829 902
829 908
829 915
829 926
829 934
829 935
829 936
829 957
830 842
830 855
830 901
830 933
830 950
830 952
830 962
830 978
830 983
830 985
830 986
830 987
830 988
830 989
830 990
830 991
830 992
830 993
830 994
830 995
830 996
830 997
830 998
830 999
830 1000
831 871
831 883
831 918
831 937
831 945
831 949
831 958
831 964
831 965
831 971
831 974
831 976
832 863
832 873
832 876
832 880
832 882
832 899
832 912
832 920
832 929
832 954
832 963
832 970
833 871
833 883
833 918
833 937
833 945
833 949
833 958
833 964
833 965
833 971
833 974
833 976
834 851
834 858
834 864
834 865
834 866
834 879
834 884
834 893
834 896
834 897
834 903
834 906
835 847
835 859
836 854
836 862
836 888
836 902
836 905
836 908
836 915
836 926
836 934
836 935
836 936
836 957
838 861
838 869
838 875
838 885
838 910
838 916
838 921
838 942
838 943
839 844
839 860
839 872
839 898
839 911
839 925
839 931
839 940
840 850
840 857
840 878
840 891
840 894
840 904
840 909
841 868
841 870
841 907
841 930
841 938
841 946
841 955
841 956
841 961
841 975
842 855
842 901
842 933
842 950
842 952
842 962
842 978
842 983
842 985
842 986
842 987
842 988
842 989
842 990
842 991
842 992
842 993
842 994
842 995
842 996
842 997
842 998
842 999
842 1000
843 849
843 874
843 889
843 895
843 944
843 951
843 973
844 872
844 898
844 911
844 919
844 925
844 931
844 940
845 846
847 859
848 853
848 881
848 886
848 900
848 922
848 928
848 932
848 939
848 948
848 959
848 966
848 968
848 972
849 874
849 887
849 889
849 895
849 914
849 944
849 951
849 973
850 857
850 878
850 891
850 894
850 904
850 909
851 858
851 864
851 865
851 866
851 879
851 884
851 893
851 896
851 897
851 903
851 906
852 867
852 877
852 890
853 881
853 886
853 900
853 922
853 924
853 928
853 932
853 939
853 948
853 959
853 966
853 968
853 972
854 862
854 888
854 902
854 905
854 908
854 915
854 926
854 934
854 935
854 936
854 957
855 901
855 933
855 950
855 952
855 962
855 978
855 983
855 985
855 986
855 987
855 988
855 989
855 990
855 991
855 992
855 993
855 994
855 995
855 996
855 997
855 998
855 999
855 1000
856 892
856 913
856 923
857 878
857 891
857 894
857 904
857 909
858 864
858 865
858 866
858 879
858 884
858 893
858 896
858 897
858 903
858 906
860 872
860 898
860 911
860 919
860 925
860 931
860 940
861 869
861 875
861 885
861 916
861 921
861 942
861 943
862 888
862 902
862 905
862 908
862 915
862 926
862 934
862 935
862 936
862 957
863 873
863 876
863 882
863 899
863 912
863 920
863 929
863 954
863 963
863 970
864 865
864 866
864 879
864 884
864 893
864 896
864 897
864 903
864 906
865 866
865 879
865 884
865 893
865 896
865 897
865 903
865 906
866 879
866 884
866 893
866 896
866 897
866 903
866 906
867 877
867 890
868 907
868 930
868 938
868 946
868 953
868 955
868 956
868 961
868 975
869 885
869 910
869 916
869 921
869 942
869 943
870 907
870 930
870 938
870 946
870 953
870 955
870 956
870 961
870 975
871 918
871 937
871 945
871 949
871 958
871 964
871 965
871 971
871 974
871 976
872 911
872 919
872 925
872 931
872 940
873 876
873 880
873 882
873 899
873 912
873 920
873 929
873 954
873 963
873 970
874 887
874 895
874 914
874 944
874 951
874 973
875 885
875 910
875 916
875 921
875 942
875 943
876 880
876 882
876 899
876 912
876 920
876 929
876 963
876 970
877 890
878 891
878 894
878 904
878 909
879 884
879 893
879 896
879 897
879 903
879 906
880 882
880 899
880 912
880 920
880 929
880 954
880 963
880 970
881 886
881 900
881 922
881 924
881 928
881 932
881 939
881 948
881 959
881 966
881 968
881 972
882 899
882 929
882 954
882 963
882 970
883 918
883 937
883 945
883 949
883 958
883 964
883 965
883 971
883 974
883 976
884 893
884 896
884 897
884 903
884 906
885 910
885 916
885 921
885 942
885 943
886 900
886 922
886 924
886 928
886 932
886 939
886 948
886 959
886 966
886 968
886 972
887 914
887 944
887 951
887 973
888 902
888 905
888 908
888 915
888 926
888 934
888 935
888 936
888 957
889 895
889 914
889 944
889 951
889 973
891 894
891 904
891 909
892 913
892 923
893 896
893 897
893 903
893 906
894 904
894 909
895 914
895 944
895 951
895 973
896 897
896 903
896 906
897 903
897 906
898 911
898 919
898 925
898 931
898 940
899 912
899 920
899 929
899 954
899 963
899 970
900 922
900 924
900 928
900 932
900 939
900 948
900 959
900 966
900 968
900 972
901 933
901 950
901 952
901 962
901 978
901 983
901 985
901 986
901 987
901 988
901 989
901 990
901 991
901 992
901 993
901 994
901 995
901 996
901 997
901 998
901 999
901 1000
902 905
902 908
902 915
902 926
902 934
902 935
902 936
902 957
903 906
904 909
905 908
905 915
905 926
905 934
905 935
905 936
905 957
907 938
907 946
907 953
907 955
907 956
907 961
907 975
908 915
908 926
908 934
908 935
908 936
908 957
910 916
910 921
910 942
910 943
911 919
911 925
911 931
911 940
912 920
912 929
912 954
912 963
912 970
913 923
914 944
914 951
914 973
915 926
915 934
915 935
915 936
915 957
916 921
916 942
916 943
917 927
917 941
917 947
917 960
917 967
917 969
917 977
917 979
917 980
917 981
917 982
917 984
918 937
918 945
918 949
918 958
918 964
918 965
918 971
918 974
918 976
919 925
919 931
919 940
920 929
920 954
920 963
920 970
921 942
921 943
922 924
922 928
922 932
922 939
922 948
922 959
922 966
922 968
922 972
924 928
924 932
924 939
924 948
924 959
924 966
924 968
924 972
925 931
925 940
926 934
926 935
926 936
926 957
927 941
927 947
927 960
927 967
927 969
927 977
927 979
927 980
927 981
927 982
927 984
928 932
928 939
928 948
928 966
928 968
928 972
929 954
929 963
929 970
930 938
930 946
930 953
930 955
930 956
930 961
930 975
931 940
932 939
932 948
932 959
932 966
932 968
932 972
933 950
933 952
933 962
933 978
933 983
933 985
933 986
933 987
933 988
933 989
933 990
933 991
933 992
933 993
933 994
933 995
933 996
933 997
933 998
933 999
933 1000
934 935
934 936
934 957
935 936
935 957
936 957
937 945
937 949
937 958
937 964
937 965
937 971
937 974
937 976
938 946
938 953
938 955
938 956
938 961
938 975
939 948
939 959
939 966
939 968
939 972
941 947
941 960
941 967
941 969
941 977
941 979
941 980
941 981
941 982
941 984
942 943
944 951
944 973
945 949
945 958
945 964
945 965
945 971
945 974
945 976
946 953
946 955
946 956
946 961
946 975
947 960
947 967
947 969
947 977
947 979
947 980
947 981
947 982
947 984
948 959
948 966
948 968
948 972
949 958
949 964
949 965
949 971
949 974
949 976
950 952
950 962
950 978
950 983
950 985
950 986
950 987
950 988
950 989
950 990
950 991
950 992
950 993
950 994
950 995
950 996
950 997
950 998
950 999
950 1000
951 973
952 962
952 978
952 983
952 985
952 986
952 987
952 988
952 989
952 990
952 991
952 992
952 993
952 994
952 995
952 996
952 997
952 998
952 999
952 1000
953 955
953 956
953 961
953 975
954 963
954 970
955 956
955 961
955 975
956 961
956 975
958 964
958 965
958 971
958 974
958 976
959 966
959 968
959 972
960 967
960 969
960 977
960 979
960 980
960 981
960 982
960 984
961 975
962 978
962 983
962 985
962 986
962 987
962 988
962 989
962 990
962 991
962 992
962 993
962 994
962 995
962 996
962 997
962 998
962 999
962 1000
963 970
964 965
964 971
964 974
964 976
965 971
965 974
965 976
966 968
966 972
967 969
967 977
967 979
967 980
967 981
967 982
967 984
968 972
969 977
969 979
969 980
969 981
969 982
969 984
971 974
971 976
974 976
977 979
977 980
977 981
977 982
977 984
978 983
978 985
978 986
978 987
978 988
978 989
978 990
978 991
978 992
978 993
978 994
978 995
978 996
978 997
978 998
978 999
978 1000
979 980
979 981
979 982
979 984
980 981
980 982
980 984
981 982
981 984
982 984
983 985
983 986
983 987
983 988
983 989
983 990
983 991
983 992
983 993
983 994
983 995
983 996
983 997
983 998
983 999
983 1000
985 986
985 987
985 988
985 989
985 990
985 991
985 992
985 993
985 994
985 995
985 996
985 997
985 998
985 999
985 1000
986 987
986 988
986 989
986 990
986 991
986 992
986 993
986 994
986 995
986 996
986 997
986 998
986 999
986 1000
987 988
987 989
987 990
987 991
987 992
987 993
987 994
987 995
987 996
987 997
987 998
987 999
987 1000
988 989
988 990
988 991
988 992
988 993
988 994
988 995
988 996
988 997
988 998
988 999
988 1000
989 990
989 991
989 992
989 993
989 994
989 995
989 996
989 997
989 998
989 999
989 1000
990 991
990 992
990 993
990 994
990 995
990 996
990 997
990 998
990 999
990 1000
991 992
991 993
991 994
991 995
991 996
991 997
991 998
991 999
991 1000
992 993
992 994
992 995
992 996
992 997
992 998
992 999
992 1000
993 994
993 995
993 996
993 997
993 998
993 999
993 1000
994 995
994 996
994 997
994 998
994 999
994 1000
995 996
995 997
995 998
995 999
995 1000
996 997
996 998
996 999
996 1000
997 998
997 999
997 1000
998 999
998 1000
999 1000
