1 49
1 125
1 193
1 365
1 513
1 577
1 597
1 640
1 956
1 986
3 229
3 366
3 384
3 492
3 672
3 684
3 688
3 828
3 896
3 970
5 68
5 283
5 647
5 657
5 671
5 709
5 720
5 725
5 764
5 878
7 115
7 286
7 296
7 391
7 498
7 525
7 646
7 668
7 756
7 758
26 146
26 325
26 428
26 474
26 592
26 594
26 785
26 808
26 885
26 888
27 188
27 203
27 221
27 224
27 372
27 477
27 520
27 572
27 898
27 935
29 327
29 392
29 399
29 466
29 482
29 610
29 612
29 664
29 886
29 897
33 53
33 85
33 429
33 432
33 575
33 651
33 801
33 858
33 859
36 138
36 192
36 333
36 486
36 560
36 711
36 724
36 735
36 834
36 866
37 164
37 430
37 604
37 718
37 722
37 837
37 864
37 894
37 902
37 965
38 327
38 392
38 399
38 466
38 482
38 610
38 612
38 664
38 886
38 897
39 62
39 267
39 294
39 339
39 488
39 522
39 598
39 608
39 642
39 701
40 564
40 643
40 813
40 826
40 853
40 862
40 917
40 932
40 974
43 135
43 312
43 387
43 512
43 558
43 614
43 656
43 840
43 995
44 80
44 86
44 134
44 305
44 313
44 360
44 400
44 620
44 629
44 743
49 125
49 193
49 365
49 513
49 577
49 597
49 640
49 956
49 986
50 538
50 584
50 631
50 694
50 703
50 723
50 786
50 832
50 933
50 979
51 188
51 203
51 221
51 272
51 372
51 477
51 520
51 572
51 898
51 935
52 119
52 267
52 294
52 339
52 488
52 522
52 598
52 608
52 642
52 701
53 85
53 429
53 432
53 575
53 651
53 801
53 858
53 859
54 146
54 325
54 428
54 474
54 592
54 594
54 785
54 808
54 885
54 888
62 135
62 312
62 387
62 512
62 558
62 614
62 656
62 840
62 995
65 143
65 366
65 580
65 621
65 672
65 684
65 688
65 828
65 896
65 970
66 192
66 266
66 333
66 486
66 560
66 711
66 724
66 735
66 834
66 866
67 71
67 325
67 428
67 474
67 592
67 594
67 785
67 808
67 885
67 888
68 283
68 647
68 657
68 671
68 709
68 720
68 725
68 764
68 878
69 132
69 286
69 296
69 391
69 498
69 525
69 646
69 668
69 756
69 758
71 110
71 314
71 382
71 454
71 536
71 569
71 674
71 843
71 985
73 220
73 266
73 486
73 560
73 711
73 724
73 735
73 834
73 866
77 516
77 548
77 588
77 698
77 726
77 727
77 738
77 789
77 797
77 922
78 293
78 307
78 326
78 338
78 355
78 395
78 464
78 523
78 655
78 678
79 412
79 475
79 622
79 698
79 726
79 727
79 738
79 789
79 797
79 922
80 86
80 134
80 305
80 313
80 360
80 400
80 620
80 629
80 743
81 125
81 193
81 365
81 513
81 577
81 597
81 640
81 956
81 986
85 429
85 432
85 575
85 651
85 801
85 858
85 859
86 134
86 305
86 313
86 360
86 400
86 620
86 629
86 743
90 689
90 721
90 838
90 863
90 880
90 900
90 909
90 914
90 949
90 998
94 548
94 607
94 622
94 698
94 726
94 727
94 738
94 789
94 797
94 922
98 110
98 314
98 382
98 454
98 536
98 569
98 674
98 843
98 985
99 538
99 584
99 631
99 694
99 703
99 723
99 786
99 832
99 933
99 979
105 473
105 506
105 532
105 606
105 658
105 704
105 831
105 923
105 982
105 987
109 386
109 407
109 876
110 314
110 382
110 454
110 536
110 569
110 674
110 843
110 985
115 132
115 286
115 296
115 391
115 498
115 525
115 646
115 668
115 756
115 758
119 207
119 267
119 294
119 339
119 488
119 522
119 598
119 608
119 642
119 701
122 563
122 571
122 587
122 589
122 661
122 670
122 767
122 774
122 845
122 952
122 983
123 279
123 316
123 357
123 358
123 363
123 659
123 734
123 768
123 925
123 991
124 233
124 251
124 263
124 345
124 379
124 423
124 619
124 762
124 766
124 821
124 964
125 193
125 365
125 513
125 577
125 597
125 640
125 956
125 986
127 139
127 337
127 757
127 938
128 233
128 251
128 263
128 345
128 379
128 423
128 619
128 762
128 766
128 821
128 964
132 286
132 296
132 391
132 498
132 525
132 646
132 668
132 756
132 758
134 305
134 313
134 360
134 400
134 620
134 629
134 743
135 312
135 387
135 512
135 558
135 614
135 656
135 840
135 995
138 220
138 266
138 333
138 486
138 560
138 711
138 724
138 735
138 834
138 866
139 228
139 308
139 324
139 436
139 716
139 737
139 747
139 857
139 860
139 869
141 563
141 571
141 587
141 589
141 661
141 670
141 767
141 774
141 845
141 952
141 983
142 161
142 180
142 274
142 413
142 521
142 540
142 692
142 739
142 742
142 842
142 963
143 366
143 384
143 476
143 580
143 672
143 684
143 688
143 828
143 896
143 970
144 181
144 189
144 356
144 456
144 493
144 578
144 585
144 719
144 809
144 968
146 325
146 428
146 474
146 592
146 594
146 785
146 808
146 885
146 888
150 259
150 293
150 307
150 326
150 338
150 355
150 395
150 464
150 523
150 655
150 678
154 190
154 279
154 316
154 357
154 358
154 363
154 659
154 734
154 768
154 925
154 991
155 306
155 340
155 435
155 465
155 544
155 545
155 675
155 691
155 844
155 856
155 913
158 186
158 239
158 321
158 604
158 718
158 722
158 837
158 864
158 894
158 902
158 965
159 203
159 221
159 224
159 272
159 372
159 477
159 520
159 572
159 898
159 935
160 699
160 700
160 730
161 180
161 274
161 413
161 521
161 540
161 692
161 739
161 742
161 842
161 963
164 329
164 430
164 604
164 718
164 722
164 837
164 864
164 894
164 902
164 965
170 317
170 476
170 492
170 580
170 621
170 672
170 684
170 688
170 828
170 896
170 970
172 327
172 352
172 392
172 399
172 466
172 482
172 610
172 612
172 664
172 886
172 897
176 449
176 451
176 564
176 643
176 813
176 826
176 853
176 862
176 917
176 932
176 974
177 183
177 473
177 506
177 532
177 606
177 658
177 704
177 831
177 923
177 982
177 987
180 274
180 413
180 521
180 540
180 692
180 739
180 742
180 842
180 963
181 189
181 356
181 456
181 493
181 578
181 585
181 719
181 809
181 968
182 303
182 321
182 430
182 604
182 718
182 722
182 837
182 864
182 894
182 902
182 965
183 473
183 506
183 532
183 606
183 658
183 704
183 831
183 923
183 982
183 987
185 563
185 571
185 587
185 589
185 661
185 670
185 767
185 774
185 845
185 952
185 983
186 303
186 430
186 604
186 718
186 722
186 837
186 864
186 894
186 902
186 965
188 221
188 224
188 272
188 372
188 477
188 520
188 572
188 898
188 935
189 356
189 456
189 493
189 578
189 585
189 719
189 809
189 968
190 279
190 316
190 357
190 358
190 363
190 659
190 734
190 768
190 925
190 991
192 220
192 333
192 486
192 560
192 711
192 724
192 735
192 834
192 866
193 365
193 513
193 577
193 597
193 640
193 956
193 986
200 623
200 689
200 721
200 838
200 863
200 880
200 900
200 909
200 914
200 949
200 998
202 397
202 538
202 584
202 631
202 694
202 703
202 723
202 786
202 832
202 933
202 979
203 224
203 272
203 372
203 477
203 520
203 572
203 898
203 935
207 267
207 294
207 339
207 488
207 522
207 598
207 608
207 642
207 701
211 246
211 443
211 447
211 622
211 698
211 726
211 727
211 738
211 789
211 797
211 922
213 306
213 315
213 340
213 435
213 465
213 544
213 545
213 675
213 691
213 844
213 856
213 913
214 478
214 623
214 689
214 721
214 838
214 863
214 880
214 900
214 909
214 914
214 949
214 998
218 289
218 317
218 366
218 410
218 580
218 621
218 672
218 684
218 688
218 828
218 896
218 970
219 373
219 397
219 538
219 584
219 631
219 694
219 703
219 723
219 786
219 832
219 933
219 979
220 266
220 333
220 486
220 560
220 711
220 724
220 735
220 834
220 866
221 224
221 272
221 372
221 477
221 520
221 572
221 898
221 935
224 272
224 372
224 477
224 520
224 572
224 898
224 935
228 308
228 324
228 436
228 716
228 737
228 747
228 857
228 860
228 869
229 275
229 322
229 384
229 580
229 621
229 672
229 684
229 688
229 828
229 896
229 970
230 364
230 447
230 516
230 607
230 622
230 698
230 726
230 727
230 738
230 789
230 797
230 922
231 411
231 449
231 451
231 564
231 643
231 813
231 826
231 853
231 862
231 917
231 932
231 974
232 411
232 449
232 451
232 564
232 643
232 813
232 826
232 853
232 862
232 917
232 932
232 974
233 251
233 263
233 345
233 379
233 423
233 619
233 762
233 766
233 821
233 964
234 477
234 705
234 827
236 515
236 563
236 571
236 587
236 589
236 661
236 670
236 767
236 774
236 845
236 952
236 983
239 303
239 329
239 430
239 604
239 718
239 722
239 837
239 864
239 894
239 902
239 965
240 804
240 816
240 971
246 516
246 548
246 588
246 607
246 698
246 726
246 727
246 738
246 789
246 797
246 922
250 411
250 449
250 451
250 564
250 643
250 813
250 826
250 853
250 862
250 917
250 932
250 974
251 263
251 345
251 379
251 423
251 619
251 762
251 766
251 821
251 964
259 293
259 307
259 326
259 338
259 355
259 395
259 464
259 523
259 655
259 678
263 345
263 379
263 423
263 619
263 762
263 766
263 821
263 964
266 333
266 486
266 560
266 711
266 724
266 735
266 834
266 866
267 294
267 339
267 488
267 522
267 598
267 608
267 642
267 701
272 372
272 477
272 520
272 572
272 898
272 935
274 413
274 521
274 540
274 692
274 739
274 742
274 842
274 963
275 317
275 322
275 492
275 580
275 621
275 672
275 684
275 688
275 828
275 896
275 970
278 475
278 516
278 588
278 607
278 698
278 726
278 727
278 738
278 789
278 797
278 922
279 316
279 357
279 358
279 363
279 659
279 734
279 768
279 925
279 991
283 647
283 657
283 671
283 709
283 720
283 725
283 764
283 878
286 296
286 391
286 498
286 525
286 646
286 668
286 756
286 758
289 366
289 410
289 476
289 492
289 580
289 621
289 672
289 684
289 688
289 828
289 896
289 970
291 515
291 563
291 571
291 587
291 589
291 661
291 670
291 767
291 774
291 845
291 952
291 983
293 307
293 326
293 338
293 355
293 395
293 464
293 523
293 655
293 678
294 339
294 488
294 522
294 598
294 608
294 642
294 701
296 391
296 498
296 525
296 646
296 668
296 756
296 758
303 321
303 329
303 604
303 718
303 722
303 837
303 864
303 894
303 902
303 965
305 313
305 360
305 400
305 620
305 629
305 743
306 315
306 340
306 435
306 465
306 544
306 545
306 675
306 691
306 844
306 856
306 913
307 326
307 338
307 355
307 395
307 464
307 523
307 655
307 678
308 324
308 436
308 716
308 737
308 747
308 857
308 860
308 869
312 387
312 512
312 558
312 614
312 656
312 840
312 995
313 360
313 400
313 620
313 629
313 743
314 382
314 454
314 536
314 569
314 674
314 843
314 985
315 340
315 435
315 465
315 544
315 545
315 675
315 691
315 844
315 856
315 913
316 357
316 358
316 363
316 659
316 734
316 768
316 925
316 991
317 322
317 384
317 580
317 621
317 672
317 684
317 688
317 828
317 896
317 970
318 457
318 478
318 623
318 689
318 721
318 838
318 863
318 880
318 900
318 909
318 914
318 949
318 998
319 457
319 478
319 623
319 689
319 721
319 838
319 863
319 880
319 900
319 909
319 914
319 949
319 998
321 329
321 430
321 604
321 718
321 722
321 837
321 864
321 894
321 902
321 965
322 384
322 476
322 580
322 621
322 672
322 684
322 688
322 828
322 896
322 970
324 436
324 716
324 737
324 747
324 857
324 860
324 869
325 428
325 474
325 592
325 594
325 785
325 808
325 885
325 888
326 338
326 355
326 395
326 464
326 523
326 655
326 678
327 352
327 392
327 399
327 466
327 482
327 610
327 612
327 664
327 886
327 897
329 430
329 604
329 718
329 722
329 837
329 864
329 894
329 902
329 965
333 486
333 560
333 711
333 724
333 735
333 834
333 866
337 757
337 938
338 355
338 395
338 464
338 523
338 655
338 678
339 488
339 522
339 598
339 608
339 642
339 701
340 435
340 465
340 544
340 545
340 675
340 691
340 844
340 856
340 913
345 379
345 423
345 619
345 762
345 766
345 821
345 964
352 392
352 399
352 466
352 482
352 610
352 612
352 664
352 886
352 897
355 395
355 464
355 523
355 655
355 678
356 456
356 493
356 578
356 585
356 719
356 809
356 968
357 358
357 363
357 659
357 734
357 768
357 925
357 991
358 363
358 659
358 734
358 768
358 925
358 991
360 400
360 620
360 629
360 743
363 659
363 734
363 768
363 925
363 991
364 412
364 475
364 548
364 588
364 607
364 622
364 698
364 726
364 727
364 738
364 789
364 797
364 922
365 513
365 577
365 597
365 640
365 956
365 986
366 410
366 476
366 492
366 672
366 684
366 688
366 828
366 896
366 970
370 457
370 478
370 623
370 689
370 721
370 838
370 863
370 880
370 900
370 909
370 914
370 949
370 998
372 477
372 520
372 572
372 898
372 935
373 397
373 538
373 584
373 631
373 694
373 703
373 723
373 786
373 832
373 933
373 979
379 423
379 619
379 762
379 766
379 821
379 964
382 454
382 536
382 569
382 674
382 843
382 985
384 476
384 492
384 621
384 672
384 684
384 688
384 828
384 896
384 970
386 407
386 876
387 512
387 558
387 614
387 656
387 840
387 995
391 498
391 525
391 646
391 668
391 756
391 758
392 399
392 466
392 482
392 610
392 612
392 664
392 886
392 897
395 464
395 523
395 655
395 678
397 538
397 584
397 631
397 694
397 703
397 723
397 786
397 832
397 933
397 979
399 466
399 482
399 610
399 612
399 664
399 886
399 897
400 620
400 629
400 743
407 876
410 476
410 492
410 580
410 621
410 672
410 684
410 688
410 828
410 896
410 970
411 449
411 451
411 564
411 643
411 813
411 826
411 853
411 862
411 917
411 932
411 974
412 443
412 447
412 516
412 607
412 622
412 698
412 726
412 727
412 738
412 789
412 797
412 922
413 521
413 540
413 692
413 739
413 742
413 842
413 963
423 619
423 762
423 766
423 821
423 964
428 474
428 592
428 594
428 785
428 808
428 885
428 888
429 432
429 575
429 651
429 801
429 858
429 859
430 604
430 718
430 722
430 837
430 864
430 894
430 902
430 965
432 575
432 651
432 801
432 858
432 859
435 465
435 544
435 545
435 675
435 691
435 844
435 856
435 913
436 716
436 737
436 747
436 857
436 860
436 869
443 447
443 475
443 548
443 588
443 607
443 622
443 698
443 726
443 727
443 738
443 789
443 797
443 922
447 548
447 588
447 607
447 622
447 698
447 726
447 727
447 738
447 789
447 797
447 922
449 451
449 564
449 643
449 813
449 826
449 853
449 862
449 917
449 932
449 974
451 564
451 643
451 813
451 826
451 853
451 862
451 917
451 932
451 974
454 536
454 569
454 674
454 843
454 985
456 493
456 578
456 585
456 719
456 809
456 968
457 478
457 623
457 689
457 721
457 838
457 863
457 880
457 900
457 909
457 914
457 949
457 998
464 523
464 655
464 678
465 544
465 545
465 675
465 691
465 844
465 856
465 913
466 482
466 610
466 612
466 664
466 886
466 897
473 506
473 532
473 606
473 658
473 704
473 831
473 923
473 982
473 987
474 592
474 594
474 785
474 808
474 885
474 888
475 516
475 548
475 588
475 607
475 622
475 698
475 726
475 727
475 738
475 789
475 797
475 922
476 492
476 580
476 621
476 672
476 684
476 688
476 828
476 896
476 970
477 520
477 572
477 898
477 935
478 623
478 689
478 721
478 838
478 863
478 880
478 900
478 909
478 914
478 949
478 998
482 610
482 612
482 664
482 886
482 897
486 560
486 711
486 724
486 735
486 834
486 866
488 522
488 598
488 608
488 642
488 701
492 580
492 621
492 672
492 684
492 688
492 828
492 896
492 970
493 578
493 585
493 719
493 809
493 968
498 525
498 646
498 668
498 756
498 758
506 532
506 606
506 658
506 704
506 831
506 923
506 982
506 987
512 558
512 614
512 656
512 840
512 995
513 577
513 597
513 640
513 956
513 986
515 563
515 571
515 587
515 589
515 661
515 670
515 767
515 774
515 845
515 952
515 983
516 588
516 607
516 622
516 698
516 726
516 727
516 738
516 789
516 797
516 922
520 572
520 898
520 935
521 540
521 692
521 739
521 742
521 842
521 963
522 598
522 608
522 642
522 701
523 655
523 678
525 646
525 668
525 756
525 758
532 606
532 658
532 704
532 831
532 923
532 982
532 987
534 788
534 836
534 946
536 569
536 674
536 843
536 985
538 584
538 631
538 694
538 703
538 723
538 786
538 832
538 933
538 979
540 692
540 739
540 742
540 842
540 963
544 545
544 675
544 691
544 844
544 856
544 913
545 675
545 691
545 844
545 856
545 913
548 588
548 607
548 622
548 698
548 726
548 727
548 738
548 789
548 797
548 922
558 614
558 656
558 840
558 995
560 711
560 724
560 735
560 834
560 866
563 571
563 587
563 589
563 661
563 670
563 767
563 774
563 845
563 952
563 983
564 643
564 813
564 826
564 853
564 862
564 917
564 932
564 974
569 674
569 843
569 985
571 587
571 589
571 661
571 670
571 767
571 774
571 845
571 952
571 983
572 898
572 935
575 651
575 801
575 858
575 859
577 597
577 640
577 956
577 986
578 585
578 719
578 809
578 968
580 621
580 684
580 688
580 828
580 896
580 970
584 631
584 694
584 703
584 723
584 786
584 832
584 933
584 979
585 719
585 809
585 968
587 589
587 661
587 670
587 767
587 774
587 845
587 952
587 983
588 607
588 622
588 698
588 726
588 727
588 738
588 789
588 797
588 922
589 661
589 670
589 767
589 774
589 845
589 952
589 983
592 594
592 785
592 808
592 885
592 888
594 785
594 808
594 885
594 888
597 640
597 956
597 986
598 608
598 642
598 701
604 718
604 722
604 837
604 864
604 894
604 902
604 965
606 658
606 704
606 831
606 923
606 982
606 987
607 622
607 726
607 727
607 738
607 789
607 797
607 922
608 642
608 701
610 612
610 664
610 886
610 897
612 664
612 886
612 897
614 656
614 840
614 995
619 762
619 766
619 821
619 964
620 629
620 743
621 672
621 684
621 688
621 828
621 896
621 970
622 698
622 726
622 727
622 738
622 789
622 797
622 922
623 689
623 721
623 838
623 863
623 880
623 900
623 909
623 914
623 949
623 998
629 743
631 694
631 703
631 723
631 786
631 832
631 933
631 979
640 956
640 986
642 701
643 813
643 826
643 853
643 862
643 917
643 932
643 974
646 668
646 756
646 758
647 657
647 671
647 709
647 720
647 725
647 764
647 878
651 801
651 858
651 859
655 678
656 840
656 995
657 671
657 709
657 720
657 725
657 764
657 878
658 704
658 831
658 923
658 982
658 987
659 734
659 768
659 925
659 991
661 670
661 767
661 774
661 845
661 952
661 983
664 886
664 897
668 756
668 758
670 767
670 774
670 845
670 952
670 983
671 709
671 720
671 725
671 764
671 816
671 878
672 684
672 688
672 828
672 896
672 970
674 843
674 985
675 691
675 844
675 856
675 913
684 688
684 828
684 896
684 970
688 828
688 896
688 970
689 721
689 838
689 863
689 880
689 900
689 909
689 914
689 949
689 998
691 844
691 856
691 913
692 739
692 742
692 842
692 963
694 703
694 723
694 786
694 832
694 933
694 979
698 726
698 727
698 738
698 789
698 797
698 922
699 700
699 730
700 730
703 723
703 786
703 832
703 933
703 979
704 831
704 923
704 982
704 987
705 827
709 720
709 725
709 764
709 878
711 724
711 735
711 834
711 866
716 737
716 747
716 857
716 860
716 869
718 722
718 837
718 864
718 894
718 902
718 965
719 809
719 968
720 725
720 764
720 878
721 838
721 863
721 880
721 900
721 909
721 914
721 949
721 998
722 837
722 864
722 894
722 902
722 965
723 786
723 832
723 933
723 979
724 735
724 834
724 866
725 764
725 878
726 727
726 738
726 789
726 797
726 922
727 738
727 789
727 797
727 922
734 768
734 925
734 991
735 834
735 866
737 747
737 857
737 860
737 869
738 789
738 797
738 922
739 742
739 842
739 963
742 842
742 963
747 857
747 860
747 869
756 758
757 938
762 766
762 821
762 964
764 878
766 821
766 964
767 774
767 845
767 952
767 983
768 925
768 991
774 845
774 952
774 983
785 808
785 885
785 888
786 832
786 933
786 979
788 836
788 946
789 797
789 922
797 922
801 858
801 859
804 816
804 971
808 885
808 888
809 968
813 826
813 853
813 862
813 917
813 932
813 974
816 971
821 964
826 853
826 862
826 917
826 932
826 974
828 896
828 970
831 923
831 982
831 987
832 933
832 979
834 866
836 946
837 864
837 894
837 902
837 965
838 863
838 880
838 900
838 909
838 914
838 949
838 998
840 995
842 963
843 985
844 856
844 913
845 952
845 983
853 862
853 917
853 932
853 974
856 913
857 860
857 869
858 859
860 869
862 917
862 932
862 974
863 880
863 900
863 909
863 914
863 949
863 998
864 894
864 902
864 965
880 900
880 909
880 914
880 949
880 998
885 888
886 897
894 902
894 965
896 970
898 935
900 909
900 914
900 917
900 949
900 998
902 965
909 914
909 949
909 998
914 949
914 998
917 932
917 974
923 982
923 987
925 991
932 974
933 979
949 998
952 983
956 986
982 987
