1 84
1 99
1 134
1 146
1 165
1 183
1 193
1 331
1 486
1 740
2 245
2 619
2 632
2 765
2 767
2 776
2 881
2 891
2 916
2 923
3 322
3 417
3 545
3 627
3 725
3 751
3 814
3 821
3 827
3 933
4 679
4 755
4 809
4 838
4 869
4 885
4 910
4 921
4 942
4 943
5 21
5 39
5 48
5 49
5 97
5 105
5 117
5 120
5 276
5 708
6 763
6 807
6 809
6 838
6 861
6 875
6 910
6 921
6 942
6 943
7 692
7 720
7 798
7 815
7 820
7 823
7 852
7 867
7 877
7 890
8 502
8 552
8 636
8 684
8 714
8 844
8 872
8 931
8 949
8 975
9 26
9 175
9 181
9 205
9 336
9 338
9 340
9 378
9 385
9 418
10 27
10 63
10 103
10 159
10 216
10 220
10 250
10 267
10 313
10 529
11 927
11 941
11 960
11 967
11 977
11 979
11 980
11 981
11 982
11 984
12 588
12 717
12 750
12 779
12 850
12 857
12 873
12 878
12 904
12 909
13 362
13 368
13 386
13 537
13 693
13 703
13 722
13 739
13 785
13 837
14 36
14 308
14 330
14 410
14 422
14 441
14 517
14 553
14 565
14 569
15 612
15 618
15 622
15 651
15 736
15 783
15 792
15 804
15 810
15 886
16 298
16 853
16 900
16 924
16 928
16 932
16 939
16 948
16 959
16 968
17 144
17 261
17 371
17 381
17 500
17 575
17 591
17 608
17 647
17 905
18 389
18 600
18 646
18 849
18 868
18 887
18 889
18 914
18 951
18 973
19 71
19 108
19 163
19 169
19 337
19 685
19 734
19 758
19 761
19 972
20 41
20 69
20 81
20 89
20 110
20 126
20 184
20 640
21 39
21 48
21 49
21 97
21 105
21 117
21 120
21 276
21 708
22 678
22 863
22 876
22 882
22 899
22 920
22 929
22 954
22 956
22 970
24 652
24 812
24 831
24 945
24 958
24 964
24 965
24 971
24 974
24 976
25 731
25 854
25 856
25 888
25 908
25 915
25 926
25 934
25 935
25 936
26 83
26 131
26 170
26 175
26 300
26 340
26 378
26 385
26 418
27 58
27 63
27 159
27 216
27 220
27 250
27 267
27 313
27 529
28 459
28 583
28 773
28 797
28 799
28 924
28 928
28 932
28 948
28 968
29 310
29 735
29 749
29 766
29 843
29 849
29 914
29 944
29 951
29 973
30 118
30 407
30 451
30 473
30 537
30 563
30 693
30 739
30 785
30 837
31 786
31 787
31 805
31 841
31 907
31 930
31 946
31 953
31 955
31 961
32 927
32 941
32 967
32 969
32 977
32 979
32 980
32 981
32 982
32 984
33 322
33 366
33 426
33 621
33 725
33 751
33 814
33 821
33 827
33 933
34 319
34 371
34 381
34 500
34 575
34 591
34 608
34 647
34 905
35 986
35 991
35 992
35 993
35 994
35 996
35 997
35 998
35 999
35 1000
36 72
36 308
36 410
36 422
36 441
36 517
36 553
36 565
36 569
37 670
37 680
37 719
37 899
37 912
37 929
37 954
37 956
37 963
37 970
38 83
38 123
38 170
38 181
38 336
38 338
38 340
38 378
38 385
38 418
39 48
39 49
39 97
39 105
39 117
39 120
39 276
39 708
41 69
41 81
41 89
41 110
41 126
41 184
41 640
42 344
42 405
42 657
42 737
42 850
42 857
42 873
42 878
42 894
42 909
43 226
43 233
43 410
43 422
43 441
43 517
43 553
43 565
43 569
44 257
44 561
44 674
44 684
44 714
44 844
44 872
44 931
44 949
44 975
45 252
45 568
45 630
45 710
45 716
45 757
45 819
45 826
45 847
45 859
46 986
46 991
46 993
46 994
46 995
46 996
46 997
46 998
46 999
46 1000
47 414
47 473
47 537
47 543
47 563
47 703
47 722
47 739
47 785
47 837
48 49
48 97
48 105
48 117
48 120
48 276
48 708
49 97
49 105
49 117
49 120
49 276
49 708
50 774
50 831
50 937
50 945
50 958
50 964
50 965
50 971
50 974
50 976
51 523
51 585
51 618
51 622
51 782
51 783
51 792
51 804
51 810
51 886
52 534
52 657
52 689
52 779
52 840
52 850
52 873
52 878
52 904
52 909
53 324
53 333
53 337
53 438
53 555
53 685
53 734
53 758
53 761
53 972
54 822
54 833
54 883
54 945
54 958
54 964
54 965
54 971
54 974
54 976
55 111
55 511
55 601
55 674
55 714
55 844
55 872
55 931
55 949
55 975
56 667
56 773
56 797
56 848
56 922
56 932
56 939
56 948
56 959
56 968
57 728
57 746
57 900
57 922
57 928
57 932
57 939
57 948
57 959
57 968
58 100
58 103
58 159
58 216
58 220
58 250
58 267
58 313
58 529
59 797
59 799
59 853
59 924
59 928
59 932
59 939
59 948
59 959
59 968
60 162
60 533
60 630
60 710
60 716
60 757
60 819
60 835
60 847
60 859
61 587
61 592
61 632
61 666
61 767
61 796
61 881
61 891
61 916
61 923
62 678
62 880
62 882
62 899
62 912
62 920
62 954
62 956
62 963
62 970
63 103
63 159
63 216
63 220
63 250
63 267
63 313
63 529
64 260
64 277
64 283
64 292
64 379
64 444
64 479
64 491
64 498
64 603
65 135
65 229
65 384
65 545
65 627
65 688
65 751
65 821
65 827
65 933
66 927
66 941
66 967
66 969
66 977
66 979
66 980
66 981
66 982
66 984
67 230
67 460
67 494
67 598
67 644
67 650
67 700
67 730
67 784
67 791
68 530
68 728
68 848
68 853
68 924
68 932
68 939
68 948
68 959
68 968
69 81
69 89
69 110
69 126
69 184
69 640
70 71
70 163
70 280
70 324
70 555
70 685
70 734
70 758
70 761
70 972
71 438
71 447
71 555
71 685
71 734
71 758
71 761
71 972
72 168
72 226
72 330
72 422
72 441
72 517
72 553
72 565
72 569
73 985
73 986
73 991
73 993
73 995
73 996
73 997
73 998
73 999
73 1000
74 98
74 114
74 187
74 213
74 236
74 393
74 488
74 512
74 518
74 570
75 619
75 711
75 765
75 767
75 776
75 796
75 881
75 891
75 916
75 923
76 238
76 787
76 805
76 870
76 907
76 930
76 946
76 953
76 955
76 961
77 687
77 760
77 762
77 768
77 801
77 806
77 825
77 892
77 913
77 966
79 548
79 687
79 712
79 738
79 760
79 768
79 825
79 892
79 913
79 966
80 764
80 871
80 937
80 945
80 958
80 964
80 965
80 971
80 974
80 976
81 89
81 110
81 126
81 184
81 640
82 715
82 769
82 787
82 813
82 841
82 907
82 946
82 953
82 955
82 961
83 123
83 131
83 300
83 336
83 338
83 378
83 385
83 418
84 99
84 134
84 146
84 165
84 183
84 193
84 331
84 486
84 740
85 148
85 605
85 687
85 738
85 760
85 806
85 825
85 892
85 913
85 966
86 137
86 589
86 710
86 716
86 770
86 819
86 826
86 835
86 847
86 859
87 461
87 704
87 797
87 900
87 924
87 928
87 939
87 948
87 959
87 968
88 712
88 760
88 762
88 768
88 801
88 806
88 825
88 892
88 913
88 966
89 110
89 126
89 184
89 640
90 309
90 339
90 348
90 394
90 544
90 586
90 778
90 918
90 938
91 107
91 217
91 230
91 494
91 637
91 644
91 730
91 743
91 784
91 791
92 774
92 812
92 871
92 945
92 958
92 964
92 965
92 971
92 974
92 976
93 262
93 583
93 702
93 848
93 853
93 900
93 924
93 928
93 939
93 959
94 296
94 732
94 772
94 786
94 907
94 930
94 946
94 953
94 955
94 961
96 397
96 437
96 449
96 482
96 547
96 550
96 800
96 845
96 846
96 897
97 105
97 117
97 120
97 276
97 708
98 125
98 191
98 236
98 274
98 393
98 488
98 512
98 518
98 570
99 134
99 146
99 165
99 183
99 193
99 331
99 486
99 740
100 103
100 159
100 216
100 220
100 250
100 267
100 313
100 529
101 587
101 592
101 666
101 765
101 776
101 796
101 881
101 891
101 916
101 923
102 985
102 986
102 992
102 994
102 995
102 996
102 997
102 998
102 999
102 1000
103 216
103 220
103 250
103 267
103 313
103 529
104 947
104 960
104 967
104 969
104 977
104 979
104 980
104 981
104 982
104 984
105 117
105 120
105 276
105 708
106 239
106 617
106 698
106 735
106 849
106 874
106 895
106 944
106 951
106 973
107 598
107 637
107 644
107 650
107 659
107 700
107 730
107 743
107 784
107 791
108 145
108 324
108 333
108 438
108 555
108 685
108 734
108 758
108 761
108 972
109 624
109 713
109 793
109 798
109 815
109 820
109 823
109 852
109 867
109 877
109 890
110 126
110 184
110 640
111 257
111 412
111 511
111 636
111 674
111 844
111 872
111 931
111 949
111 975
112 219
112 273
112 309
112 339
112 348
112 394
112 544
112 586
112 778
112 918
112 938
113 652
113 808
113 871
113 937
113 945
113 958
113 964
113 965
113 971
113 974
113 976
114 187
114 194
114 213
114 236
114 274
114 393
114 488
114 512
114 518
114 570
115 119
115 335
115 377
115 416
115 455
115 494
115 644
115 650
115 743
115 784
115 791
116 582
116 763
116 802
116 838
116 861
116 869
116 885
116 910
116 921
116 942
116 943
117 120
117 276
117 708
118 354
118 362
118 446
118 451
118 563
118 703
118 722
118 739
118 785
118 837
119 217
119 256
119 335
119 416
119 460
119 659
119 700
119 730
119 743
119 784
120 276
120 708
122 754
122 764
122 883
122 937
122 945
122 958
122 964
122 965
122 971
122 974
122 976
123 175
123 181
123 300
123 336
123 338
123 378
123 385
123 418
123 1000
124 218
124 302
124 335
124 377
124 455
124 598
124 700
124 730
124 743
124 784
124 791
125 191
125 211
125 213
125 236
125 274
125 393
125 488
125 512
125 518
125 570
126 184
126 640
127 817
127 880
127 882
127 899
127 912
127 920
127 929
127 954
127 956
127 963
127 970
128 702
128 797
128 799
128 853
128 900
128 924
128 928
128 939
128 948
128 959
128 968
130 851
130 858
130 864
130 865
130 866
130 879
130 884
130 893
130 896
130 903
130 906
131 170
131 175
131 181
131 300
131 336
131 340
131 378
131 385
131 418
132 484
132 712
132 738
132 760
132 762
132 801
132 806
132 825
132 892
132 913
132 966
133 600
133 741
133 749
133 766
133 843
133 868
133 874
133 895
133 944
133 951
133 973
134 146
134 165
134 183
134 193
134 331
134 486
134 740
135 143
135 322
135 366
135 452
135 688
135 751
135 814
135 821
135 827
135 933
136 818
136 947
136 960
136 967
136 969
136 977
136 979
136 980
136 981
136 982
136 984
137 564
137 571
137 716
137 757
137 770
137 819
137 826
137 835
137 847
137 859
138 548
138 623
138 738
138 760
138 762
138 801
138 806
138 825
138 892
138 913
138 966
139 477
139 790
139 843
139 868
139 874
139 887
139 889
139 895
139 914
139 951
139 973
140 364
140 605
140 760
140 762
140 768
140 801
140 806
140 825
140 892
140 913
140 966
141 476
141 547
141 567
141 668
141 696
141 709
141 789
141 800
141 845
141 846
141 897
142 342
142 467
142 676
142 794
142 813
142 907
142 930
142 946
142 953
142 955
142 961
143 203
143 366
143 417
143 426
143 688
143 725
143 814
143 821
143 827
143 933
144 248
144 319
144 371
144 381
144 500
144 575
144 591
144 608
144 647
144 905
145 169
145 280
145 438
145 447
145 555
145 685
145 734
145 758
145 761
145 972
146 165
146 183
146 193
146 331
146 486
146 740
147 551
147 754
147 883
147 937
147 945
147 958
147 964
147 965
147 971
147 974
147 976
148 623
148 762
148 768
148 801
148 806
148 825
148 892
148 913
148 966
149 182
149 729
149 759
149 862
149 888
149 902
149 915
149 926
149 934
149 935
149 936
150 259
150 614
150 673
150 718
150 736
150 782
150 783
150 804
150 810
150 886
151 695
151 746
151 773
151 900
151 922
151 924
151 928
151 932
151 939
151 959
151 968
152 238
152 329
152 660
152 772
152 786
152 841
152 930
152 946
152 953
152 955
152 961
153 474
153 564
153 568
153 571
153 710
153 757
153 770
153 826
153 835
153 847
153 859
154 692
154 752
154 793
154 798
154 815
154 820
154 823
154 852
154 867
154 877
154 890
155 307
155 614
155 651
155 673
155 736
155 782
155 783
155 792
155 804
155 810
155 886
156 210
156 384
156 426
156 434
156 688
156 725
156 814
156 821
156 827
156 933
157 747
157 771
157 809
157 861
157 869
157 875
157 885
157 910
157 921
157 942
157 943
158 556
158 689
158 779
158 836
158 840
158 850
158 873
158 878
158 894
158 904
158 909
159 216
159 220
159 250
159 267
159 313
159 529
160 251
160 386
160 446
160 473
160 537
160 563
160 693
160 703
160 722
160 785
160 837
161 366
161 452
161 545
161 621
161 627
161 688
161 751
161 814
161 821
161 827
161 933
162 320
162 533
162 568
162 710
162 757
162 819
162 826
162 835
162 847
162 859
163 224
163 272
163 447
163 555
163 685
163 734
163 758
163 761
163 972
164 649
164 677
164 717
164 840
164 850
164 857
164 873
164 878
164 894
164 904
164 909
165 183
165 193
165 331
165 486
165 740
166 248
166 261
166 319
166 371
166 381
166 500
166 575
166 591
166 608
166 647
166 905
167 648
167 680
167 876
167 882
167 899
167 920
167 929
167 954
167 956
167 963
167 970
168 233
168 308
168 330
168 410
168 422
168 441
168 517
168 553
168 565
168 569
169 272
169 333
169 447
169 555
169 685
169 734
169 758
169 761
169 972
170 175
170 205
170 300
170 336
170 338
170 340
170 385
170 418
171 320
171 349
171 369
171 630
171 716
171 757
171 770
171 819
171 826
171 835
171 859
172 985
172 990
172 992
172 993
172 994
172 995
172 996
172 997
172 998
172 999
172 1000
173 577
173 747
173 755
173 838
173 869
173 875
173 885
173 910
173 921
173 942
173 943
174 851
174 858
174 864
174 865
174 866
174 879
174 884
174 893
174 896
174 903
174 906
175 205
175 336
175 338
175 378
175 385
175 418
176 245
176 383
176 592
176 711
176 767
176 776
176 796
176 881
176 891
176 916
176 923
177 253
177 516
177 711
177 765
177 767
177 776
177 796
177 881
177 891
177 916
177 923
178 549
178 737
178 750
178 836
178 840
178 857
178 873
178 878
178 894
178 904
178 909
180 559
180 753
180 854
180 862
180 888
180 908
180 915
180 926
180 934
180 935
180 936
181 205
181 300
181 338
181 340
181 378
181 385
181 418
182 356
182 781
182 829
182 862
182 908
182 915
182 926
182 934
182 935
182 936
183 193
183 331
183 486
183 740
184 640
185 585
185 612
185 618
185 651
185 673
185 736
185 782
185 792
185 804
185 810
185 886
186 671
186 687
186 712
186 738
186 760
186 762
186 801
186 825
186 892
186 913
186 966
187 191
187 194
187 213
187 274
187 393
187 488
187 512
187 518
187 570
188 818
188 947
188 960
188 967
188 969
188 977
188 979
188 980
188 981
188 982
188 984
189 395
189 423
189 462
189 466
189 493
189 531
189 578
189 594
189 616
189 724
190 516
190 587
190 619
190 765
190 767
190 776
190 796
190 881
190 891
190 916
190 923
191 194
191 236
191 274
191 393
191 488
191 512
191 518
191 570
192 315
192 439
192 475
192 633
192 636
192 714
192 844
192 872
192 931
192 949
192 975
193 331
193 486
193 740
194 213
194 236
194 274
194 393
194 488
194 512
194 518
194 570
195 818
195 947
195 960
195 967
195 969
195 977
195 979
195 980
195 981
195 982
195 984
196 917
196 947
196 960
196 967
196 969
196 977
196 979
196 980
196 981
196 982
196 984
197 585
197 614
197 618
197 718
197 736
197 782
197 783
197 792
197 804
197 810
197 886
198 602
198 704
198 848
198 853
198 922
198 928
198 932
198 939
198 948
198 959
198 968
199 312
199 632
199 666
199 765
199 767
199 776
199 796
199 881
199 891
199 916
199 923
200 246
200 623
200 687
200 712
200 738
200 801
200 806
200 825
200 892
200 913
200 966
201 303
201 321
201 345
201 423
201 456
201 462
201 531
201 578
201 594
201 616
201 724
202 361
202 528
202 668
202 696
202 699
202 709
202 789
202 800
202 845
202 846
202 897
203 266
203 380
203 417
203 452
203 627
203 751
203 814
203 821
203 827
203 933
204 754
204 808
204 833
204 883
204 937
204 958
204 964
204 965
204 971
204 974
204 976
205 300
205 336
205 338
205 340
205 378
205 385
205 418
207 219
207 273
207 309
207 339
207 348
207 394
207 544
207 586
207 778
207 918
207 938
208 771
208 807
208 838
208 861
208 869
208 875
208 885
208 910
208 921
208 942
208 943
209 461
209 773
209 797
209 853
209 922
209 924
209 928
209 939
209 948
209 959
209 968
210 266
210 434
210 621
210 688
210 725
210 751
210 814
210 821
210 827
210 933
211 759
211 854
211 856
211 862
211 888
211 902
211 915
211 934
211 935
211 936
212 748
212 772
212 786
212 787
212 813
212 841
212 930
212 946
212 953
212 955
212 961
213 236
213 274
213 393
213 488
213 512
213 518
213 570
214 477
214 600
214 645
214 686
214 775
214 887
214 889
214 895
214 914
214 944
214 951
214 973
215 284
215 554
215 600
215 665
215 749
215 766
215 843
215 887
215 889
215 914
215 944
215 973
216 220
216 250
216 267
216 313
216 529
217 377
217 598
217 637
217 644
217 650
217 659
217 700
217 730
217 743
217 791
218 302
218 377
218 433
218 460
218 463
218 637
218 650
218 659
218 700
218 743
218 791
219 273
219 309
219 339
219 348
219 394
219 544
219 586
219 778
219 918
219 938
220 250
220 267
220 313
220 529
221 577
221 628
221 663
221 679
221 763
221 807
221 861
221 885
221 910
221 921
221 942
221 943
222 753
222 781
222 829
222 854
222 862
222 902
222 908
222 915
222 926
222 934
222 935
222 936
223 834
223 851
223 858
223 864
223 865
223 866
223 879
223 884
223 893
223 896
223 903
223 906
224 280
224 324
224 337
224 438
224 447
224 555
224 685
224 734
224 758
224 761
224 972
225 713
225 744
225 752
225 793
225 798
225 815
225 820
225 823
225 852
225 867
225 877
225 890
226 233
226 308
226 330
226 410
226 422
226 441
226 517
226 553
226 565
226 569
227 389
227 596
227 600
227 646
227 653
227 766
227 775
227 887
227 889
227 914
227 944
227 973
228 615
228 720
228 744
228 793
228 798
228 815
228 820
228 823
228 852
228 867
228 877
228 890
229 318
229 322
229 384
229 434
229 452
229 725
229 751
229 814
229 821
229 827
229 933
230 335
230 455
230 463
230 598
230 650
230 659
230 700
230 743
230 784
230 791
231 256
231 335
231 433
231 460
231 494
231 637
231 650
231 700
231 743
231 784
231 791
232 312
232 632
232 666
232 711
232 765
232 767
232 776
232 796
232 881
232 891
232 916
232 923
233 308
233 330
233 410
233 422
233 441
233 517
233 553
233 565
233 569
234 355
234 585
234 622
234 651
234 673
234 718
234 782
234 783
234 792
234 804
234 810
234 886
235 396
235 437
235 482
235 668
235 696
235 699
235 709
235 789
235 800
235 845
235 846
235 897
236 393
236 488
236 512
236 518
236 570
237 495
237 715
237 748
237 769
237 772
237 841
237 870
237 907
237 946
237 953
237 955
237 961
238 715
238 748
238 794
238 870
238 907
238 930
238 946
238 953
238 955
238 961
239 572
239 606
239 629
239 749
239 843
239 868
239 887
239 889
239 914
239 951
239 973
240 754
240 764
240 808
240 871
240 937
240 945
240 958
240 964
240 965
240 971
240 974
240 976
242 774
242 808
242 822
242 833
242 937
242 945
242 958
242 964
242 965
242 971
242 974
242 976
243 643
243 727
243 802
243 807
243 838
243 869
243 875
243 885
243 910
243 921
243 942
243 943
244 326
244 368
244 404
244 407
244 446
244 543
244 563
244 693
244 722
244 739
244 785
244 837
245 383
245 516
245 666
245 711
245 765
245 796
245 881
245 891
245 916
245 923
246 671
246 712
246 760
246 762
246 768
246 801
246 806
246 825
246 892
246 913
246 966
247 562
247 611
247 676
247 748
247 813
247 870
247 907
247 930
247 946
247 953
247 955
247 961
248 261
248 319
248 371
248 381
248 500
248 575
248 591
248 608
248 647
248 905
249 489
249 635
249 817
249 832
249 876
249 912
249 920
249 929
249 954
249 956
249 963
249 970
250 267
250 313
250 529
251 362
251 368
251 543
251 563
251 693
251 703
251 722
251 739
251 785
251 837
252 320
252 533
252 630
252 716
252 757
252 770
252 819
252 826
252 835
252 847
252 859
253 352
253 587
253 619
253 711
253 765
253 776
253 796
253 881
253 891
253 916
253 923
254 299
254 349
254 474
254 540
254 564
254 710
254 757
254 770
254 826
254 835
254 847
254 859
255 431
255 528
255 567
255 620
255 668
255 696
255 699
255 709
255 800
255 845
255 846
255 897
256 302
256 433
256 598
256 637
256 650
256 659
256 700
256 730
256 743
256 784
257 475
257 481
257 601
257 636
257 684
257 844
257 872
257 931
257 949
257 975
258 643
258 663
258 679
258 771
258 802
258 809
258 861
258 875
258 910
258 921
258 942
258 943
259 523
259 614
259 651
259 673
259 718
259 782
259 783
259 792
259 804
259 810
259 886
260 277
260 283
260 292
260 379
260 444
260 479
260 491
260 498
260 603
261 319
261 371
261 381
261 500
261 575
261 591
261 608
261 647
261 905
262 583
262 667
262 797
262 848
262 853
262 922
262 924
262 932
262 948
262 959
262 968
263 985
263 990
263 991
263 992
263 993
263 994
263 995
263 996
263 997
263 998
263 999
263 1000
264 470
264 476
264 550
264 668
264 696
264 699
264 789
264 800
264 845
264 846
264 897
265 315
265 412
265 475
265 552
265 633
265 684
265 714
265 844
265 872
265 931
265 949
265 975
266 318
266 380
266 384
266 545
266 627
266 688
266 725
266 814
266 827
266 933
267 313
267 529
268 607
268 781
268 829
268 854
268 856
268 902
268 908
268 915
268 926
268 934
268 935
268 936
269 634
269 635
269 670
269 863
269 880
269 899
269 920
269 929
269 954
269 956
269 963
269 970
270 525
270 554
270 698
270 735
270 741
270 749
270 775
270 887
270 895
270 914
270 951
270 973
271 492
271 746
271 799
271 853
271 900
271 922
271 928
271 939
271 948
271 959
271 968
272 280
272 324
272 333
272 438
272 447
272 685
272 734
272 758
272 761
272 972
273 309
273 339
273 348
273 394
273 544
273 586
273 778
273 918
273 938
274 393
274 488
274 512
274 518
274 570
276 708
277 283
277 292
277 379
277 444
277 479
277 491
277 498
277 603
279 834
279 851
279 858
279 864
279 865
279 866
279 879
279 884
279 893
279 896
279 903
279 906
280 337
280 447
280 555
280 685
280 734
280 758
280 761
280 972
281 437
281 470
281 528
281 620
281 668
281 696
281 709
281 789
281 800
281 845
281 846
281 897
283 292
283 379
283 444
283 479
283 491
283 498
283 603
284 310
284 525
284 558
284 596
284 749
284 843
284 849
284 868
284 887
284 944
284 951
284 973
286 704
286 728
286 797
286 848
286 900
286 922
286 924
286 928
286 932
286 939
286 948
286 959
286 968
287 471
287 596
287 617
287 645
287 766
287 775
287 868
287 874
287 895
287 914
287 944
287 951
287 973
288 774
288 808
288 831
288 871
288 883
288 937
288 945
288 958
288 964
288 965
288 971
288 974
288 976
289 985
289 986
289 990
289 991
289 992
289 993
289 994
289 995
289 996
289 997
289 998
289 999
289 1000
290 901
290 927
290 941
290 947
290 960
290 967
290 969
290 977
290 979
290 980
290 981
290 982
290 984
291 506
291 509
291 562
291 787
291 805
291 841
291 870
291 907
291 930
291 946
291 953
291 955
291 961
292 379
292 444
292 479
292 491
292 498
292 603
293 540
293 564
293 568
293 571
293 630
293 710
293 716
293 770
293 819
293 826
293 835
293 847
293 859
294 557
294 781
294 829
294 854
294 856
294 888
294 902
294 908
294 915
294 926
294 934
294 935
294 936
295 303
295 304
295 321
295 345
295 456
295 462
295 466
295 478
295 531
295 578
295 594
295 616
295 724
296 676
296 715
296 732
296 748
296 787
296 870
296 907
296 930
296 946
296 953
296 955
296 961
297 624
297 713
297 744
297 752
297 793
297 798
297 815
297 820
297 823
297 852
297 867
297 877
297 890
298 702
298 799
298 848
298 853
298 922
298 924
298 928
298 932
298 939
298 948
298 959
298 968
299 349
299 474
299 533
299 540
299 630
299 710
299 770
299 819
299 826
299 835
299 847
299 859
300 336
300 338
300 340
300 378
300 385
300 418
302 416
302 598
302 637
302 644
302 650
302 700
302 730
302 743
302 784
302 791
303 304
303 345
303 423
303 462
303 466
303 478
303 493
303 578
303 594
303 616
303 724
304 345
304 456
304 462
304 466
304 478
304 493
304 531
304 578
304 594
304 616
304 724
305 580
305 682
305 808
305 812
305 822
305 937
305 945
305 958
305 964
305 965
305 971
305 974
305 976
306 822
306 831
306 833
306 871
306 883
306 937
306 945
306 958
306 964
306 965
306 971
306 974
306 976
307 612
307 614
307 618
307 673
307 718
307 736
307 782
307 783
307 792
307 804
307 810
307 886
308 330
308 410
308 422
308 441
308 517
308 553
308 565
308 569
309 339
309 348
309 394
309 544
309 586
309 778
309 918
309 938
310 471
310 558
310 665
310 766
310 775
310 889
310 895
310 914
310 944
310 951
310 973
311 548
311 623
311 671
311 738
311 760
311 762
311 768
311 801
311 806
311 825
311 892
311 913
311 966
312 499
312 592
312 632
312 711
312 765
312 776
312 796
312 881
312 891
312 916
312 923
313 529
315 439
315 443
315 561
315 674
315 684
315 714
315 844
315 872
315 931
315 949
315 975
316 732
316 769
316 772
316 786
316 787
316 813
316 870
316 907
316 930
316 946
316 953
316 955
316 961
317 816
317 917
317 927
317 941
317 947
317 960
317 969
317 977
317 979
317 980
317 981
317 982
317 984
318 366
318 417
318 434
318 621
318 627
318 688
318 751
318 814
318 821
318 827
318 933
319 371
319 381
319 500
319 575
319 591
319 608
319 647
319 905
320 369
320 589
320 710
320 716
320 757
320 819
320 826
320 835
320 847
320 859
321 395
321 423
321 456
321 466
321 478
321 493
321 531
321 578
321 594
321 616
321 724
322 452
322 621
322 627
322 725
322 751
322 814
322 821
322 827
322 933
323 607
323 625
323 664
323 829
323 854
323 856
323 862
323 888
323 908
323 926
323 934
323 935
323 936
324 438
324 447
324 685
324 734
324 758
324 761
324 972
325 917
325 927
325 941
325 947
325 960
325 967
325 969
325 977
325 979
325 980
325 981
325 982
325 984
326 354
326 368
326 386
326 446
326 451
326 537
326 693
326 703
326 722
326 739
326 785
326 837
327 432
327 468
327 635
327 719
327 863
327 880
327 899
327 920
327 929
327 954
327 956
327 963
327 970
329 467
329 495
329 562
329 786
329 805
329 841
329 907
329 930
329 946
329 953
329 955
329 961
330 410
330 422
330 441
330 517
330 553
330 565
330 569
331 486
331 740
332 657
332 677
332 689
332 706
332 836
332 840
332 850
332 857
332 873
332 878
332 894
332 904
332 909
333 337
333 438
333 447
333 555
333 685
333 734
333 758
333 761
333 972
334 729
334 781
334 829
334 854
334 856
334 888
334 902
334 908
334 915
334 926
334 934
334 935
334 936
335 377
335 455
335 463
335 598
335 644
335 730
335 743
335 784
336 338
336 340
336 378
336 418
337 438
337 447
337 555
337 685
337 734
337 758
337 761
337 972
338 340
338 378
338 418
339 348
339 394
339 544
339 586
339 778
339 918
339 938
340 378
340 385
340 418
341 513
341 534
341 649
341 657
341 677
341 706
341 717
341 779
341 850
341 878
341 894
341 904
341 909
342 660
342 772
342 786
342 794
342 805
342 841
342 870
342 930
342 946
342 953
342 955
342 961
343 556
343 657
343 706
343 717
343 750
343 836
343 840
343 857
343 873
343 878
343 894
343 904
343 909
344 513
344 534
344 556
344 588
344 689
344 717
344 779
344 836
344 857
344 894
344 904
344 909
345 395
345 456
345 478
345 493
345 531
345 578
345 594
345 616
345 724
346 811
346 834
346 851
346 858
346 864
346 865
346 866
346 879
346 884
346 893
346 896
346 903
346 906
348 394
348 544
348 586
348 778
348 918
348 938
349 390
349 533
349 540
349 589
349 757
349 770
349 819
349 835
349 847
349 859
350 645
350 665
350 735
350 741
350 775
350 843
350 849
350 874
350 887
350 889
350 895
350 914
350 973
351 443
351 481
351 502
351 511
351 552
351 633
351 684
351 714
351 844
351 872
351 931
351 949
351 975
352 499
352 592
352 666
352 711
352 765
352 767
352 776
352 796
352 881
352 891
352 916
352 923
353 985
353 986
353 990
353 991
353 992
353 993
353 994
353 995
353 996
353 997
353 998
353 999
353 1000
354 404
354 407
354 451
354 473
354 543
354 563
354 703
354 722
354 739
354 785
354 837
355 448
355 585
355 612
355 622
355 718
355 736
355 782
355 783
355 792
355 804
355 810
355 886
356 415
356 515
356 729
356 731
356 854
356 856
356 902
356 908
356 915
356 926
356 934
356 935
356 936
357 468
357 526
357 574
357 672
357 678
357 681
357 719
357 876
357 880
357 912
357 954
357 956
357 963
357 970
358 692
358 713
358 720
358 744
358 752
358 793
358 798
358 815
358 820
358 823
358 852
358 867
358 877
358 890
360 729
360 753
360 759
360 854
360 856
360 862
360 888
360 902
360 908
360 915
360 926
360 934
360 935
360 936
361 396
361 476
361 547
361 550
361 620
361 696
361 699
361 709
361 789
361 800
361 845
361 846
361 897
362 386
362 446
362 451
362 537
362 543
362 693
362 703
362 722
362 739
362 785
362 837
363 901
363 917
363 927
363 941
363 947
363 960
363 967
363 969
363 977
363 979
363 980
363 981
363 982
363 984
364 484
364 623
364 671
364 687
364 712
364 738
364 762
364 768
364 801
364 825
364 892
364 913
364 966
365 985
365 986
365 987
365 990
365 991
365 992
365 993
365 994
365 995
365 996
365 997
365 998
365 999
365 1000
366 417
366 621
366 627
366 688
366 725
366 814
366 821
366 827
366 933
367 615
367 626
367 720
367 744
367 752
367 793
367 798
367 815
367 820
367 823
367 852
367 867
367 877
367 890
368 386
368 407
368 414
368 473
368 543
368 703
368 722
368 739
368 785
368 837
369 564
369 568
369 571
369 589
369 716
369 757
369 770
369 819
369 826
369 835
369 847
369 859
370 613
370 811
370 834
370 851
370 858
370 864
370 865
370 866
370 879
370 884
370 893
370 896
370 903
370 906
371 381
371 500
371 575
371 591
371 608
371 647
371 905
372 985
372 986
372 987
372 990
372 991
372 992
372 993
372 994
372 995
372 996
372 997
372 998
372 999
372 1000
374 901
374 917
374 927
374 941
374 947
374 960
374 967
374 969
374 977
374 979
374 980
374 981
374 982
374 984
375 721
375 811
375 834
375 851
375 858
375 864
375 865
375 866
375 879
375 884
375 893
375 896
375 903
375 906
376 508
376 577
376 747
376 755
376 763
376 807
376 838
376 869
376 875
376 885
376 910
376 921
376 942
376 943
377 416
377 460
377 637
377 650
377 659
377 730
377 743
377 784
377 791
378 385
379 444
379 479
379 491
379 498
379 603
380 384
380 426
380 452
380 621
380 627
380 688
380 725
380 751
380 814
380 821
380 827
380 933
381 500
381 575
381 591
381 608
381 647
381 905
382 448
382 523
382 612
382 622
382 651
382 673
382 718
382 736
382 782
382 783
382 792
382 804
382 810
382 886
383 499
383 619
383 632
383 666
383 711
383 765
383 767
383 796
383 881
383 891
383 916
383 923
384 434
384 452
384 545
384 621
384 751
384 814
384 821
384 827
384 933
385 418
386 404
386 446
386 473
386 543
386 693
386 722
386 739
386 785
386 837
387 985
387 986
387 987
387 990
387 991
387 992
387 993
387 994
387 995
387 996
387 997
387 998
387 999
387 1000
388 628
388 638
388 643
388 679
388 771
388 807
388 838
388 861
388 869
388 885
388 910
388 921
388 942
388 943
389 596
389 653
389 665
389 686
389 790
389 874
389 887
389 889
389 895
389 914
389 951
389 973
390 533
390 568
390 571
390 589
390 630
390 710
390 716
390 770
390 819
390 826
390 835
390 847
390 859
392 629
392 646
392 653
392 665
392 698
392 735
392 843
392 868
392 889
392 895
392 914
392 944
392 951
392 973
393 488
393 512
393 518
393 570
394 544
394 586
394 778
394 918
394 938
395 423
395 456
395 462
395 466
395 478
395 493
395 531
395 578
395 594
395 616
395 724
396 431
396 470
396 567
396 620
396 668
396 699
396 709
396 789
396 800
396 845
396 846
396 897
397 431
397 449
397 476
397 528
397 567
397 620
397 699
397 709
397 789
397 800
397 845
397 846
397 897
398 611
398 660
398 676
398 769
398 786
398 813
398 841
398 870
398 907
398 930
398 946
398 953
398 955
398 961
399 549
399 556
399 631
399 649
399 654
399 706
399 737
399 836
399 840
399 857
399 878
399 894
399 904
399 909
401 461
401 583
401 602
401 728
401 773
401 900
401 922
401 924
401 928
401 932
401 939
401 948
401 959
401 968
402 985
402 986
402 987
402 990
402 991
402 992
402 993
402 994
402 995
402 996
402 997
402 998
402 999
402 1000
403 461
403 702
403 704
403 746
403 799
403 900
403 922
403 924
403 928
403 932
403 939
403 948
403 959
403 968
404 414
404 446
404 451
404 473
404 563
404 693
404 703
404 722
404 739
404 785
404 837
405 549
405 689
405 717
405 750
405 779
405 836
405 850
405 857
405 873
405 878
405 894
405 904
405 909
406 541
406 811
406 834
406 851
406 858
406 864
406 865
406 866
406 879
406 884
406 893
406 896
406 903
406 906
407 451
407 473
407 537
407 543
407 563
407 693
407 703
407 739
407 785
407 837
408 901
408 917
408 927
408 941
408 947
408 960
408 967
408 969
408 977
408 979
408 980
408 981
408 982
408 984
409 901
409 917
409 927
409 941
409 947
409 960
409 967
409 969
409 977
409 979
409 980
409 981
409 982
409 984
410 422
410 441
410 517
410 553
410 565
410 569
411 508
411 527
411 582
411 727
411 763
411 802
411 807
411 838
411 869
411 875
411 910
411 921
411 942
411 943
412 552
412 601
412 633
412 636
412 674
412 684
412 714
412 844
412 872
412 931
412 949
412 975
413 548
413 605
413 623
413 671
413 738
413 760
413 762
413 768
413 801
413 806
413 825
413 892
413 913
413 966
414 446
414 451
414 473
414 537
414 563
414 693
414 703
414 722
414 739
414 785
414 837
415 731
415 759
415 781
415 829
415 854
415 856
415 862
415 888
415 902
415 926
415 934
415 935
415 936
416 433
416 463
416 494
416 598
416 637
416 659
416 700
416 730
416 743
416 784
416 791
417 545
417 621
417 627
417 688
417 725
417 751
417 814
417 821
417 827
417 933
419 683
419 721
419 811
419 834
419 851
419 858
419 864
419 865
419 866
419 879
419 884
419 893
419 896
419 903
419 906
420 493
420 985
420 986
420 987
420 990
420 991
420 992
420 993
420 994
420 995
420 996
420 997
420 998
420 999
420 1000
421 985
421 986
421 987
421 989
421 990
421 991
421 992
421 993
421 994
421 995
421 996
421 997
421 998
421 999
421 1000
422 441
422 517
422 553
422 565
422 569
423 456
423 462
423 466
423 478
423 493
423 531
423 578
423 594
423 616
423 724
424 816
424 901
424 917
424 927
424 941
424 947
424 960
424 967
424 969
424 977
424 979
424 980
424 981
424 982
424 984
425 816
425 901
425 917
425 927
425 941
425 947
425 960
425 967
425 969
425 977
425 979
425 980
425 981
425 982
425 984
426 452
426 545
426 621
426 627
426 688
426 725
426 751
426 814
426 821
426 827
426 933
427 683
427 721
427 811
427 834
427 851
427 858
427 864
427 865
427 866
427 879
427 884
427 893
427 896
427 903
427 906
429 509
429 562
429 732
429 748
429 772
429 794
429 813
429 841
429 870
429 907
429 930
429 946
429 953
429 955
429 961
430 607
430 664
430 729
430 753
430 829
430 856
430 862
430 888
430 902
430 908
430 915
430 926
430 934
430 935
430 936
431 470
431 476
431 528
431 567
431 620
431 668
431 696
431 699
431 709
431 845
431 846
431 897
432 648
432 817
432 832
432 863
432 876
432 882
432 899
432 912
432 920
432 929
432 954
432 956
432 963
432 970
433 455
433 463
433 494
433 637
433 644
433 650
433 659
433 700
433 730
433 784
433 791
434 452
434 545
434 627
434 688
434 725
434 751
434 814
434 821
434 827
434 933
435 626
435 692
435 713
435 720
435 744
435 752
435 793
435 798
435 815
435 820
435 823
435 852
435 867
435 877
435 890
436 539
436 694
436 808
436 831
436 833
436 871
436 883
436 937
436 945
436 958
436 964
436 965
436 971
436 974
436 976
437 449
437 476
437 528
437 550
437 567
437 668
437 696
437 699
437 789
437 845
437 846
437 897
438 555
438 685
438 734
438 758
438 761
438 972
439 475
439 511
439 601
439 633
439 636
439 674
439 684
439 714
439 844
439 872
439 931
439 949
439 975
441 517
441 553
441 565
441 569
442 818
442 824
442 901
442 917
442 941
442 947
442 960
442 967
442 969
442 977
442 979
442 980
442 981
442 982
442 984
443 475
443 552
443 561
443 633
443 636
443 674
443 684
443 714
443 844
443 872
443 931
443 949
443 975
444 479
444 491
444 498
444 603
445 818
445 824
445 901
445 927
445 941
445 947
445 960
445 967
445 969
445 977
445 979
445 980
445 981
445 982
445 984
446 451
446 543
446 693
446 722
446 739
446 785
446 837
447 685
447 734
447 758
447 761
447 972
448 585
448 614
448 618
448 651
448 673
448 718
448 736
448 782
448 783
448 792
448 804
448 810
448 886
449 470
449 482
449 567
449 620
449 668
449 696
449 699
449 789
449 800
449 845
449 846
449 897
450 824
450 901
450 917
450 927
450 941
450 947
450 960
450 967
450 969
450 977
450 979
450 980
450 981
450 982
450 984
451 537
451 563
451 693
451 703
451 785
451 837
452 621
452 725
452 814
452 821
452 827
452 933
453 985
453 986
453 987
453 989
453 990
453 991
453 992
453 993
453 994
453 995
453 996
453 997
453 998
453 999
453 1000
454 678
454 701
454 719
454 832
454 863
454 876
454 880
454 899
454 912
454 920
454 929
454 954
454 956
454 963
454 970
455 494
455 598
455 637
455 644
455 659
455 700
455 730
455 743
455 784
455 791
456 466
456 478
456 493
456 531
456 578
456 594
456 616
456 724
458 496
458 635
458 672
458 719
458 817
458 863
458 876
458 882
458 899
458 912
458 929
458 954
458 956
458 963
458 970
459 530
459 573
459 667
459 695
459 702
459 704
459 746
459 848
459 853
459 924
459 928
459 932
459 948
459 968
460 463
460 494
460 637
460 644
460 650
460 659
460 730
460 743
460 784
460 791
461 746
461 773
461 900
461 922
461 924
461 928
461 932
461 939
461 948
461 959
461 968
462 466
462 478
462 493
462 531
462 578
462 594
462 616
462 724
463 494
463 598
463 637
463 644
463 659
463 700
463 743
463 784
463 791
464 503
464 753
464 759
464 781
464 829
464 854
464 856
464 862
464 888
464 902
464 908
464 926
464 934
464 935
464 936
465 683
465 721
465 811
465 834
465 851
465 858
465 864
465 865
465 866
465 879
465 884
465 893
465 896
465 903
465 906
466 478
466 531
466 578
466 594
466 616
466 724
467 676
467 715
467 772
467 794
467 805
467 813
467 870
467 907
467 930
467 946
467 953
467 955
467 961
468 648
468 681
468 832
468 863
468 880
468 882
468 899
468 920
468 929
468 954
468 956
468 963
468 970
469 683
469 721
469 811
469 834
469 851
469 858
469 864
469 865
469 866
469 879
469 884
469 893
469 896
469 903
469 906
470 482
470 528
470 550
470 620
470 709
470 789
470 800
470 845
470 846
470 897
471 572
471 596
471 606
471 735
471 766
471 790
471 849
471 868
471 874
471 887
471 889
471 895
471 944
471 951
472 613
472 683
472 721
472 811
472 834
472 851
472 858
472 864
472 865
472 866
472 879
472 884
472 893
472 896
472 903
472 906
473 537
473 693
473 703
473 722
473 739
473 785
473 837
474 564
474 568
474 571
474 589
474 630
474 710
474 757
474 770
474 819
474 826
474 835
474 847
474 859
475 502
475 552
475 561
475 601
475 633
475 684
475 844
475 872
475 931
475 949
475 975
476 482
476 547
476 668
476 696
476 709
476 789
476 800
476 845
476 846
476 897
477 653
477 698
477 735
477 741
477 775
477 843
477 849
477 868
477 874
477 887
477 895
477 944
477 951
477 973
478 493
478 531
478 578
478 594
478 616
478 724
479 491
479 498
479 603
481 502
481 511
481 561
481 601
481 633
481 636
481 674
481 684
481 714
481 844
481 872
481 931
481 949
481 975
482 528
482 547
482 668
482 696
482 699
482 709
482 789
482 800
482 845
482 846
482 897
483 613
483 683
483 721
483 811
483 834
483 851
483 858
483 864
483 865
483 866
483 879
483 884
483 893
483 896
483 903
483 906
484 548
484 605
484 623
484 671
484 687
484 712
484 738
484 768
484 801
484 806
484 825
484 892
484 913
484 966
485 624
485 626
485 692
485 713
485 720
485 744
485 752
485 793
485 798
485 815
485 820
485 823
485 852
485 867
485 877
485 890
486 740
487 816
487 824
487 901
487 917
487 927
487 941
487 947
487 960
487 967
487 969
487 977
487 979
487 980
487 981
487 982
487 984
488 512
488 518
488 570
489 526
489 576
489 817
489 832
489 863
489 876
489 882
489 899
489 912
489 920
489 929
489 954
489 956
489 963
489 970
491 498
491 603
492 667
492 695
492 728
492 799
492 848
492 853
492 900
492 922
492 924
492 928
492 932
492 939
492 948
492 959
492 968
493 531
493 578
493 594
493 616
493 724
494 598
494 637
494 700
494 730
494 743
494 784
494 791
495 611
495 769
495 786
495 787
495 794
495 813
495 841
495 870
495 907
495 930
495 946
495 953
495 955
495 961
496 670
496 678
496 680
496 817
496 832
496 863
496 876
496 880
496 882
496 920
496 929
496 954
496 956
496 963
496 970
497 574
497 576
497 579
497 678
497 680
497 832
497 876
497 882
497 899
497 912
497 920
497 929
497 954
497 956
497 963
497 970
498 603
499 516
499 587
499 592
499 619
499 632
499 711
499 765
499 767
499 776
499 881
499 891
499 916
499 923
500 575
500 591
500 608
500 647
500 905
501 816
501 824
501 901
501 917
501 927
501 941
501 947
501 960
501 967
501 969
501 977
501 979
501 980
501 981
501 982
501 984
502 552
502 561
502 601
502 636
502 674
502 684
502 714
502 844
502 872
502 931
502 949
502 975
503 557
503 597
503 664
503 731
503 759
503 829
503 862
503 888
503 902
503 908
503 915
503 926
503 934
503 935
503 936
504 985
504 986
504 987
504 988
504 989
504 990
504 991
504 992
504 993
504 994
504 995
504 996
504 997
504 998
504 999
504 1000
505 554
505 606
505 617
505 629
505 646
505 653
505 735
505 749
505 790
505 849
505 868
505 874
505 887
505 914
505 951
505 973
506 660
506 732
506 748
506 769
506 794
506 805
506 813
506 841
506 870
506 907
506 930
506 946
506 953
506 955
506 961
507 515
507 559
507 625
507 729
507 753
507 759
507 829
507 854
507 862
507 902
507 908
507 915
507 926
507 934
507 935
507 936
508 643
508 727
508 747
508 763
508 802
508 809
508 838
508 861
508 869
508 875
508 910
508 921
508 942
508 943
509 611
509 772
509 787
509 794
509 805
509 813
509 841
509 870
509 907
509 930
509 946
509 953
509 955
509 961
510 682
510 754
510 812
510 822
510 831
510 833
510 871
510 883
510 937
510 945
510 958
510 964
510 965
510 971
510 974
510 976
511 561
511 601
511 633
511 636
511 674
511 684
511 844
511 872
511 931
511 949
511 975
512 518
512 570
513 581
513 631
513 654
513 677
513 737
513 779
513 836
513 840
513 850
513 873
513 878
513 894
513 904
513 909
514 539
514 639
514 658
514 694
514 812
514 822
514 833
514 871
514 937
514 945
514 958
514 964
514 965
514 971
514 974
514 976
515 664
515 729
515 781
515 829
515 856
515 862
515 888
515 902
515 908
515 915
515 926
515 934
515 935
515 936
516 587
516 619
516 632
516 666
516 711
516 767
516 776
516 796
516 881
516 891
516 916
516 923
517 553
517 565
517 569
518 570
519 551
519 580
519 639
519 754
519 812
519 822
519 871
519 883
519 937
519 945
519 958
519 964
519 965
519 971
519 974
519 976
522 816
522 818
522 824
522 901
522 917
522 927
522 941
522 947
522 960
522 967
522 969
522 977
522 979
522 980
522 981
522 982
522 984
523 585
523 612
523 614
523 618
523 622
523 651
523 718
523 736
523 782
523 783
523 792
523 804
523 810
523 886
524 602
524 667
524 695
524 728
524 773
524 799
524 848
524 853
524 900
524 922
524 924
524 928
524 932
524 939
524 948
524 959
524 968
525 617
525 645
525 646
525 698
525 766
525 775
525 790
525 849
525 874
525 887
525 895
525 914
525 944
525 951
525 973
526 536
526 576
526 634
526 670
526 672
526 832
526 863
526 876
526 899
526 912
526 920
526 929
526 956
526 963
526 970
527 638
527 661
527 679
527 727
527 747
527 763
527 771
527 802
527 807
527 838
527 861
527 875
527 885
527 921
527 942
527 943
528 550
528 567
528 620
528 699
528 789
528 800
528 845
528 846
528 897
530 695
530 702
530 728
530 773
530 799
530 848
530 900
530 922
530 924
530 928
530 932
530 939
530 948
530 959
530 968
531 578
531 594
531 616
531 724
533 564
533 589
533 630
533 710
533 757
533 770
533 819
533 826
533 835
533 847
533 859
534 556
534 654
534 737
534 750
534 779
534 836
534 840
534 850
534 857
534 873
534 878
534 894
534 904
534 909
536 634
536 672
536 680
536 701
536 719
536 817
536 832
536 880
536 882
536 899
536 912
536 929
536 954
536 956
536 963
536 970
537 543
537 693
537 703
537 722
537 739
537 785
537 837
539 658
539 764
539 812
539 822
539 831
539 871
539 883
539 937
539 945
539 958
539 964
539 965
539 971
539 974
539 976
540 564
540 568
540 571
540 589
540 630
540 716
540 757
540 770
540 819
540 826
540 835
540 847
540 859
541 613
541 683
541 721
541 811
541 834
541 851
541 858
541 864
541 865
541 866
541 879
541 884
541 893
541 896
541 903
541 906
543 563
543 693
543 703
543 722
543 739
543 785
543 837
544 586
544 778
544 918
544 938
545 621
545 627
545 688
545 725
545 751
545 814
545 821
545 827
545 933
546 615
546 624
546 626
546 692
546 713
546 720
546 744
546 752
546 793
546 798
546 815
546 820
546 823
546 852
546 867
546 877
546 890
547 550
547 567
547 620
547 668
547 696
547 699
547 709
547 789
547 800
547 845
547 846
547 897
548 605
548 671
548 687
548 712
548 760
548 762
548 768
548 806
548 825
548 892
548 913
548 966
549 588
549 631
549 657
549 689
549 706
549 737
549 836
549 850
549 857
549 873
549 878
549 894
549 904
549 909
550 567
550 620
550 668
550 699
550 709
550 789
550 800
550 845
550 846
550 897
551 754
551 764
551 808
551 812
551 822
551 831
551 883
551 937
551 945
551 958
551 964
551 965
551 971
551 974
551 976
552 561
552 601
552 636
552 674
552 714
552 844
552 872
552 931
552 949
552 975
553 565
553 569
554 646
554 665
554 741
554 749
554 775
554 790
554 843
554 849
554 868
554 874
554 914
554 944
554 951
554 973
555 685
555 734
555 758
555 761
555 972
556 631
556 654
556 657
556 677
556 737
556 779
556 836
556 840
556 850
556 857
556 873
556 894
556 904
557 559
557 597
557 625
557 729
557 753
557 759
557 856
557 862
557 888
557 902
557 908
557 915
557 926
557 934
557 935
557 936
558 572
558 596
558 629
558 686
558 766
558 775
558 790
558 843
558 849
558 868
558 874
558 895
558 914
558 944
558 951
558 973
559 597
559 664
559 729
559 759
559 829
559 854
559 862
559 888
559 902
559 908
559 915
559 926
559 934
559 935
559 936
561 633
561 636
561 674
561 684
561 714
561 844
561 872
561 931
561 949
561 975
562 660
562 715
562 732
562 748
562 769
562 794
562 805
562 841
562 870
562 930
562 946
562 953
562 955
562 961
563 693
563 703
563 722
563 739
563 785
563 837
564 630
564 710
564 716
564 757
564 770
564 819
564 826
564 835
564 847
564 859
565 569
566 742
566 816
566 818
566 824
566 901
566 917
566 927
566 941
566 947
566 960
566 967
566 969
566 977
566 979
566 980
566 981
566 982
566 984
567 620
567 696
567 709
567 789
567 800
567 845
567 846
567 897
568 571
568 630
568 716
568 757
568 770
568 819
568 826
568 835
568 847
568 859
571 589
571 710
571 716
571 757
571 770
571 819
571 826
571 835
571 847
571 859
572 629
572 653
572 741
572 749
572 790
572 843
572 849
572 868
572 874
572 887
572 889
572 895
572 944
572 951
572 973
573 583
573 602
573 702
573 704
573 728
573 746
573 848
573 853
573 900
573 922
573 924
573 928
573 932
573 939
573 948
573 959
573 968
574 579
574 635
574 648
574 672
574 817
574 832
574 863
574 876
574 880
574 899
574 912
574 920
574 929
574 954
574 963
574 970
575 591
575 608
575 647
575 905
576 670
576 681
576 701
576 832
576 863
576 876
576 880
576 882
576 899
576 920
576 929
576 954
576 956
576 963
576 970
577 628
577 661
577 727
577 763
577 771
577 802
577 809
577 861
577 869
577 875
577 885
577 910
577 921
577 942
577 943
578 594
578 616
578 724
579 672
579 678
579 680
579 681
579 701
579 817
579 863
579 880
579 882
579 912
579 920
579 929
579 954
579 956
579 963
579 970
580 682
580 754
580 764
580 812
580 831
580 833
580 871
580 883
580 937
580 945
580 958
580 964
580 965
580 971
580 974
580 976
581 631
581 654
581 657
581 677
581 689
581 706
581 717
581 737
581 750
581 779
581 836
581 840
581 873
581 878
581 894
581 904
581 909
582 638
582 643
582 663
582 679
582 727
582 763
582 802
582 807
582 809
582 838
582 861
582 875
582 910
582 921
582 942
582 943
583 797
583 799
583 848
583 853
583 900
583 922
583 924
583 928
583 932
583 939
583 948
583 959
583 968
585 612
585 622
585 673
585 718
585 736
585 782
585 783
585 792
585 804
585 810
585 886
586 778
586 918
586 938
587 592
587 619
587 666
587 711
587 765
587 767
587 776
587 796
587 881
587 891
587 916
587 923
588 631
588 649
588 654
588 677
588 689
588 737
588 750
588 779
588 836
588 840
588 850
588 857
588 878
588 894
588 909
589 630
589 710
589 716
589 770
589 819
589 826
589 835
589 847
589 859
590 742
590 745
590 816
590 818
590 824
590 901
590 917
590 927
590 941
590 947
590 960
590 967
590 969
590 977
590 979
590 980
590 981
590 982
590 984
591 608
591 647
591 905
592 619
592 632
592 666
592 711
592 765
592 767
592 776
592 796
592 881
592 891
592 916
592 923
593 962
593 978
593 983
593 985
593 986
593 987
593 988
593 989
593 990
593 991
593 992
593 993
593 994
593 995
593 996
593 997
593 998
593 999
593 1000
594 616
594 724
596 606
596 645
596 653
596 686
596 735
596 741
596 775
596 790
596 849
596 889
596 944
596 951
596 973
597 607
597 625
597 664
597 731
597 753
597 781
597 854
597 856
597 888
597 902
597 908
597 915
597 926
597 934
597 935
597 936
598 644
598 650
598 659
598 730
598 743
598 784
598 791
600 617
600 646
600 665
600 741
600 749
600 790
600 843
600 849
600 868
600 887
600 914
600 944
600 951
600 973
601 633
601 636
601 674
601 684
601 714
601 844
601 872
601 931
601 949
601 975
602 667
602 695
602 702
602 728
602 773
602 799
602 853
602 900
602 922
602 924
602 932
602 939
602 948
602 959
602 968
605 623
605 671
605 687
605 712
605 738
605 760
605 762
605 768
605 801
605 806
605 825
605 892
605 913
605 966
606 646
606 653
606 665
606 686
606 698
606 741
606 790
606 849
606 868
606 874
606 889
606 895
606 914
606 944
606 951
607 731
607 753
607 759
607 781
607 854
607 856
607 862
607 888
607 902
607 908
607 915
607 926
607 934
607 935
607 936
608 647
608 905
609 962
609 978
609 983
609 985
609 986
609 987
609 988
609 989
609 990
609 991
609 992
609 993
609 994
609 995
609 996
609 997
609 998
609 999
609 1000
611 660
611 676
611 732
611 748
611 769
611 786
611 787
611 805
611 813
611 841
611 870
611 946
611 953
611 955
611 961
612 614
612 618
612 622
612 651
612 718
612 736
612 782
612 783
612 792
612 804
612 810
612 886
613 683
613 721
613 811
613 834
613 851
613 858
613 864
613 865
613 866
613 879
613 884
613 893
613 896
613 903
613 906
614 622
614 651
614 673
614 718
614 736
614 782
614 783
614 792
614 804
614 810
614 886
615 624
615 626
615 692
615 713
615 720
615 744
615 752
615 793
615 798
615 815
615 820
615 823
615 852
615 867
615 877
615 890
616 724
617 645
617 698
617 766
617 775
617 843
617 849
617 868
617 874
617 887
617 889
617 895
617 944
617 951
617 973
618 622
618 651
618 673
618 718
618 736
618 782
618 783
618 792
618 804
618 810
618 886
619 632
619 666
619 765
619 767
619 776
619 796
619 881
619 891
619 916
619 923
620 696
620 699
620 789
620 800
620 845
620 846
620 897
621 688
621 725
621 751
621 814
621 821
621 827
621 933
622 651
622 673
622 718
622 736
622 782
622 783
622 792
622 804
622 810
622 886
623 671
623 687
623 712
623 738
623 760
623 768
623 801
623 806
623 825
623 892
623 913
623 966
624 626
624 692
624 713
624 720
624 744
624 752
624 793
624 798
624 815
624 820
624 823
624 852
624 867
624 877
624 890
625 729
625 731
625 753
625 781
625 829
625 854
625 856
625 862
625 888
625 902
625 908
625 915
625 926
625 934
625 935
625 936
626 692
626 713
626 720
626 744
626 752
626 793
626 798
626 815
626 820
626 823
626 852
626 867
626 877
626 890
627 688
627 725
627 751
627 814
627 821
627 827
627 933
628 661
628 679
628 727
628 747
628 755
628 771
628 802
628 809
628 838
628 861
628 869
628 875
628 885
628 910
628 921
628 942
628 943
629 646
629 686
629 698
629 741
629 766
629 775
629 843
629 849
629 868
629 874
629 889
629 895
629 944
629 951
629 973
630 757
630 770
630 819
630 826
630 835
630 847
630 859
631 649
631 677
631 689
631 717
631 737
631 750
631 840
631 850
631 857
631 873
631 878
631 894
631 904
631 909
632 666
632 711
632 765
632 767
632 776
632 796
632 881
632 891
632 916
632 923
633 636
633 674
633 684
633 714
633 844
633 872
633 931
633 949
633 975
634 635
634 648
634 670
634 678
634 719
634 817
634 832
634 863
634 876
634 882
634 912
634 920
634 929
634 954
634 956
634 963
634 970
635 670
635 681
635 701
635 719
635 876
635 880
635 882
635 912
635 920
635 929
635 954
635 956
635 963
635 970
636 714
636 844
636 872
636 931
636 949
636 975
637 644
637 650
637 659
637 730
637 784
637 791
638 679
638 727
638 747
638 755
638 771
638 802
638 807
638 809
638 838
638 861
638 869
638 875
638 885
638 910
638 921
638 942
638 943
639 652
639 658
639 694
639 754
639 774
639 812
639 822
639 833
639 871
639 883
639 937
639 945
639 958
639 964
639 965
639 971
639 974
639 976
643 661
643 663
643 747
643 755
643 771
643 802
643 809
643 861
643 869
643 875
643 885
643 910
643 921
643 942
643 943
644 650
644 659
644 700
644 730
644 743
644 784
644 791
645 646
645 686
645 698
645 741
645 749
645 790
645 849
645 868
645 874
645 889
645 895
645 914
645 951
645 973
646 653
646 735
646 749
646 843
646 887
646 895
646 914
646 944
646 951
646 973
647 905
648 681
648 701
648 817
648 832
648 863
648 876
648 880
648 882
648 912
648 920
648 929
648 954
648 956
648 963
648 970
649 654
649 657
649 677
649 706
649 717
649 737
649 750
649 779
649 840
649 850
649 857
649 873
649 878
649 894
649 904
649 909
650 659
650 700
650 730
650 743
650 784
650 791
651 673
651 718
651 736
651 782
651 783
651 792
651 804
651 810
651 886
652 682
652 764
652 774
652 808
652 812
652 822
652 831
652 833
652 871
652 883
652 937
652 945
652 958
652 964
652 965
652 971
652 974
652 976
653 665
653 735
653 741
653 749
653 775
653 790
653 843
653 849
653 887
653 889
653 914
653 973
654 706
654 717
654 737
654 750
654 779
654 836
654 840
654 850
654 857
654 873
654 878
654 894
654 904
654 909
657 677
657 706
657 717
657 750
657 836
657 840
657 857
657 873
657 878
657 894
657 904
657 909
658 682
658 694
658 754
658 764
658 774
658 808
658 812
658 831
658 833
658 871
658 937
658 945
658 958
658 964
658 965
658 971
658 974
658 976
659 700
659 730
659 743
659 784
659 791
660 676
660 732
660 769
660 772
660 786
660 787
660 794
660 813
660 870
660 907
660 930
660 946
660 953
660 955
660 961
661 663
661 679
661 755
661 763
661 771
661 802
661 807
661 809
661 838
661 861
661 869
661 875
661 885
661 910
661 921
661 942
661 943
662 950
662 952
662 962
662 978
662 983
662 985
662 986
662 987
662 988
662 989
662 990
662 991
662 992
662 993
662 994
662 995
662 996
662 997
662 998
662 999
662 1000
663 727
663 747
663 755
663 763
663 802
663 807
663 809
663 838
663 861
663 869
663 875
663 885
663 910
663 921
663 942
663 943
664 729
664 731
664 753
664 781
664 829
664 854
664 856
664 862
664 888
664 902
664 915
664 926
664 934
664 935
664 936
665 686
665 766
665 775
665 868
665 874
665 887
665 889
665 895
665 914
665 944
665 951
665 973
666 711
666 765
666 767
666 776
666 796
666 881
666 891
666 916
666 923
667 695
667 704
667 728
667 746
667 773
667 797
667 848
667 853
667 900
667 922
667 924
667 928
667 932
667 959
667 968
668 699
668 709
668 789
668 800
668 845
668 846
668 897
670 678
670 680
670 719
670 817
670 832
670 876
670 880
670 882
670 899
670 920
670 929
670 956
670 963
670 970
671 687
671 712
671 738
671 760
671 762
671 768
671 801
671 806
671 825
671 892
671 913
671 966
672 681
672 701
672 719
672 817
672 832
672 863
672 880
672 899
672 912
672 920
672 929
672 954
672 956
672 963
672 970
673 718
673 736
673 782
673 783
673 792
673 804
673 810
673 886
674 684
674 714
674 844
674 872
674 931
674 949
674 975
676 715
676 732
676 769
676 786
676 787
676 794
676 805
676 813
676 870
676 930
676 946
676 953
676 955
676 961
677 706
677 737
677 779
677 836
677 850
677 857
677 873
677 878
677 894
677 904
677 909
678 680
678 681
678 863
678 876
678 880
678 912
678 920
678 929
678 954
678 956
678 963
678 970
679 747
679 755
679 771
679 807
679 838
679 861
679 869
679 875
679 885
679 921
679 942
679 943
680 701
680 832
680 863
680 876
680 880
680 882
680 899
680 912
680 920
680 954
680 956
680 963
680 970
681 701
681 817
681 863
681 876
681 880
681 882
681 912
681 920
681 929
681 954
681 956
681 963
681 970
682 694
682 764
682 774
682 808
682 822
682 831
682 833
682 871
682 883
682 937
682 945
682 958
682 964
682 965
682 971
682 974
682 976
683 721
683 811
683 834
683 851
683 858
683 864
683 865
683 866
683 879
683 884
683 893
683 896
683 903
683 906
684 844
684 872
684 931
684 949
684 975
685 734
685 758
685 761
685 972
686 698
686 735
686 741
686 749
686 766
686 775
686 874
686 887
686 889
686 895
686 914
686 944
686 951
686 973
687 712
687 738
687 760
687 762
687 768
687 801
687 806
687 825
687 892
687 913
687 966
688 725
688 751
688 814
688 821
688 827
688 933
689 706
689 717
689 750
689 779
689 836
689 840
689 850
689 857
689 873
689 878
689 894
689 904
689 909
690 726
690 742
690 745
690 816
690 818
690 824
690 901
690 917
690 927
690 941
690 947
690 960
690 967
690 969
690 977
690 979
690 980
690 981
690 982
690 984
692 713
692 720
692 744
692 752
692 793
692 798
692 815
692 820
692 823
692 852
692 867
692 877
692 890
693 703
693 722
693 739
693 785
693 837
694 754
694 764
694 774
694 808
694 812
694 831
694 833
694 871
694 883
694 937
694 945
694 958
694 964
694 965
694 971
694 974
694 976
695 702
695 728
695 746
695 797
695 799
695 848
695 853
695 900
695 922
695 928
695 932
695 939
695 948
695 959
695 968
696 699
696 709
696 789
696 800
696 845
696 846
696 897
697 855
697 950
697 952
697 962
697 978
697 983
697 985
697 986
697 987
697 988
697 989
697 990
697 991
697 992
697 993
697 994
697 995
697 996
697 997
697 998
697 999
697 1000
698 735
698 741
698 749
698 790
698 843
698 849
698 868
698 889
698 895
698 944
698 951
698 973
699 789
699 800
699 845
699 846
699 897
700 730
700 743
700 784
700 791
701 719
701 817
701 832
701 880
701 882
701 899
701 912
701 920
701 929
701 954
701 956
701 963
701 970
702 728
702 746
702 773
702 797
702 848
702 853
702 922
702 924
702 928
702 939
702 948
702 959
702 968
703 722
703 739
703 785
703 837
704 728
704 746
704 773
704 797
704 799
704 848
704 900
704 922
704 924
704 928
704 932
704 939
704 948
704 959
704 968
706 717
706 737
706 750
706 836
706 840
706 850
706 857
706 873
706 878
706 904
706 909
709 789
709 800
709 845
709 846
709 897
710 716
710 757
710 770
710 819
710 826
710 847
710 859
711 765
711 767
711 776
711 796
711 881
711 891
711 916
711 923
712 738
712 760
712 762
712 768
712 801
712 806
712 825
712 892
712 913
712 966
713 720
713 744
713 752
713 793
713 798
713 815
713 820
713 823
713 852
713 867
713 877
713 890
714 844
714 872
714 931
714 949
714 975
715 732
715 748
715 769
715 772
715 787
715 794
715 805
715 813
715 841
715 870
715 907
715 930
715 946
715 953
715 955
715 961
716 757
716 770
716 819
716 826
716 835
716 847
716 859
717 750
717 779
717 836
717 840
717 850
717 857
717 873
717 894
717 904
717 909
718 736
718 782
718 783
718 792
718 804
718 810
718 886
719 817
719 863
719 876
719 880
719 882
719 899
719 912
719 920
719 954
719 956
719 963
719 970
720 744
720 752
720 793
720 798
720 815
720 820
720 823
720 852
720 867
720 877
720 890
721 811
721 834
721 851
721 858
721 864
721 865
721 866
721 879
721 884
721 893
721 896
721 903
721 906
722 739
722 785
722 837
723 842
723 855
723 950
723 952
723 962
723 978
723 983
723 985
723 986
723 987
723 988
723 989
723 990
723 991
723 992
723 993
723 994
723 995
723 996
723 997
723 998
723 999
723 1000
725 751
725 814
725 821
725 827
725 933
726 742
726 745
726 816
726 818
726 824
726 901
726 917
726 927
726 941
726 947
726 960
726 967
726 969
726 977
726 979
726 980
726 981
726 982
726 984
727 747
727 755
727 771
727 802
727 807
727 809
727 861
727 869
727 875
727 885
727 910
727 921
727 942
727 943
728 746
728 848
728 900
728 922
728 924
728 932
728 939
728 948
728 959
728 968
729 731
729 753
729 759
729 856
729 862
729 888
729 902
729 908
729 926
729 934
729 935
729 936
730 784
730 791
731 753
731 759
731 781
731 829
731 854
731 856
731 888
731 902
731 908
731 915
731 926
731 934
731 935
731 936
732 748
732 769
732 786
732 794
732 805
732 813
732 841
732 870
732 907
732 930
732 946
732 953
732 955
732 961
733 828
733 842
733 855
733 950
733 952
733 962
733 978
733 983
733 985
733 986
733 987
733 988
733 989
733 990
733 991
733 992
733 993
733 994
733 995
733 996
733 997
733 998
733 999
733 1000
734 758
734 761
734 972
735 741
735 790
735 849
735 868
735 874
735 889
735 895
735 914
735 944
735 951
735 973
736 782
736 783
736 792
736 804
736 810
736 886
737 750
737 836
737 840
737 850
737 857
737 873
737 878
737 894
737 904
737 909
738 760
738 762
738 768
738 801
738 806
738 825
738 892
738 913
738 966
739 785
739 837
741 766
741 790
741 843
741 868
741 874
741 887
741 944
741 951
741 973
742 745
742 816
742 818
742 824
742 901
742 917
742 927
742 941
742 947
742 960
742 967
742 969
742 977
742 979
742 980
742 981
742 982
742 984
743 791
744 752
744 793
744 798
744 815
744 820
744 823
744 852
744 867
744 877
744 890
745 816
745 818
745 824
745 901
745 917
745 927
745 941
745 947
745 960
745 967
745 969
745 977
745 979
745 980
745 981
745 982
745 984
746 773
746 797
746 799
746 900
746 922
746 924
746 928
746 932
746 939
746 948
746 959
746 968
747 755
747 763
747 771
747 802
747 809
747 838
747 869
747 875
747 885
747 910
747 921
747 942
747 943
748 769
748 772
748 786
748 787
748 794
748 805
748 870
748 907
748 930
748 946
748 953
748 955
748 961
749 766
749 868
749 874
749 887
749 889
749 914
749 944
749 951
749 973
750 779
750 840
750 850
750 857
750 873
750 878
750 894
750 904
750 909
751 814
751 821
751 827
751 933
752 793
752 798
752 815
752 820
752 823
752 852
752 867
752 877
752 890
753 781
753 829
753 854
753 862
753 888
753 902
753 908
753 915
753 926
753 934
753 935
753 936
754 774
754 808
754 812
754 831
754 833
754 883
754 937
754 945
754 958
754 964
754 965
754 971
754 974
754 976
755 763
755 771
755 802
755 807
755 809
755 838
755 861
755 869
755 875
755 885
755 910
755 921
755 942
755 943
756 828
756 830
756 842
756 855
756 950
756 952
756 962
756 978
756 983
756 985
756 986
756 987
756 988
756 989
756 990
756 991
756 992
756 993
756 994
756 995
756 996
756 997
756 998
756 999
756 1000
757 819
757 826
757 835
757 847
757 859
758 761
758 972
759 781
759 829
759 854
759 856
759 862
759 888
759 902
759 908
759 915
759 926
759 934
759 935
759 936
760 762
760 768
760 801
760 806
760 892
760 913
760 966
761 972
762 768
762 801
762 806
762 825
762 892
762 913
762 966
763 771
763 802
763 807
763 809
763 861
763 869
763 875
763 885
763 910
763 921
763 942
763 943
764 774
764 808
764 822
764 831
764 833
764 871
764 883
764 937
764 945
764 958
764 964
764 965
764 971
764 974
764 976
765 767
765 776
765 881
765 891
765 916
765 923
766 775
766 790
766 843
766 849
766 868
766 874
766 887
766 889
766 895
766 944
767 776
767 796
767 881
767 891
767 916
767 923
768 801
768 806
768 825
768 892
768 913
768 966
769 772
769 794
769 805
769 813
769 841
769 870
769 907
769 930
769 946
769 953
769 955
769 961
770 826
770 835
770 847
770 859
771 802
771 809
771 838
771 861
771 869
771 885
771 910
771 921
771 942
771 943
772 786
772 787
772 794
772 805
772 841
772 870
772 907
772 930
772 946
772 953
772 955
772 961
773 797
773 799
773 848
773 853
773 900
773 922
773 924
773 928
773 932
773 939
773 948
773 959
773 968
774 808
774 812
774 822
774 831
774 833
774 871
774 883
774 937
774 945
774 958
774 964
774 965
774 971
774 974
774 976
775 790
775 843
775 849
775 889
775 895
775 914
775 944
775 951
775 973
776 796
776 881
776 891
776 916
776 923
777 780
777 828
777 830
777 842
777 855
777 950
777 952
777 962
777 978
777 983
777 985
777 986
777 987
777 988
777 989
777 990
777 991
777 992
777 993
777 994
777 995
777 996
777 997
777 998
777 999
777 1000
778 918
778 938
779 836
779 840
779 850
779 857
779 873
779 878
779 894
779 904
779 909
780 828
780 830
780 842
780 855
780 950
780 952
780 962
780 978
780 983
780 985
780 986
780 987
780 988
780 989
780 990
780 991
780 992
780 993
780 994
780 995
780 996
780 997
780 998
780 999
780 1000
781 829
781 856
781 862
781 888
781 902
781 908
781 915
781 926
781 934
781 935
781 936
782 783
782 792
782 804
782 810
782 886
783 792
783 804
783 810
783 886
784 791
785 837
786 787
786 794
786 805
786 813
786 841
786 907
786 930
786 946
786 953
786 955
786 961
787 805
787 813
787 841
787 870
787 907
787 930
787 946
787 953
787 955
787 961
789 800
789 845
789 846
789 897
790 843
790 868
790 874
790 887
790 914
790 944
790 951
790 973
792 804
792 810
792 886
793 798
793 815
793 820
793 823
793 852
793 867
793 877
793 890
794 805
794 841
794 870
794 907
794 930
794 946
794 953
794 955
794 961
795 828
795 830
795 842
795 855
795 950
795 952
795 962
795 978
795 983
795 985
795 986
795 987
795 988
795 989
795 990
795 991
795 992
795 993
795 994
795 995
795 996
795 997
795 998
795 999
795 1000
796 881
796 891
796 916
796 923
797 799
797 848
797 853
797 900
797 922
797 924
797 928
797 932
797 948
797 959
797 968
798 815
798 820
798 823
798 852
798 867
798 877
798 890
799 848
799 853
799 900
799 922
799 924
799 928
799 932
799 939
799 948
799 959
799 968
800 845
800 846
800 897
801 806
801 825
801 892
801 913
801 966
802 807
802 809
802 861
802 875
802 885
802 910
802 921
802 942
802 943
804 810
804 886
805 813
805 841
805 907
805 930
805 946
805 953
805 955
805 961
806 825
806 892
806 913
806 966
807 809
807 838
807 861
807 869
807 875
807 885
807 910
807 921
807 942
807 943
808 822
808 833
808 871
808 883
808 937
808 945
808 958
808 964
808 965
808 971
808 974
808 976
809 838
809 861
809 869
809 875
809 885
809 910
809 942
809 943
810 886
811 834
811 851
811 858
811 864
811 865
811 866
811 879
811 884
811 893
811 896
811 903
811 906
812 822
812 831
812 833
812 871
812 883
812 937
812 945
812 958
812 964
812 965
812 971
812 974
812 976
813 841
813 870
813 907
813 930
813 946
813 953
813 955
813 961
814 821
814 827
814 933
815 820
815 823
815 852
815 867
815 877
815 890
816 818
816 824
816 901
816 917
816 927
816 941
816 947
816 960
816 967
816 969
816 977
816 979
816 980
816 981
816 982
816 984
817 832
817 863
817 876
817 880
817 882
817 899
817 912
817 929
817 954
817 956
817 963
817 970
818 824
818 901
818 917
818 927
818 941
818 947
818 960
818 967
818 969
818 977
818 979
818 980
818 981
818 982
818 984
819 826
819 835
819 847
819 859
820 823
820 852
820 867
820 877
820 890
821 827
821 933
822 831
822 833
822 871
822 883
822 937
822 945
822 958
822 964
822 965
822 971
822 974
822 976
823 852
823 867
823 877
823 890
824 901
824 917
824 927
824 941
824 947
824 960
824 967
824 969
824 977
824 979
824 980
824 981
824 982
824 984
825 892
825 913
825 966
826 835
826 847
826 859
827 933
828 830
828 842
828 855
828 950
828 952
828 962
828 978
828 983
828 985
828 986
828 987
828 988
828 989
828 990
828 991
828 992
828 993
828 994
828 995
828 996
828 997
828 998
828 999
828 1000
829 854
829 856
829 888
829 902
829 908
829 915
829 926
829 934
829 935
829 936
830 842
830 855
830 950
830 952
830 962
830 978
830 983
830 985
830 986
830 987
830 988
830 989
830 990
830 991
830 992
830 993
830 994
830 995
830 996
830 997
830 998
830 999
830 1000
831 833
831 871
831 883
831 937
831 945
831 958
831 964
831 965
831 971
831 974
831 976
832 863
832 876
832 880
832 899
832 912
832 920
832 929
832 954
832 956
832 963
832 970
833 871
833 883
833 937
833 958
833 964
833 965
833 971
833 974
833 976
834 851
834 858
834 864
834 865
834 866
834 879
834 884
834 893
834 896
834 903
834 906
835 847
835 859
836 840
836 850
836 857
836 873
836 878
836 894
836 904
836 909
838 861
838 869
838 875
838 885
838 910
838 921
838 942
838 943
840 850
840 857
840 873
840 878
840 894
840 904
840 909
841 907
841 930
841 946
841 953
841 955
841 961
842 855
842 950
842 952
842 962
842 978
842 983
842 985
842 986
842 987
842 988
842 989
842 990
842 991
842 992
842 993
842 994
842 995
842 996
842 997
842 998
842 999
842 1000
843 849
843 874
843 889
843 895
843 914
843 944
843 951
843 973
844 872
844 931
844 949
844 975
845 846
845 897
846 897
847 859
848 853
848 900
848 922
848 924
848 928
848 932
848 939
848 948
848 959
848 968
849 868
849 874
849 889
849 895
849 914
849 944
849 973
850 857
850 873
850 878
850 894
850 904
850 909
851 858
851 864
851 865
851 866
851 879
851 884
851 893
851 896
851 903
851 906
852 867
852 877
852 890
853 900
853 922
853 928
853 932
853 939
853 948
853 959
853 968
854 856
854 862
854 888
854 908
854 915
854 926
854 934
854 935
854 936
855 950
855 952
855 962
855 978
855 983
855 985
855 986
855 987
855 988
855 989
855 990
855 991
855 992
855 993
855 994
855 995
855 996
855 997
855 998
855 999
855 1000
856 862
856 902
856 908
856 915
856 926
856 934
856 935
856 936
857 873
857 894
857 904
857 909
858 864
858 865
858 866
858 879
858 884
858 893
858 896
858 903
858 906
861 869
861 875
861 885
861 910
861 921
861 942
861 943
862 888
862 902
862 908
862 915
862 926
862 934
862 935
862 936
863 876
863 880
863 882
863 899
863 912
863 920
863 954
863 956
863 963
863 970
864 865
864 866
864 879
864 884
864 893
864 896
864 903
864 906
865 866
865 879
865 884
865 893
865 896
865 903
865 906
866 879
866 884
866 893
866 896
866 903
866 906
867 877
867 890
868 874
868 887
868 889
868 895
868 944
868 951
869 875
869 885
869 910
869 921
869 942
869 943
870 907
870 930
870 946
870 953
870 955
870 961
871 883
871 937
871 945
871 958
871 964
871 965
871 971
871 974
871 976
872 931
872 949
872 975
873 878
873 894
873 904
873 909
874 887
874 895
874 914
874 944
874 951
874 973
875 885
875 910
875 921
875 942
875 943
876 880
876 882
876 899
876 912
876 929
876 954
876 956
876 963
876 970
877 890
878 894
878 904
878 909
879 884
879 893
879 896
879 903
879 906
880 882
880 899
880 912
880 929
880 954
880 956
880 963
880 970
881 891
881 916
881 923
882 899
882 912
882 920
882 929
882 954
882 956
882 963
882 970
883 937
883 945
883 958
883 964
883 965
883 971
883 974
883 976
884 893
884 896
884 903
884 906
885 910
885 921
885 942
885 943
887 889
887 895
887 914
887 944
887 951
887 973
888 902
888 908
888 915
888 926
888 934
888 935
888 936
889 895
889 914
889 944
889 951
889 973
891 916
891 923
892 913
892 966
893 896
893 903
893 906
894 904
894 909
895 914
895 944
896 903
896 906
899 912
899 920
899 929
899 954
899 956
899 963
899 970
900 922
900 924
900 928
900 932
900 939
900 948
900 959
900 968
901 917
901 927
901 941
901 947
901 960
901 967
901 969
901 977
901 979
901 980
901 981
901 982
901 984
902 908
902 915
902 926
902 934
902 935
902 936
903 906
904 909
907 930
907 946
907 953
907 955
907 961
908 915
908 926
908 934
908 935
908 936
910 921
910 942
910 943
912 920
912 929
912 954
912 956
912 963
912 970
913 966
914 944
914 973
915 926
915 934
915 935
915 936
916 923
917 927
917 941
917 947
917 960
917 967
917 969
917 977
917 979
917 980
917 981
917 982
917 984
918 938
920 929
920 954
920 956
920 963
920 970
921 942
921 943
922 924
922 928
922 932
922 939
922 948
922 959
922 968
924 932
924 939
924 948
924 959
924 968
926 934
926 935
926 936
927 941
927 947
927 960
927 967
927 969
927 977
927 979
927 980
927 981
927 982
927 984
928 932
928 939
928 948
928 959
928 968
929 954
929 956
929 963
929 970
930 946
930 953
930 955
930 961
931 949
931 975
932 939
932 948
932 959
932 968
934 935
934 936
935 936
937 945
937 958
937 964
937 965
937 971
937 974
937 976
939 948
939 959
939 968
941 947
941 960
941 967
941 969
941 977
941 979
941 980
941 981
941 982
941 984
942 943
944 951
944 973
945 958
945 964
945 965
945 971
945 974
945 976
946 953
946 955
946 961
947 960
947 967
947 969
947 977
947 979
947 980
947 981
947 982
947 984
948 959
948 968
949 975
950 952
950 962
950 978
950 983
950 985
950 986
950 987
950 988
950 989
950 990
950 991
950 992
950 993
950 994
950 995
950 996
950 997
950 998
950 999
950 1000
951 973
952 962
952 978
952 983
952 985
952 986
952 987
952 988
952 989
952 990
952 991
952 992
952 993
952 994
952 995
952 996
952 997
952 998
952 999
952 1000
953 955
953 961
954 956
954 963
954 970
955 961
956 963
956 970
958 964
958 965
958 971
958 974
958 976
959 968
960 967
960 969
960 977
960 979
960 980
960 981
960 982
960 984
962 978
962 983
962 985
962 986
962 987
962 988
962 989
962 990
962 991
962 992
962 993
962 994
962 995
962 996
962 997
962 998
962 999
962 1000
963 970
964 965
964 971
964 974
964 976
965 971
965 974
965 976
967 969
967 977
967 979
967 980
967 981
967 982
967 984
969 977
969 979
969 980
969 981
969 982
969 984
971 974
971 976
974 976
977 979
977 980
977 981
977 982
977 984
978 983
978 985
978 986
978 987
978 988
978 989
978 990
978 991
978 992
978 993
978 994
978 995
978 996
978 997
978 998
978 999
978 1000
979 980
979 981
979 982
979 984
980 981
980 982
980 984
981 982
981 984
982 984
983 985
983 986
983 987
983 988
983 989
983 990
983 991
983 992
983 993
983 994
983 995
983 996
983 997
983 998
983 999
983 1000
985 986
985 987
985 988
985 989
985 990
985 991
985 992
985 993
985 994
985 995
985 996
985 997
985 998
985 999
985 1000
986 987
986 988
986 989
986 990
986 991
986 992
986 993
986 994
986 995
986 996
986 997
986 998
986 999
986 1000
987 988
987 989
987 990
987 991
987 992
987 993
987 994
987 995
987 996
987 997
987 998
987 999
987 1000
988 989
988 990
988 991
988 992
988 993
988 994
988 995
988 996
988 997
988 998
988 999
988 1000
989 990
989 991
989 992
989 993
989 994
989 995
989 996
989 997
989 998
989 999
989 1000
990 991
990 992
990 993
990 994
990 995
990 996
990 997
990 998
990 999
990 1000
991 992
991 993
991 994
991 995
991 996
991 997
991 998
991 999
991 1000
992 993
992 994
992 995
992 996
992 997
992 998
992 999
992 1000
993 994
993 995
993 996
993 997
993 998
993 999
993 1000
994 995
994 996
994 997
994 998
994 999
994 1000
995 996
995 997
995 998
995 999
995 1000
996 997
996 998
996 999
996 1000
997 998
997 999
997 1000
998 999
998 1000
999 1000
