1 134
1 165
1 183
1 331
1 740
2 61
2 507
2 516
2 587
2 765
2 776
2 796
2 881
2 891
2 923
3 59
3 266
3 366
3 621
3 627
3 688
3 814
3 827
3 933
3 970
4 755
4 763
4 807
4 861
4 863
4 869
4 875
4 921
4 942
4 943
5 428
5 443
5 635
5 725
5 742
5 778
5 826
5 912
5 975
5 988
6 208
6 388
6 508
6 643
6 661
6 771
6 809
6 838
6 942
6 943
7 744
7 793
7 798
7 815
7 820
7 823
7 844
7 852
7 867
7 877
8 439
8 475
8 511
8 561
8 601
8 636
8 684
8 714
8 782
8 949
9 98
9 114
9 187
9 194
9 213
9 393
9 488
10 123
10 480
10 575
10 637
10 672
10 757
10 792
10 862
10 916
10 930
11 941
11 947
11 960
11 967
11 969
11 977
11 980
11 981
11 982
11 984
12 677
12 737
12 794
12 836
12 840
12 873
12 878
12 890
12 894
12 909
13 386
13 473
13 536
13 543
13 693
13 703
13 722
13 739
13 785
13 837
15 160
15 217
15 576
15 586
15 641
15 860
15 919
15 931
15 940
15 972
16 717
16 848
16 900
16 922
16 928
16 932
16 939
16 948
16 959
16 968
18 310
18 350
18 572
18 606
18 843
18 887
18 889
18 944
18 951
18 973
19 169
19 333
19 447
19 497
19 541
19 555
19 685
19 750
19 758
19 761
20 33
20 69
20 81
20 89
20 110
20 126
20 184
20 498
21 39
21 48
21 131
21 276
21 337
21 361
21 633
21 681
21 708
21 797
23 468
23 520
23 713
23 725
23 742
23 778
23 826
23 912
23 975
23 988
24 774
24 871
24 937
24 945
24 958
24 964
24 965
24 971
24 974
24 976
25 559
25 753
25 829
25 854
25 888
25 902
25 915
25 926
25 935
25 936
26 83
26 170
26 181
26 205
26 284
26 300
26 338
26 340
26 385
26 418
27 220
27 250
27 267
27 313
27 529
27 562
27 569
27 668
27 749
27 825
28 501
28 717
28 848
28 922
28 928
28 932
28 939
28 948
28 959
28 968
30 401
30 462
30 486
30 743
30 751
30 828
30 876
30 904
30 905
30 954
31 715
31 732
31 748
31 772
31 805
31 870
31 946
31 953
31 955
31 961
32 941
32 947
32 960
32 967
32 969
32 977
32 980
32 981
32 982
32 984
33 69
33 81
33 89
33 110
33 126
33 184
33 194
33 498
34 985
34 991
34 993
34 994
34 995
34 996
34 997
34 998
34 999
34 1000
35 986
35 991
35 992
35 993
35 994
35 996
35 997
35 998
35 999
35 1000
36 68
36 443
36 468
36 713
36 725
36 778
36 826
36 912
36 975
36 988
38 454
38 474
38 637
38 670
38 690
38 730
38 757
38 862
38 916
38 930
39 97
39 120
39 276
39 337
39 361
39 633
39 681
39 708
39 797
41 241
41 518
41 526
41 743
41 751
41 828
41 876
41 904
41 905
41 954
42 649
42 689
42 706
42 836
42 850
42 873
42 878
42 890
42 894
42 909
44 481
44 552
44 561
44 601
44 636
44 684
44 714
44 782
44 949
45 171
45 369
45 564
45 589
45 630
45 770
45 819
45 835
45 847
45 859
46 985
46 991
46 993
46 994
46 995
46 996
46 997
46 998
46 999
46 1000
47 354
47 368
47 473
47 536
47 693
47 703
47 722
47 739
47 785
47 837
48 105
48 117
48 131
48 337
48 361
48 633
48 681
48 708
48 797
49 234
49 575
49 640
49 690
49 730
49 757
49 792
49 862
49 916
49 930
50 428
50 635
50 713
50 725
50 742
50 778
50 826
50 912
50 975
50 988
51 523
51 585
51 612
51 673
51 718
51 736
51 783
51 804
51 810
51 886
52 657
52 689
52 836
52 840
52 850
52 873
52 878
52 890
52 894
52 909
53 512
53 526
53 743
53 751
53 828
53 876
53 904
53 905
53 954
54 764
54 831
54 937
54 945
54 958
54 964
54 965
54 971
54 974
54 976
55 80
55 324
55 333
55 438
55 447
55 555
55 685
55 750
55 758
55 761
56 667
56 702
56 817
56 922
56 924
56 932
56 939
56 948
56 959
56 968
57 583
57 695
57 773
57 848
57 928
57 932
57 939
57 948
57 959
57 968
58 63
58 100
58 250
58 267
58 529
58 562
58 569
58 668
58 749
58 825
59 229
59 452
59 545
59 627
59 688
59 814
59 827
59 933
59 970
60 320
60 390
60 533
60 571
60 630
60 770
60 819
60 835
60 847
60 859
61 566
61 711
61 765
61 767
61 776
61 796
61 881
61 891
61 923
63 103
63 220
63 313
63 529
63 562
63 569
63 668
63 749
63 825
64 260
64 277
64 292
64 379
64 412
64 433
64 444
64 491
64 603
65 135
65 366
65 434
65 452
65 545
65 627
65 814
65 827
65 933
65 970
66 941
66 947
66 960
66 967
66 969
66 977
66 980
66 981
66 982
66 984
68 647
68 713
68 725
68 742
68 778
68 826
68 912
68 975
68 988
69 81
69 89
69 110
69 126
69 184
69 498
70 145
70 169
70 272
70 280
70 438
70 541
70 685
70 750
70 758
70 761
71 324
71 333
71 438
71 447
71 497
71 541
71 685
71 750
71 758
71 761
72 285
72 401
72 526
72 743
72 751
72 828
72 876
72 904
72 905
72 954
73 986
73 992
73 993
73 994
73 995
73 996
73 997
73 998
73 999
73 1000
74 496
74 522
74 563
74 586
74 674
74 860
74 919
74 931
74 940
74 972
75 570
75 587
75 666
75 765
75 767
75 776
75 796
75 881
75 891
75 923
76 769
76 772
76 787
76 813
76 870
76 907
76 946
76 953
76 955
76 961
77 186
77 548
77 687
77 712
77 738
77 760
77 762
77 892
77 913
77 966
79 413
79 671
79 687
79 712
79 738
79 760
79 768
79 892
79 913
79 966
80 333
80 447
80 497
80 541
80 555
80 685
80 750
80 758
80 761
81 89
81 110
81 126
81 184
81 498
82 660
82 748
82 769
82 841
82 870
82 907
82 946
82 953
82 955
82 961
83 170
83 181
83 205
83 284
83 300
83 338
83 340
83 385
83 418
84 985
84 986
84 992
84 993
84 995
84 996
84 997
84 998
84 999
84 1000
85 200
85 548
85 605
85 687
85 712
85 738
85 762
85 892
85 913
85 966
86 369
86 533
86 540
86 571
86 716
86 770
86 819
86 835
86 847
86 859
87 492
87 573
87 583
87 922
87 924
87 932
87 939
87 948
87 959
87 968
88 623
88 671
88 712
88 738
88 760
88 762
88 768
88 892
88 913
88 966
89 110
89 126
89 184
89 498
90 349
90 610
90 619
90 694
90 734
90 786
90 832
90 857
90 880
90 979
91 441
91 522
91 537
91 563
91 642
91 860
91 919
91 931
91 940
91 972
92 808
92 822
92 871
92 945
92 958
92 964
92 965
92 971
92 974
92 976
93 602
93 667
93 702
93 817
93 900
93 922
93 928
93 948
93 959
93 968
94 732
94 787
94 805
94 813
94 870
94 907
94 946
94 953
94 955
94 961
95 486
95 518
95 542
95 743
95 751
95 828
95 876
95 904
95 905
95 954
96 550
96 696
96 699
96 709
96 779
96 789
96 800
96 845
96 846
96 897
97 117
97 120
97 131
97 276
97 361
97 633
97 681
97 708
97 797
98 114
98 187
98 194
98 213
98 393
98 488
99 435
99 584
99 619
99 694
99 734
99 786
99 832
99 857
99 880
99 979
100 220
100 250
100 313
100 529
100 562
100 569
100 668
100 749
100 825
101 231
101 336
101 454
101 480
101 637
101 640
101 792
101 862
101 916
101 930
102 985
102 991
102 992
102 994
102 995
102 996
102 997
102 998
102 999
102 1000
103 267
103 313
103 529
103 562
103 569
103 668
103 749
103 825
104 941
104 947
104 960
104 967
104 969
104 977
104 980
104 981
104 982
104 984
105 117
105 120
105 131
105 337
105 361
105 633
105 681
105 708
105 797
106 139
106 617
106 735
106 874
106 887
106 889
106 914
106 934
106 944
106 951
108 241
108 285
108 462
108 518
108 743
108 751
108 828
108 876
108 904
108 905
108 954
109 744
109 752
109 793
109 798
109 815
109 820
109 823
109 844
109 852
109 867
109 877
110 126
110 184
110 498
111 439
111 475
111 481
111 502
111 561
111 601
111 636
111 684
111 714
111 782
111 949
112 544
112 575
112 640
112 670
112 690
112 730
112 757
112 792
112 862
112 916
112 930
113 764
113 871
113 937
113 945
113 958
113 964
113 965
113 971
113 974
113 976
114 187
114 194
114 213
114 393
114 488
116 747
116 763
116 807
116 861
116 863
116 869
116 875
116 885
116 921
116 942
116 943
117 120
117 276
117 337
117 361
117 633
117 681
117 708
117 797
118 460
118 516
118 566
118 570
118 765
118 767
118 776
118 796
118 881
118 891
118 923
120 276
120 337
120 361
120 633
120 681
120 708
120 797
122 479
122 822
122 831
122 937
122 945
122 958
122 964
122 965
122 971
122 974
122 976
123 275
123 279
123 670
123 690
123 757
123 792
123 862
123 916
123 930
125 201
125 295
125 456
125 466
125 478
125 493
125 578
125 616
125 724
125 801
125 853
126 184
126 498
127 214
127 468
127 520
127 647
127 725
127 742
127 778
127 826
127 912
127 975
127 988
128 728
128 773
128 817
128 848
128 900
128 924
128 928
128 932
128 939
128 959
128 968
130 811
130 851
130 864
130 866
130 879
130 884
130 893
130 896
130 903
130 906
130 918
131 276
131 337
131 361
131 633
131 681
131 708
131 797
132 401
132 462
132 486
132 542
132 743
132 751
132 828
132 876
132 904
132 905
132 954
133 645
133 646
133 766
133 775
133 849
133 868
133 874
133 889
133 944
133 951
133 973
134 165
134 183
134 331
134 740
135 156
135 203
135 322
135 366
135 627
135 688
135 814
135 827
135 933
135 970
136 927
136 941
136 947
136 960
136 967
136 969
136 977
136 980
136 981
136 982
136 984
137 293
137 540
137 564
137 589
137 630
137 716
137 770
137 819
137 835
137 847
137 859
138 605
138 623
138 687
138 712
138 738
138 760
138 762
138 768
138 892
138 913
138 966
139 600
139 629
139 653
139 790
139 868
139 883
139 895
139 944
139 951
139 973
140 248
140 413
140 605
140 623
140 760
140 762
140 768
140 892
140 913
140 966
141 449
141 482
141 696
141 699
141 709
141 710
141 779
141 789
141 845
141 846
141 897
142 660
142 732
142 772
142 787
142 813
142 870
142 907
142 946
142 953
142 955
142 961
143 322
143 380
143 384
143 434
143 452
143 545
143 627
143 814
143 827
143 933
143 970
144 458
144 635
144 647
144 713
144 725
144 742
144 778
144 826
144 912
144 975
144 988
145 224
145 324
145 447
145 497
145 541
145 555
145 685
145 750
145 758
145 761
146 413
146 623
146 671
146 687
146 712
146 760
146 762
146 768
146 892
146 913
146 966
147 812
147 822
147 831
147 937
147 945
147 958
147 964
147 965
147 971
147 974
147 976
148 364
148 548
148 671
148 712
148 738
148 760
148 762
148 768
148 892
148 913
148 966
149 568
149 729
149 829
149 854
149 856
149 902
149 908
149 915
149 926
149 935
149 936
150 585
150 618
150 622
150 651
150 673
150 718
150 736
150 783
150 804
150 810
150 886
151 573
151 583
151 848
151 922
151 924
151 928
151 932
151 939
151 948
151 959
151 968
152 247
152 426
152 715
152 769
152 805
152 841
152 907
152 946
152 953
152 955
152 961
153 369
153 540
153 564
153 571
153 589
153 716
153 770
153 819
153 835
153 847
153 859
154 744
154 752
154 793
154 798
154 815
154 820
154 823
154 844
154 852
154 867
154 877
155 614
155 618
155 622
155 651
155 673
155 718
155 736
155 783
155 804
155 810
155 886
156 216
156 229
156 322
156 545
156 627
156 688
156 814
156 827
156 933
156 970
157 173
157 679
157 802
157 863
157 869
157 875
157 885
157 910
157 921
157 942
157 943
158 534
158 549
158 706
158 737
158 836
158 840
158 873
158 878
158 890
158 894
158 909
159 160
159 327
159 576
159 586
159 642
159 674
159 860
159 919
159 931
159 940
159 972
160 283
160 522
160 563
160 642
160 860
160 919
160 931
160 940
160 972
161 322
161 434
161 545
161 621
161 627
161 688
161 814
161 827
161 933
161 970
162 299
162 540
162 564
162 589
162 630
162 716
162 770
162 819
162 835
162 847
162 859
163 496
163 522
163 537
163 641
163 642
163 674
163 860
163 919
163 931
163 940
163 972
164 588
164 649
164 657
164 706
164 794
164 850
164 873
164 878
164 890
164 894
164 909
165 183
165 331
165 740
168 171
168 191
168 533
168 540
168 564
168 571
168 630
168 819
168 835
168 847
168 859
169 272
169 280
169 333
169 438
169 555
169 685
169 750
169 758
169 761
170 181
170 205
170 284
170 300
170 338
170 340
170 385
170 418
171 320
171 369
171 571
171 630
171 770
171 819
171 835
171 847
171 859
172 985
172 991
172 992
172 993
172 994
172 995
172 996
172 997
172 998
172 999
172 1000
173 376
173 527
173 643
173 661
173 863
173 875
173 885
173 910
173 942
173 943
174 821
174 834
174 858
174 865
174 879
174 884
174 893
174 896
174 903
174 906
174 918
176 383
176 507
176 587
176 632
176 711
176 765
176 776
176 796
176 881
176 891
176 923
177 460
177 566
177 587
177 592
177 632
177 711
177 765
177 776
177 881
177 891
177 923
178 549
178 677
178 737
178 836
178 840
178 850
178 873
178 878
178 890
178 894
178 909
180 664
180 731
180 753
180 854
180 888
180 902
180 908
180 915
180 926
180 935
180 936
181 205
181 284
181 300
181 338
181 340
181 385
181 418
182 781
182 806
182 829
182 856
182 888
182 902
182 908
182 915
182 926
182 935
182 936
183 331
183 740
184 498
185 410
185 486
185 526
185 542
185 743
185 751
185 828
185 876
185 904
185 905
185 954
186 623
186 671
186 712
186 738
186 760
186 762
186 768
186 892
186 913
186 966
187 194
187 213
187 393
187 488
188 927
188 941
188 947
188 960
188 967
188 969
188 977
188 980
188 981
188 982
188 984
189 304
189 395
189 456
189 466
189 478
189 531
189 578
189 616
189 724
189 801
189 853
190 480
190 637
190 670
190 672
190 690
190 730
190 757
190 792
190 862
190 916
190 930
191 540
191 564
191 589
191 630
191 716
191 770
191 819
191 835
191 847
191 859
192 439
192 481
192 502
192 552
192 561
192 601
192 636
192 684
192 714
192 782
192 949
193 309
193 428
193 443
193 635
193 713
193 742
193 778
193 826
193 912
193 975
193 988
194 213
194 393
194 488
195 927
195 941
195 947
195 960
195 967
195 969
195 977
195 980
195 981
195 982
195 984
196 927
196 941
196 947
196 960
196 967
196 969
196 977
196 980
196 981
196 982
196 984
197 523
197 614
197 622
197 651
197 673
197 718
197 736
197 783
197 804
197 810
197 886
198 695
198 773
198 799
198 848
198 900
198 924
198 932
198 939
198 948
198 959
198 968
199 570
199 632
199 666
199 711
199 765
199 767
199 776
199 796
199 881
199 891
199 923
200 605
200 623
200 712
200 738
200 760
200 762
200 768
200 892
200 913
200 966
201 295
201 345
201 456
201 478
201 493
201 578
201 616
201 724
201 801
201 853
202 318
202 449
202 567
202 620
202 696
202 699
202 710
202 800
202 845
202 846
202 897
203 210
203 380
203 384
203 452
203 621
203 688
203 814
203 827
203 933
203 970
204 774
204 808
204 871
204 937
204 945
204 958
204 964
204 965
204 971
204 974
204 976
205 284
205 300
205 338
205 340
205 385
205 418
207 281
207 482
207 528
207 620
207 696
207 779
207 789
207 800
207 845
207 846
207 897
208 679
208 747
208 807
208 861
208 863
208 869
208 910
208 921
208 942
208 943
209 583
209 717
209 848
209 922
209 924
209 928
209 932
209 939
209 948
209 959
209 968
210 216
210 384
210 545
210 621
210 627
210 688
210 814
210 827
210 933
210 970
211 546
211 664
211 753
211 806
211 888
211 902
211 908
211 915
211 926
211 935
211 936
212 495
212 509
212 611
212 660
212 715
212 813
212 907
212 946
212 953
212 955
212 961
213 393
213 488
214 233
214 428
214 458
214 520
214 635
214 725
214 778
214 826
214 912
214 975
214 988
215 525
215 698
215 790
215 843
215 883
215 889
215 895
215 914
215 934
215 944
215 951
215 973
216 266
216 384
216 434
216 452
216 621
216 688
216 814
216 827
216 933
216 970
217 432
217 441
217 563
217 576
217 641
217 674
217 860
217 919
217 931
217 940
217 972
218 283
218 381
218 496
218 537
218 586
218 642
218 674
218 860
218 919
218 931
218 940
218 972
219 373
219 538
219 584
219 631
219 634
219 694
219 734
219 786
219 832
219 857
219 880
219 979
220 250
220 267
220 313
220 529
220 562
220 569
220 668
220 749
220 825
221 243
221 411
221 755
221 807
221 809
221 838
221 875
221 885
221 910
221 921
221 942
221 943
222 729
222 759
222 781
222 829
222 854
222 888
222 902
222 908
222 915
222 926
222 935
222 936
223 851
223 858
223 864
223 865
223 866
223 879
223 884
223 893
223 896
223 903
223 906
223 918
224 280
224 324
224 438
224 447
224 497
224 541
224 555
224 685
224 750
224 758
224 761
225 720
225 744
225 752
225 793
225 798
225 815
225 820
225 823
225 844
225 852
225 867
225 877
227 350
227 606
227 686
227 843
227 874
227 883
227 889
227 914
227 934
227 944
227 951
227 973
228 720
228 744
228 752
228 793
228 798
228 815
228 820
228 823
228 844
228 852
228 867
228 877
229 266
229 380
229 384
229 434
229 452
229 688
229 814
229 827
229 933
229 970
231 474
231 544
231 575
231 672
231 690
231 730
231 757
231 792
231 862
231 916
231 930
232 507
232 516
232 566
232 592
232 666
232 765
232 767
232 776
232 796
232 881
232 891
232 923
233 309
233 635
233 647
233 713
233 725
233 742
233 778
233 826
233 912
233 975
233 988
234 454
234 637
234 640
234 670
234 672
234 690
234 757
234 792
234 862
234 916
234 930
235 397
235 449
235 547
235 550
235 696
235 709
235 779
235 789
235 800
235 845
235 846
235 897
236 327
236 441
236 522
236 576
236 642
236 674
236 860
236 919
236 931
236 940
236 972
237 506
237 611
237 715
237 769
237 805
237 813
237 841
237 907
237 946
237 953
237 955
237 961
238 611
238 732
238 748
238 787
238 805
238 841
238 870
238 907
238 946
238 953
238 955
238 961
239 515
239 629
239 698
239 741
239 766
239 883
239 887
239 889
239 895
239 951
239 973
240 652
240 822
240 831
240 871
240 937
240 945
240 958
240 964
240 965
240 971
240 974
240 976
241 410
241 486
241 512
241 526
241 743
241 828
241 876
241 904
241 905
241 954
242 754
242 808
242 833
242 871
242 937
242 945
242 958
242 964
242 965
242 971
242 974
242 976
243 638
243 802
243 807
243 838
243 861
243 863
243 869
243 885
243 910
243 942
243 943
244 821
244 858
244 864
244 865
244 866
244 879
244 884
244 893
244 896
244 903
244 906
244 918
245 352
245 499
245 632
245 666
245 711
245 765
245 767
245 776
245 796
245 881
245 891
245 923
246 548
246 605
246 623
246 671
246 687
246 738
246 760
246 762
246 768
246 892
246 913
246 966
247 509
247 715
247 748
247 813
247 841
247 870
247 907
247 946
247 953
247 955
247 961
248 311
248 364
248 623
248 687
248 712
248 760
248 762
248 768
248 892
248 913
248 966
249 435
249 538
249 584
249 610
249 631
249 634
249 694
249 786
249 832
249 857
249 880
249 979
250 267
250 313
250 529
250 562
250 569
250 668
250 749
250 825
251 386
251 404
251 446
251 451
251 473
251 543
251 693
251 703
251 722
251 739
251 785
251 837
252 299
252 533
252 540
252 564
252 571
252 589
252 716
252 770
252 819
252 835
252 847
252 859
253 523
253 612
253 614
253 622
253 651
253 673
253 718
253 736
253 783
253 804
253 810
253 886
254 369
254 390
254 533
254 571
254 589
254 630
254 716
254 770
254 819
254 835
254 847
254 859
255 476
255 528
255 644
255 696
255 709
255 710
255 779
255 789
255 800
255 845
255 846
255 897
257 265
257 475
257 502
257 511
257 552
257 561
257 601
257 636
257 684
257 714
257 782
257 949
258 577
258 628
258 807
258 809
258 861
258 863
258 869
258 885
258 910
258 921
258 942
258 943
259 612
259 618
259 622
259 651
259 673
259 718
259 736
259 783
259 804
259 810
259 886
260 277
260 292
260 379
260 412
260 433
260 444
260 491
260 603
262 524
262 667
262 817
262 900
262 922
262 924
262 928
262 932
262 939
262 948
262 959
262 968
263 985
263 986
263 991
263 992
263 993
263 994
263 995
263 996
263 997
263 998
263 999
263 1000
264 482
264 528
264 547
264 620
264 644
264 699
264 710
264 779
264 800
264 845
264 846
264 897
265 351
265 439
265 511
265 552
265 561
265 601
265 636
265 684
265 714
265 782
265 949
266 380
266 545
266 621
266 627
266 688
266 814
266 827
266 933
266 970
267 313
267 529
267 562
267 569
267 668
267 749
267 825
268 557
268 731
268 753
268 781
268 856
268 888
268 902
268 908
268 915
268 926
268 935
268 936
270 350
270 515
270 530
270 653
270 665
270 735
270 868
270 883
270 895
270 944
270 951
270 973
271 667
271 695
271 717
271 799
271 900
271 922
271 924
271 928
271 939
271 948
271 959
271 968
272 280
272 333
272 447
272 497
272 541
272 555
272 685
272 750
272 758
272 761
274 457
274 538
274 584
274 610
274 619
274 734
274 786
274 832
274 857
274 880
274 979
275 474
275 480
275 544
275 575
275 637
275 670
275 730
275 792
275 862
275 916
275 930
276 337
276 361
276 633
276 681
276 708
276 797
277 292
277 379
277 412
277 433
277 444
277 491
277 603
278 315
278 435
278 584
278 610
278 631
278 634
278 694
278 786
278 832
278 857
278 880
278 979
279 575
279 637
279 640
279 672
279 690
279 730
279 757
279 792
279 862
279 916
279 930
280 438
280 447
280 541
280 555
280 685
280 750
280 758
280 761
281 318
281 437
281 547
281 620
281 644
281 710
281 779
281 800
281 845
281 846
281 897
283 441
283 522
283 576
283 641
283 642
283 674
283 860
283 919
283 931
283 940
283 972
284 300
284 338
284 340
284 385
284 418
285 394
285 462
285 512
285 542
285 743
285 751
285 828
285 876
285 904
285 905
285 954
286 702
286 773
286 799
286 817
286 848
286 900
286 924
286 928
286 932
286 939
286 948
286 959
286 968
287 378
287 515
287 596
287 735
287 741
287 790
287 874
287 887
287 889
287 914
287 934
287 944
287 951
288 754
288 764
288 808
288 812
288 833
288 937
288 945
288 958
288 964
288 965
288 971
288 974
288 976
289 985
289 986
289 990
289 991
289 992
289 993
289 994
289 995
289 996
289 997
289 998
289 999
289 1000
290 901
290 917
290 927
290 941
290 947
290 960
290 967
290 969
290 977
290 980
290 981
290 982
290 984
291 506
291 715
291 732
291 769
291 772
291 813
291 841
291 870
291 907
291 946
291 953
291 955
291 961
292 379
292 412
292 433
292 444
292 491
292 603
293 320
293 390
293 540
293 571
293 589
293 630
293 716
293 770
293 819
293 835
293 847
293 859
294 435
294 457
294 538
294 584
294 631
294 634
294 694
294 734
294 786
294 832
294 857
294 880
294 979
295 304
295 423
295 466
295 478
295 493
295 531
295 578
295 616
295 724
295 801
295 853
296 373
296 435
296 610
296 619
296 631
296 634
296 694
296 734
296 786
296 832
296 857
296 880
296 979
297 692
297 720
297 744
297 752
297 793
297 798
297 815
297 820
297 823
297 844
297 852
297 867
297 877
298 573
298 695
298 746
298 848
298 900
298 922
298 924
298 928
298 932
298 939
298 948
298 959
298 968
299 369
299 533
299 564
299 589
299 630
299 716
299 770
299 819
299 835
299 847
299 859
300 338
300 340
300 385
300 418
303 321
303 345
303 423
303 456
303 466
303 478
303 493
303 531
303 578
303 616
303 724
303 801
303 853
304 345
304 395
304 423
304 478
304 493
304 531
304 578
304 616
304 724
304 801
304 853
305 658
305 774
305 812
305 831
305 871
305 937
305 945
305 958
305 964
305 965
305 971
305 974
305 976
306 682
306 754
306 774
306 822
306 833
306 937
306 945
306 958
306 964
306 965
306 971
306 974
306 976
307 585
307 612
307 614
307 618
307 622
307 651
307 673
307 718
307 736
307 783
307 804
307 810
307 886
309 470
309 520
309 647
309 713
309 725
309 742
309 778
309 826
309 912
309 975
309 988
310 600
310 665
310 741
310 843
310 868
310 874
310 889
310 895
310 914
310 934
310 951
310 973
311 413
311 548
311 623
311 671
311 687
311 738
311 760
311 762
311 768
311 892
311 913
311 966
313 529
313 562
313 569
313 668
313 749
313 825
315 349
315 359
315 584
315 619
315 631
315 634
315 734
315 786
315 832
315 857
315 880
315 979
316 467
316 715
316 769
316 787
316 805
316 813
316 841
316 870
316 907
316 946
316 953
316 955
316 961
317 901
317 917
317 927
317 941
317 947
317 960
317 967
317 969
317 977
317 980
317 981
317 982
317 984
318 397
318 482
318 550
318 699
318 709
318 779
318 789
318 800
318 845
318 846
318 897
320 390
320 564
320 589
320 630
320 716
320 770
320 819
320 835
320 847
320 859
321 345
321 423
321 456
321 466
321 478
321 493
321 531
321 578
321 616
321 724
321 801
321 853
322 366
322 380
322 621
322 627
322 688
322 814
322 827
322 933
322 970
323 503
323 568
323 729
323 781
323 806
323 854
323 856
323 908
323 915
323 926
323 935
323 936
324 438
324 447
324 497
324 541
324 555
324 685
324 750
324 758
324 761
325 901
325 917
325 927
325 941
325 947
325 960
325 967
325 969
325 977
325 980
325 981
325 982
325 984
326 404
326 407
326 446
326 451
326 473
326 536
326 543
326 693
326 703
326 722
326 739
326 785
326 837
327 441
327 522
327 537
327 576
327 641
327 642
327 860
327 919
327 931
327 940
327 972
329 429
329 467
329 495
329 660
329 748
329 772
329 841
329 870
329 907
329 946
329 953
329 955
329 961
331 740
332 649
332 654
332 677
332 689
332 737
332 836
332 840
332 850
332 873
332 878
332 890
332 894
332 909
333 438
333 497
333 555
333 685
333 750
333 758
333 761
334 356
334 664
334 759
334 806
334 829
334 854
334 856
334 888
334 902
334 915
334 926
334 935
334 936
336 480
336 637
336 640
336 670
336 672
336 690
336 730
336 757
336 792
336 862
336 916
336 930
337 361
337 633
337 681
337 708
337 797
338 340
338 385
338 418
340 385
340 418
341 549
341 649
341 657
341 677
341 737
341 794
341 840
341 850
341 873
341 878
341 890
341 894
341 909
342 660
342 732
342 748
342 769
342 772
342 813
342 841
342 870
342 907
342 946
342 953
342 955
342 961
343 581
343 657
343 677
343 706
343 737
343 836
343 840
343 850
343 873
343 878
343 890
343 894
343 909
344 581
344 654
344 706
344 737
344 794
344 836
344 840
344 850
344 873
344 878
344 890
344 894
344 909
345 395
345 466
345 478
345 531
345 578
345 616
345 724
345 801
345 853
346 834
346 851
346 858
346 864
346 865
346 866
346 879
346 884
346 893
346 896
346 903
346 906
346 918
349 584
349 610
349 619
349 631
349 694
349 734
349 786
349 832
349 857
349 880
349 979
350 525
350 849
350 868
350 874
350 883
350 887
350 889
350 914
350 934
350 951
351 475
351 481
351 502
351 511
351 552
351 561
351 601
351 636
351 684
351 714
351 782
351 949
352 499
352 570
352 632
352 666
352 711
352 765
352 767
352 776
352 796
352 881
352 891
352 923
353 985
353 986
353 990
353 991
353 992
353 993
353 994
353 995
353 996
353 997
353 998
353 999
353 1000
354 368
354 404
354 407
354 451
354 473
354 543
354 693
354 703
354 722
354 739
354 785
354 837
355 585
355 612
355 614
355 618
355 622
355 651
355 673
355 718
355 736
355 783
355 804
355 810
355 886
356 546
356 568
356 597
356 759
356 781
356 806
356 829
356 902
356 908
356 915
356 926
356 935
356 936
358 624
358 692
358 720
358 744
358 752
358 793
358 798
358 815
358 820
358 823
358 844
358 852
358 867
358 877
359 373
359 457
359 538
359 610
359 631
359 634
359 694
359 734
359 786
359 832
359 857
359 880
359 979
360 546
360 607
360 729
360 781
360 829
360 854
360 856
360 888
360 902
360 908
360 915
360 926
360 935
360 936
361 633
361 681
361 708
361 797
362 628
362 755
362 802
362 809
362 838
362 861
362 863
362 869
362 875
362 885
362 910
362 921
362 942
362 943
363 816
363 901
363 917
363 927
363 941
363 947
363 960
363 967
363 969
363 977
363 980
363 981
363 982
363 984
364 548
364 605
364 671
364 687
364 712
364 738
364 760
364 762
364 768
364 892
364 913
364 966
365 985
365 986
365 987
365 990
365 991
365 992
365 993
365 994
365 995
365 996
365 997
365 998
365 999
365 1000
366 434
366 452
366 545
366 621
366 627
366 688
366 814
366 827
366 933
366 970
367 624
367 692
367 720
367 744
367 752
367 793
367 798
367 815
367 820
367 823
367 844
367 852
367 867
367 877
368 386
368 407
368 446
368 451
368 536
368 543
368 693
368 703
368 722
368 739
368 785
368 837
369 533
369 540
369 571
369 716
369 819
369 835
369 847
369 859
370 721
370 834
370 851
370 858
370 864
370 865
370 866
370 879
370 884
370 893
370 896
370 903
370 906
370 918
372 985
372 986
372 987
372 990
372 991
372 992
372 993
372 994
372 995
372 996
372 997
372 998
372 999
372 1000
373 435
373 584
373 610
373 631
373 694
373 734
373 786
373 832
373 857
373 880
373 979
374 816
374 901
374 917
374 927
374 941
374 947
374 960
374 967
374 969
374 977
374 980
374 981
374 982
374 984
375 811
375 821
375 851
375 858
375 864
375 865
375 866
375 879
375 884
375 893
375 896
375 903
375 906
375 918
376 411
376 527
376 643
376 679
376 727
376 763
376 861
376 875
376 885
376 910
376 921
376 942
376 943
378 471
378 558
378 646
378 741
378 766
378 843
378 874
378 889
378 895
378 914
378 944
378 951
378 973
379 412
379 433
379 444
379 491
379 603
380 434
380 452
380 621
380 627
380 688
380 814
380 827
380 933
380 970
381 432
381 441
381 537
381 563
381 576
381 586
381 641
381 674
381 860
381 919
381 931
381 940
381 972
382 523
382 585
382 612
382 614
382 618
382 622
382 651
382 673
382 718
382 736
382 783
382 804
382 810
382 886
383 507
383 570
383 592
383 632
383 666
383 711
383 765
383 767
383 776
383 796
383 881
383 891
383 923
384 434
384 452
384 621
384 627
384 688
384 814
384 827
384 933
384 970
385 418
386 404
386 446
386 451
386 473
386 536
386 693
386 703
386 722
386 739
386 785
386 837
387 985
387 986
387 987
387 990
387 991
387 992
387 993
387 994
387 995
387 996
387 997
387 998
387 999
387 1000
388 582
388 663
388 755
388 763
388 802
388 807
388 838
388 863
388 875
388 910
388 921
388 942
388 943
389 471
389 530
389 572
389 606
389 766
389 775
389 790
389 843
389 849
389 874
389 889
389 934
389 951
389 973
390 540
390 564
390 571
390 630
390 716
390 770
390 819
390 835
390 847
390 859
392 558
392 653
392 686
392 698
392 735
392 741
392 849
392 868
392 883
392 914
392 934
392 944
392 951
392 973
393 488
394 401
394 410
394 486
394 518
394 526
394 542
394 743
394 751
394 828
394 876
394 904
394 905
394 954
395 423
395 456
395 466
395 478
395 493
395 531
395 578
395 616
395 724
395 801
395 853
396 821
396 834
396 851
396 858
396 864
396 865
396 866
396 879
396 884
396 893
396 896
396 903
396 906
396 918
397 449
397 547
397 550
397 567
397 620
397 644
397 696
397 789
397 800
397 845
397 846
397 897
398 495
398 611
398 748
398 769
398 772
398 787
398 805
398 841
398 870
398 907
398 946
398 953
398 955
398 961
399 534
399 556
399 649
399 654
399 657
399 794
399 836
399 840
399 850
399 873
399 878
399 890
399 894
399 909
401 512
401 518
401 526
401 743
401 751
401 828
401 876
401 904
401 905
401 954
402 985
402 986
402 987
402 990
402 991
402 992
402 993
402 994
402 995
402 996
402 997
402 998
402 999
402 1000
403 448
403 573
403 704
403 773
403 848
403 900
403 922
403 924
403 928
403 932
403 939
403 948
403 959
403 968
404 407
404 473
404 536
404 543
404 693
404 703
404 722
404 739
404 785
404 837
405 556
405 581
405 657
405 689
405 794
405 836
405 840
405 850
405 873
405 878
405 890
405 894
405 909
406 811
406 834
406 851
406 858
406 864
406 865
406 866
406 879
406 884
406 893
406 896
406 903
406 906
406 918
407 446
407 451
407 536
407 543
407 693
407 703
407 722
407 739
407 785
407 837
408 816
408 901
408 917
408 927
408 941
408 947
408 960
408 967
408 969
408 977
408 980
408 981
408 982
408 984
409 824
409 901
409 917
409 927
409 941
409 947
409 960
409 967
409 969
409 977
409 980
409 981
409 982
409 984
410 462
410 512
410 526
410 542
410 632
410 751
410 828
410 876
410 904
410 905
410 954
411 417
411 663
411 755
411 771
411 802
411 838
411 875
411 885
411 910
411 921
411 942
411 943
412 433
412 444
412 491
412 603
413 605
413 671
413 687
413 712
413 738
413 760
413 768
413 892
413 913
413 966
414 436
414 652
414 822
414 831
414 833
414 871
414 937
414 945
414 958
414 964
414 965
414 971
414 974
414 976
415 607
415 664
415 753
415 759
415 781
415 854
415 856
415 888
415 902
415 908
415 915
415 926
415 935
415 936
417 679
417 755
417 763
417 802
417 838
417 861
417 863
417 869
417 875
417 885
417 910
417 921
417 942
417 943
419 811
419 821
419 834
419 851
419 858
419 864
419 865
419 866
419 879
419 884
419 893
419 896
419 903
419 906
419 918
420 985
420 986
420 987
420 989
420 990
420 991
420 992
420 993
420 994
420 995
420 996
420 997
420 998
420 999
420 1000
421 816
421 824
421 901
421 917
421 927
421 941
421 947
421 960
421 967
421 969
421 977
421 980
421 981
421 982
421 984
423 456
423 466
423 478
423 493
423 531
423 578
423 616
423 724
423 801
423 853
424 816
424 824
424 901
424 917
424 927
424 941
424 947
424 960
424 967
424 969
424 977
424 980
424 981
424 982
424 984
425 816
425 824
425 901
425 917
425 927
425 941
425 947
425 960
425 967
425 969
425 977
425 980
425 981
425 982
425 984
426 467
426 509
426 715
426 732
426 769
426 772
426 787
426 841
426 870
426 907
426 946
426 953
426 955
426 961
427 811
427 821
427 834
427 851
427 858
427 864
427 865
427 866
427 879
427 884
427 893
427 896
427 903
427 906
427 918
428 468
428 520
428 647
428 713
428 725
428 742
428 778
428 826
428 912
428 975
428 988
429 660
429 715
429 732
429 769
429 787
429 805
429 813
429 841
429 870
429 907
429 946
429 953
429 955
429 961
430 546
430 557
430 559
430 568
430 625
430 806
430 854
430 856
430 888
430 902
430 908
430 915
430 926
430 935
430 936
432 441
432 496
432 537
432 563
432 576
432 586
432 641
432 642
432 860
432 919
432 931
432 940
432 972
433 444
433 491
433 603
434 545
434 621
434 688
434 814
434 827
434 933
434 970
435 457
435 634
435 694
435 734
435 786
435 832
435 857
435 880
435 979
436 652
436 658
436 764
436 808
436 812
436 871
436 937
436 945
436 958
436 964
436 965
436 971
436 974
436 976
437 476
437 482
437 550
437 567
437 620
437 644
437 699
437 710
437 779
437 789
437 800
437 845
437 846
437 897
438 497
438 541
438 555
438 685
438 750
438 758
438 761
439 475
439 481
439 502
439 511
439 552
439 601
439 636
439 684
439 714
439 782
439 949
441 563
441 576
441 641
441 860
441 919
441 931
441 940
441 972
442 816
442 824
442 901
442 917
442 927
442 941
442 947
442 960
442 967
442 969
442 977
442 980
442 981
442 982
442 984
443 470
443 520
443 635
443 647
443 713
443 725
443 742
443 778
443 826
443 912
443 975
443 988
444 491
444 603
445 816
445 824
445 901
445 917
445 927
445 941
445 947
445 960
445 967
445 969
445 977
445 980
445 981
445 982
445 984
446 451
446 473
446 536
446 543
446 693
446 703
446 722
446 739
446 785
446 837
447 497
447 541
447 685
447 750
447 758
447 761
448 704
448 728
448 746
448 799
448 848
448 900
448 922
448 924
448 928
448 932
448 939
448 948
448 959
448 968
449 567
449 699
449 709
449 710
449 779
449 789
449 800
449 845
449 846
449 897
450 816
450 824
450 901
450 917
450 927
450 941
450 947
450 960
450 967
450 969
450 977
450 980
450 981
450 982
450 984
451 536
451 543
451 693
451 703
451 722
451 739
451 785
451 837
452 545
452 621
452 814
452 827
452 933
452 970
453 985
453 986
453 987
453 989
453 990
453 991
453 992
453 993
453 994
453 995
453 996
453 997
453 998
453 999
453 1000
454 474
454 544
454 637
454 640
454 672
454 690
454 730
454 757
454 792
454 862
454 916
454 930
456 478
456 493
456 531
456 578
456 616
456 724
456 801
456 853
457 584
457 610
457 619
457 631
457 634
457 734
457 786
457 832
457 857
457 880
457 979
458 468
458 470
458 520
458 635
458 647
458 713
458 725
458 742
458 778
458 826
458 912
458 975
458 988
459 704
459 717
459 746
459 773
459 799
459 817
459 900
459 922
459 924
459 928
459 932
459 939
459 948
459 959
459 968
460 516
460 566
460 587
460 592
460 666
460 711
460 765
460 767
460 776
460 796
460 881
460 891
460 923
461 501
461 602
461 695
461 702
461 717
461 773
461 799
461 817
461 922
461 924
461 932
461 939
461 948
461 959
461 968
462 512
462 518
462 542
462 743
462 751
462 828
462 876
462 904
462 905
462 954
464 503
464 597
464 729
464 731
464 759
464 806
464 829
464 854
464 888
464 902
464 908
464 915
464 926
464 935
464 936
465 721
465 811
465 821
465 834
465 851
465 864
465 865
465 866
465 879
465 884
465 893
465 896
465 903
465 906
465 918
466 493
466 531
466 578
466 616
466 724
466 801
466 853
467 611
467 769
467 772
467 787
467 813
467 841
467 870
467 907
467 946
467 953
467 955
467 961
468 470
468 635
468 647
468 713
468 742
468 778
468 826
468 912
468 975
468 988
469 811
469 821
469 834
469 851
469 858
469 864
469 865
469 866
469 879
469 884
469 893
469 896
469 903
469 906
469 918
470 520
470 635
470 647
470 713
470 725
470 742
470 778
470 826
470 912
470 975
470 988
471 505
471 645
471 665
471 686
471 775
471 868
471 874
471 883
471 887
471 895
471 934
471 944
471 951
471 973
472 721
472 811
472 821
472 834
472 851
472 858
472 864
472 865
472 866
472 879
472 884
472 893
472 896
472 903
472 906
472 918
473 536
473 543
473 693
473 703
473 722
473 739
473 785
473 837
474 480
474 544
474 637
474 640
474 670
474 672
474 730
474 757
474 792
474 862
474 916
474 930
475 481
475 502
475 511
475 552
475 561
475 601
475 636
475 684
475 714
475 782
475 949
476 482
476 550
476 567
476 644
476 696
476 699
476 709
476 710
476 779
476 789
476 800
476 845
476 846
476 897
477 629
477 686
477 766
477 790
477 843
477 868
477 874
477 883
477 887
477 889
477 895
477 914
477 934
477 944
477 951
477 973
478 531
478 616
478 724
478 801
478 853
479 658
479 682
479 754
479 774
479 808
479 822
479 831
479 937
479 945
479 958
479 964
479 965
479 971
479 974
479 976
480 544
480 575
480 670
480 672
480 730
480 757
480 792
480 862
480 916
480 930
481 502
481 511
481 552
481 561
481 601
481 636
481 684
481 714
481 782
481 949
482 547
482 696
482 709
482 710
482 779
482 789
482 800
482 845
482 846
482 897
483 721
483 811
483 821
483 834
483 851
483 858
483 864
483 865
483 866
483 879
483 884
483 893
483 896
483 903
483 906
483 918
484 721
484 811
484 821
484 834
484 851
484 858
484 864
484 865
484 866
484 879
484 884
484 893
484 896
484 903
484 906
484 918
485 615
485 624
485 626
485 692
485 720
485 744
485 752
485 793
485 798
485 815
485 820
485 823
485 844
485 852
485 867
485 877
486 512
486 518
486 526
486 743
486 751
486 828
486 876
486 904
486 905
486 954
487 816
487 818
487 824
487 901
487 917
487 927
487 941
487 947
487 960
487 967
487 969
487 977
487 980
487 981
487 982
487 984
491 603
492 667
492 704
492 728
492 746
492 799
492 817
492 900
492 922
492 924
492 928
492 932
492 939
492 948
492 959
492 968
493 531
493 578
493 616
493 724
493 801
493 853
495 611
495 715
495 732
495 772
495 787
495 805
495 841
495 870
495 907
495 946
495 953
495 955
495 961
496 537
496 563
496 576
496 586
496 641
496 642
496 674
496 860
496 919
496 931
496 940
496 972
497 541
497 555
497 685
497 750
497 758
497 761
499 507
499 566
499 570
499 587
499 592
499 666
499 711
499 765
499 767
499 776
499 796
499 881
499 891
499 923
501 524
501 602
501 728
501 817
501 848
501 900
501 922
501 924
501 928
501 932
501 939
501 948
501 959
501 968
502 511
502 552
502 561
502 601
502 636
502 684
502 714
502 782
502 949
503 546
503 664
503 759
503 806
503 829
503 854
503 856
503 888
503 902
503 908
503 915
503 926
503 935
503 936
504 983
504 985
504 986
504 987
504 989
504 990
504 991
504 992
504 993
504 994
504 995
504 996
504 997
504 998
504 999
504 1000
505 572
505 646
505 653
505 665
505 698
505 849
505 868
505 874
505 883
505 887
505 914
505 934
505 944
505 951
505 973
506 509
506 660
506 715
506 732
506 748
506 787
506 805
506 813
506 841
506 907
506 946
506 953
506 955
506 961
507 570
507 592
507 666
507 711
507 765
507 767
507 776
507 796
507 881
507 891
507 923
508 661
508 663
508 727
508 747
508 755
508 763
508 861
508 863
508 869
508 875
508 885
508 910
508 921
508 942
508 943
509 748
509 769
509 787
509 805
509 813
509 841
509 870
509 907
509 946
509 953
509 955
509 961
510 514
510 682
510 754
510 774
510 808
510 822
510 833
510 871
510 937
510 945
510 958
510 964
510 965
510 971
510 974
510 976
511 552
511 561
511 601
511 636
511 684
511 714
511 782
511 949
512 518
512 542
512 743
512 751
512 828
512 876
512 904
512 905
512 954
513 534
513 581
513 588
513 654
513 677
513 689
513 706
513 737
513 794
513 840
513 850
513 873
513 878
513 890
513 894
513 909
514 580
514 639
514 754
514 774
514 812
514 822
514 833
514 937
514 945
514 958
514 964
514 965
514 971
514 974
514 976
515 530
515 600
515 629
515 653
515 766
515 843
515 849
515 883
515 887
515 895
515 914
515 934
515 973
516 570
516 587
516 592
516 632
516 711
516 765
516 767
516 776
516 796
516 881
516 891
516 923
518 542
518 743
518 751
518 828
518 876
518 904
518 905
518 954
519 639
519 652
519 682
519 774
519 812
519 822
519 833
519 871
519 937
519 945
519 958
519 964
519 965
519 971
519 974
519 976
520 635
520 647
520 713
520 742
520 778
520 826
520 912
520 975
520 988
522 563
522 576
522 586
522 641
522 674
522 860
522 919
522 931
522 940
522 972
523 585
523 612
523 614
523 618
523 622
523 651
523 673
523 718
523 736
523 783
523 804
523 810
523 886
524 583
524 602
524 702
524 704
524 746
524 848
524 900
524 922
524 924
524 928
524 932
524 939
524 948
524 959
524 968
525 558
525 629
525 646
525 665
525 766
525 790
525 849
525 868
525 883
525 887
525 895
525 914
525 934
525 944
525 973
526 542
526 743
526 751
526 828
526 876
526 904
526 905
526 954
527 582
527 679
527 727
527 747
527 763
527 771
527 802
527 838
527 861
527 869
527 885
527 910
527 921
527 942
527 943
528 547
528 550
528 567
528 620
528 644
528 696
528 699
528 710
528 779
528 789
528 800
528 845
528 846
528 897
529 562
529 569
529 668
529 749
529 825
530 558
530 617
530 665
530 790
530 843
530 868
530 874
530 883
530 889
530 895
530 914
530 944
530 951
530 973
531 578
531 616
531 724
531 801
531 853
533 564
533 571
533 589
533 630
533 716
533 770
533 819
533 835
533 847
533 859
534 588
534 657
534 689
534 706
534 737
534 794
534 836
534 840
534 850
534 873
534 878
534 890
534 894
534 909
536 543
536 693
536 703
536 722
536 739
536 785
536 837
537 563
537 586
537 641
537 642
537 674
537 860
537 919
537 931
537 940
537 972
538 584
538 610
538 619
538 631
538 634
538 694
538 734
538 786
538 832
538 857
538 880
538 979
539 639
539 658
539 774
539 808
539 812
539 822
539 831
539 833
539 871
539 937
539 945
539 958
539 964
539 965
539 971
539 974
539 976
540 571
540 716
540 770
540 819
540 835
540 847
540 859
541 555
541 685
541 750
541 758
541 761
542 743
542 751
542 828
542 876
542 904
542 905
542 954
543 693
543 703
543 722
543 739
543 785
543 837
544 575
544 640
544 670
544 672
544 690
544 730
544 757
544 792
544 862
544 916
544 930
545 621
545 627
545 688
545 814
545 827
545 933
545 970
546 559
546 759
546 781
546 806
546 854
546 856
546 888
546 902
546 908
546 926
546 935
546 936
547 567
547 620
547 644
547 699
547 709
547 779
547 789
547 800
547 845
547 846
547 897
548 605
548 623
548 671
548 687
548 738
548 760
548 762
548 768
548 892
548 913
548 966
549 581
549 588
549 649
549 654
549 706
549 737
549 794
549 836
549 850
549 873
549 878
549 890
549 894
549 909
550 567
550 644
550 699
550 709
550 779
550 789
550 800
550 845
550 846
550 897
551 639
551 652
551 682
551 754
551 764
551 812
551 831
551 833
551 871
551 937
551 945
551 958
551 964
551 965
551 971
551 974
551 976
552 561
552 601
552 636
552 684
552 714
552 782
552 949
554 558
554 600
554 629
554 645
554 646
554 653
554 741
554 766
554 775
554 843
554 868
554 883
554 887
554 895
554 934
554 944
554 973
555 685
555 750
555 758
555 761
556 588
556 649
556 654
556 657
556 677
556 689
556 706
556 794
556 836
556 840
556 850
556 873
556 878
556 890
556 894
556 909
557 625
557 729
557 731
557 753
557 759
557 781
557 806
557 829
557 854
557 888
557 902
557 908
557 915
557 926
557 935
557 936
558 572
558 629
558 645
558 646
558 653
558 665
558 698
558 741
558 775
558 874
558 914
558 944
558 951
559 607
559 664
559 729
559 731
559 753
559 759
559 806
559 856
559 888
559 902
559 908
559 915
559 926
559 935
559 936
561 601
561 636
561 684
561 714
561 782
561 949
562 569
562 668
562 749
562 825
563 641
563 642
563 674
563 860
563 919
563 931
563 940
563 972
564 571
564 716
564 770
564 819
564 835
564 847
564 859
566 570
566 587
566 592
566 632
566 666
566 711
566 767
566 776
566 796
566 881
566 891
566 923
567 620
567 644
567 696
567 699
567 709
567 789
567 800
567 845
567 846
567 897
568 625
568 759
568 781
568 806
568 829
568 854
568 856
568 888
568 902
568 908
568 915
568 926
568 935
568 936
569 668
569 749
569 825
570 632
570 666
570 711
570 765
570 767
570 796
570 881
570 891
570 923
571 770
571 819
571 835
571 847
571 859
572 596
572 600
572 645
572 653
572 686
572 735
572 843
572 868
572 874
572 883
572 934
572 944
572 951
572 973
573 667
573 695
573 702
573 728
573 773
573 799
573 817
573 900
573 924
573 928
573 932
573 948
573 959
573 968
575 640
575 670
575 672
575 690
575 730
575 757
575 792
575 862
575 916
575 930
576 586
576 674
576 860
576 919
576 931
576 940
576 972
577 582
577 638
577 663
577 679
577 747
577 763
577 771
577 809
577 838
577 861
577 869
577 875
577 885
577 910
577 921
577 942
577 943
578 616
578 724
578 801
578 853
580 639
580 658
580 682
580 754
580 764
580 808
580 812
580 831
580 833
580 937
580 945
580 958
580 964
580 965
580 971
580 974
580 976
581 588
581 657
581 689
581 737
581 794
581 836
581 840
581 850
581 873
581 878
581 890
581 894
581 909
582 628
582 663
582 679
582 771
582 802
582 807
582 838
582 861
582 863
582 875
582 885
582 910
582 921
582 942
582 943
583 717
583 746
583 799
583 848
583 900
583 922
583 924
583 928
583 932
583 939
583 948
583 959
583 968
584 619
584 734
584 786
584 832
584 857
584 880
584 979
585 612
585 614
585 618
585 622
585 651
585 673
585 718
585 736
585 783
585 804
585 810
585 886
586 641
586 642
586 674
586 860
586 919
586 931
586 940
586 972
587 592
587 632
587 666
587 711
587 765
587 767
587 776
587 881
587 891
587 923
588 649
588 654
588 737
588 794
588 836
588 840
588 850
588 873
588 878
588 890
588 894
588 909
589 630
589 716
589 770
589 819
589 835
589 847
589 859
590 726
590 745
590 816
590 818
590 824
590 901
590 917
590 927
590 941
590 947
590 960
590 967
590 969
590 977
590 980
590 981
590 982
590 984
592 632
592 666
592 711
592 765
592 767
592 776
592 796
592 881
592 891
592 923
593 952
593 962
593 978
593 983
593 985
593 986
593 987
593 989
593 990
593 991
593 992
593 993
593 994
593 995
593 996
593 997
593 998
593 999
593 1000
594 952
594 962
594 978
594 983
594 985
594 986
594 987
594 989
594 990
594 991
594 992
594 993
594 994
594 995
594 996
594 997
594 998
594 999
594 1000
596 617
596 629
596 653
596 665
596 735
596 766
596 775
596 849
596 868
596 874
596 887
596 889
596 895
596 934
596 944
596 951
596 973
597 607
597 664
597 729
597 753
597 759
597 781
597 806
597 829
597 854
597 856
597 888
597 902
597 908
597 915
597 926
597 935
597 936
600 606
600 665
600 766
600 775
600 843
600 849
600 874
600 883
600 895
600 914
600 934
600 944
600 951
600 973
601 636
601 684
601 714
601 782
601 949
602 695
602 702
602 704
602 717
602 728
602 773
602 817
602 848
602 922
602 928
602 932
602 939
602 948
602 959
602 968
605 623
605 671
605 687
605 712
605 738
605 760
605 762
605 768
605 892
605 913
605 966
606 617
606 665
606 686
606 698
606 741
606 775
606 843
606 849
606 874
606 883
606 887
606 895
606 914
606 951
606 973
607 625
607 729
607 731
607 753
607 781
607 829
607 854
607 856
607 888
607 902
607 908
607 915
607 926
607 935
607 936
609 952
609 962
609 978
609 983
609 985
609 986
609 987
609 989
609 990
609 991
609 992
609 993
609 994
609 995
609 996
609 997
609 998
609 999
609 1000
610 619
610 634
610 694
610 734
610 786
610 832
610 857
610 880
610 979
611 715
611 748
611 772
611 787
611 805
611 813
611 841
611 870
611 907
611 946
611 953
611 955
611 961
612 614
612 618
612 622
612 651
612 673
612 718
612 736
612 783
612 804
612 810
612 886
613 683
613 721
613 811
613 821
613 834
613 851
613 858
613 864
613 865
613 866
613 879
613 884
613 893
613 896
613 903
613 906
613 918
614 618
614 622
614 651
614 673
614 718
614 736
614 783
614 804
614 810
614 886
615 624
615 626
615 692
615 720
615 744
615 752
615 793
615 798
615 815
615 820
615 823
615 844
615 852
615 867
615 877
616 724
616 801
616 853
617 629
617 665
617 741
617 766
617 775
617 790
617 843
617 868
617 883
617 889
617 895
617 914
617 934
617 951
617 973
618 622
618 651
618 673
618 718
618 736
618 783
618 804
618 810
618 886
619 631
619 634
619 694
619 734
619 786
619 832
619 857
619 880
619 979
620 644
620 696
620 699
620 709
620 710
620 779
620 789
620 845
620 846
620 897
621 627
621 688
621 814
621 827
621 933
621 970
622 651
622 718
622 736
622 783
622 804
622 810
622 886
623 671
623 687
623 712
623 738
623 762
623 768
623 892
623 913
623 966
624 626
624 692
624 720
624 744
624 752
624 793
624 798
624 815
624 820
624 823
624 844
624 852
624 867
624 877
625 664
625 729
625 731
625 753
625 759
625 781
625 829
625 854
625 856
625 888
625 902
625 908
625 915
625 926
625 935
625 936
626 692
626 720
626 744
626 752
626 793
626 798
626 815
626 820
626 823
626 844
626 852
626 867
626 877
627 688
627 814
627 827
627 933
627 970
628 638
628 643
628 663
628 679
628 727
628 755
628 763
628 807
628 809
628 838
628 861
628 875
628 885
628 910
628 921
628 942
628 943
629 653
629 665
629 686
629 698
629 775
629 849
629 868
629 887
629 889
629 934
629 944
630 716
630 770
630 819
630 835
630 847
630 859
631 634
631 694
631 734
631 786
631 832
631 857
631 880
631 979
632 666
632 711
632 767
632 776
632 796
632 881
632 891
632 923
633 681
633 708
633 797
634 694
634 734
634 786
634 832
634 857
634 880
634 979
635 647
635 713
635 725
635 742
635 778
635 826
635 912
635 975
635 988
636 684
636 714
636 782
636 949
637 640
637 670
637 672
637 690
637 730
637 757
637 792
637 862
637 916
637 930
638 643
638 661
638 663
638 679
638 727
638 771
638 809
638 861
638 863
638 869
638 875
638 885
638 910
638 921
638 942
638 943
639 652
639 808
639 812
639 822
639 831
639 833
639 871
639 937
639 945
639 958
639 964
639 965
639 971
639 974
639 976
640 670
640 672
640 690
640 730
640 757
640 792
640 862
640 916
640 930
641 642
641 674
641 860
641 919
641 931
641 940
641 972
642 674
642 860
642 919
642 931
642 940
642 972
643 661
643 727
643 747
643 763
643 771
643 807
643 809
643 838
643 863
643 869
643 875
643 910
643 921
643 942
643 943
644 696
644 709
644 710
644 779
644 789
644 800
644 845
644 846
644 897
645 698
645 741
645 766
645 843
645 849
645 868
645 874
645 883
645 887
645 895
645 914
645 934
645 944
645 951
645 973
646 686
646 735
646 766
646 790
646 849
646 868
646 883
646 889
646 895
646 914
646 934
646 944
646 951
646 973
647 713
647 725
647 742
647 778
647 826
647 912
647 975
647 988
649 654
649 689
649 706
649 737
649 794
649 836
649 840
649 850
649 873
649 878
649 890
649 894
649 909
651 673
651 718
651 736
651 783
651 804
651 810
651 886
652 658
652 764
652 774
652 812
652 831
652 833
652 871
652 937
652 945
652 958
652 964
652 965
652 971
652 974
652 976
653 735
653 790
653 849
653 874
653 887
653 895
653 914
653 934
653 944
653 951
653 973
654 677
654 689
654 706
654 737
654 794
654 836
654 840
654 850
654 873
654 878
654 890
654 894
654 909
657 677
657 706
657 708
657 794
657 836
657 840
657 850
657 873
657 878
657 890
657 894
657 909
658 682
658 764
658 774
658 812
658 822
658 831
658 871
658 937
658 945
658 958
658 964
658 965
658 971
658 974
658 976
660 732
660 748
660 769
660 772
660 787
660 805
660 813
660 841
660 870
660 907
660 946
660 953
660 955
660 961
661 679
661 727
661 747
661 771
661 802
661 807
661 809
661 838
661 861
661 863
661 869
661 875
661 910
661 921
661 942
661 943
662 855
662 950
662 952
662 962
662 978
662 983
662 985
662 986
662 987
662 989
662 990
662 991
662 992
662 993
662 994
662 995
662 996
662 997
662 998
662 999
662 1000
663 727
663 771
663 802
663 807
663 809
663 838
663 861
663 863
663 869
663 875
663 885
663 921
663 942
663 943
664 729
664 731
664 806
664 829
664 854
664 856
664 888
664 902
664 908
664 915
664 926
664 935
664 936
665 775
665 790
665 849
665 895
665 914
665 934
665 944
665 951
665 973
666 711
666 765
666 767
666 796
666 881
666 891
666 923
667 695
667 702
667 717
667 728
667 746
667 773
667 900
667 922
667 924
667 928
667 932
667 939
667 948
667 959
667 968
668 749
668 825
670 672
670 690
670 730
670 757
670 792
670 862
670 916
670 930
671 687
671 712
671 738
671 760
671 762
671 768
671 892
671 913
671 966
672 690
672 730
672 757
672 792
672 862
672 916
672 930
673 718
673 736
673 783
673 804
673 810
673 886
674 860
674 919
674 931
674 940
674 972
677 689
677 706
677 737
677 794
677 836
677 840
677 850
677 873
677 878
677 890
677 894
677 909
679 747
679 755
679 771
679 807
679 863
679 869
679 875
679 910
679 921
679 942
679 943
681 708
681 797
682 754
682 764
682 808
682 812
682 831
682 833
682 871
682 937
682 945
682 958
682 964
682 965
682 971
682 974
682 976
683 721
683 811
683 821
683 834
683 851
683 858
683 864
683 865
683 866
683 879
683 884
683 893
683 896
683 903
683 906
683 918
684 714
684 782
684 949
685 750
685 758
685 761
686 735
686 741
686 790
686 843
686 849
686 868
686 887
686 889
686 895
686 914
686 934
686 944
686 951
686 973
687 712
687 738
687 760
687 762
687 768
687 892
687 913
687 966
688 814
688 827
688 933
688 970
689 706
689 737
689 794
689 836
689 840
689 850
689 873
689 878
689 890
689 894
689 909
690 730
690 757
690 792
690 862
690 916
690 930
692 720
692 744
692 752
692 793
692 798
692 815
692 820
692 823
692 844
692 852
692 867
692 877
693 703
693 722
693 739
693 785
693 837
694 734
694 786
694 832
694 857
694 880
694 979
695 728
695 746
695 773
695 799
695 817
695 900
695 922
695 924
695 928
695 932
695 939
695 948
695 959
695 968
696 699
696 709
696 710
696 779
696 789
696 800
696 845
696 846
696 897
697 842
697 855
697 950
697 952
697 962
697 978
697 983
697 985
697 986
697 987
697 989
697 990
697 991
697 992
697 993
697 994
697 995
697 996
697 997
697 998
697 999
697 1000
698 735
698 766
698 775
698 790
698 843
698 849
698 868
698 883
698 887
698 889
698 914
698 944
698 951
698 973
699 709
699 710
699 779
699 789
699 800
699 845
699 846
699 897
702 704
702 717
702 728
702 746
702 799
702 817
702 848
702 900
702 924
702 928
702 939
702 948
702 959
702 968
703 722
703 739
703 785
703 837
704 717
704 728
704 746
704 773
704 799
704 848
704 900
704 922
704 924
704 928
704 932
704 939
704 948
704 959
704 968
706 836
706 840
706 850
706 873
706 878
706 890
706 894
706 909
708 797
709 710
709 779
709 789
709 800
709 845
709 846
709 897
710 716
710 779
710 789
710 800
710 845
710 846
710 897
711 767
711 776
711 796
711 881
711 891
711 923
712 738
712 760
712 762
712 768
712 892
712 913
712 966
713 725
713 742
713 778
713 826
713 912
713 975
713 988
714 782
714 949
715 748
715 769
715 805
715 813
715 841
715 870
715 907
715 946
715 953
715 955
715 961
716 770
716 819
716 835
716 847
716 859
717 773
717 799
717 817
717 848
717 900
717 922
717 924
717 928
717 932
717 948
717 959
717 968
718 736
718 783
718 804
718 810
718 886
720 744
720 752
720 793
720 798
720 815
720 820
720 823
720 844
720 852
720 867
720 877
721 811
721 821
721 834
721 851
721 858
721 864
721 865
721 866
721 879
721 884
721 893
721 896
721 903
721 906
721 918
722 739
722 785
722 837
723 830
723 842
723 855
723 950
723 952
723 962
723 978
723 983
723 985
723 986
723 987
723 989
723 990
723 991
723 992
723 993
723 994
723 995
723 996
723 997
723 998
723 999
723 1000
724 801
724 853
725 742
725 778
725 826
725 912
725 975
725 988
726 745
726 816
726 818
726 824
726 901
726 917
726 927
726 941
726 947
726 960
726 967
726 969
726 977
726 980
726 981
726 982
726 984
727 747
727 755
727 763
727 771
727 802
727 809
727 838
727 861
727 863
727 875
727 885
727 910
727 921
727 942
727 943
728 746
728 799
728 817
728 848
728 900
728 922
728 924
728 928
728 932
728 939
728 948
728 959
728 968
729 731
729 753
729 781
729 806
729 854
729 856
729 902
729 908
729 915
729 926
729 935
729 936
730 757
730 792
730 862
730 916
730 930
731 753
731 759
731 781
731 806
731 829
731 854
731 856
731 888
731 902
731 908
731 915
731 926
731 935
731 936
732 748
732 769
732 772
732 787
732 805
732 813
732 841
732 870
732 907
732 946
732 953
732 955
732 961
733 795
733 830
733 842
733 855
733 950
733 952
733 962
733 978
733 983
733 985
733 986
733 987
733 989
733 990
733 991
733 992
733 993
733 994
733 995
733 996
733 997
733 998
733 999
733 1000
734 786
734 832
734 857
734 880
734 979
735 741
735 766
735 775
735 843
735 849
735 874
735 883
735 887
735 889
735 895
735 914
735 934
735 944
735 973
736 783
736 804
736 810
736 886
737 794
737 840
737 850
737 873
737 878
737 890
737 894
737 909
738 760
738 762
738 768
738 892
738 913
738 966
739 785
739 837
741 790
741 843
741 849
741 868
741 883
741 887
741 889
741 914
741 934
741 944
741 951
741 973
742 778
742 826
742 912
742 975
742 988
743 751
743 828
743 876
743 904
743 905
743 954
744 752
744 793
744 798
744 815
744 820
744 823
744 844
744 852
744 867
744 877
745 816
745 818
745 824
745 901
745 917
745 927
745 941
745 947
745 960
745 967
745 969
745 977
745 980
745 981
745 982
745 984
746 773
746 799
746 817
746 848
746 900
746 922
746 924
746 928
746 932
746 939
746 948
746 959
746 968
747 755
747 763
747 771
747 802
747 809
747 838
747 861
747 863
747 869
747 875
747 885
747 910
747 921
747 942
747 943
748 772
748 787
748 805
748 813
748 841
748 870
748 907
748 946
748 953
748 955
748 961
749 825
750 758
750 761
751 828
751 876
751 904
751 905
751 954
752 793
752 798
752 815
752 820
752 823
752 844
752 852
752 867
752 877
753 759
753 781
753 806
753 829
753 854
753 856
753 888
753 902
753 908
753 915
753 926
753 935
753 936
754 764
754 774
754 808
754 812
754 822
754 831
754 833
754 871
754 937
754 945
754 958
754 964
754 965
754 971
754 974
754 976
755 763
755 802
755 807
755 809
755 838
755 861
755 863
755 869
755 875
755 885
755 910
755 921
755 942
755 943
756 777
756 780
756 830
756 842
756 855
756 950
756 952
756 962
756 978
756 983
756 985
756 986
756 987
756 989
756 990
756 991
756 992
756 993
756 994
756 995
756 996
756 997
756 998
756 999
756 1000
757 792
757 862
757 916
757 930
758 761
759 781
759 806
759 829
759 856
759 888
759 902
759 908
759 915
759 926
759 935
759 936
760 762
760 768
760 892
760 913
760 966
762 768
762 892
762 913
762 966
763 771
763 802
763 807
763 809
763 863
763 869
763 875
763 885
763 910
763 921
763 942
763 943
764 774
764 808
764 812
764 822
764 831
764 833
764 871
764 937
764 945
764 958
764 964
764 965
764 971
764 974
764 976
765 767
765 776
765 796
765 881
765 891
765 923
766 790
766 849
766 868
766 874
766 883
766 887
766 889
766 895
766 951
766 973
767 776
767 796
767 881
767 891
767 923
768 892
768 913
768 966
769 772
769 787
769 805
769 813
769 841
769 907
769 946
769 953
769 955
769 961
770 819
770 835
770 847
770 859
771 802
771 807
771 809
771 838
771 861
771 869
771 875
771 885
771 910
771 921
771 942
771 943
772 787
772 805
772 813
772 841
772 870
772 907
772 946
772 953
772 955
772 961
773 799
773 817
773 848
773 900
773 922
773 924
773 928
773 932
773 939
773 948
773 959
773 968
774 808
774 812
774 831
774 833
774 871
774 937
774 945
774 958
774 964
774 965
774 971
774 974
774 976
775 790
775 843
775 849
775 868
775 874
775 887
775 889
775 895
775 914
775 934
775 944
775 951
775 973
776 796
776 881
776 891
776 923
777 780
777 795
777 830
777 842
777 855
777 950
777 952
777 962
777 978
777 983
777 985
777 986
777 987
777 989
777 990
777 991
777 992
777 993
777 994
777 995
777 996
777 997
777 998
777 999
777 1000
778 826
778 912
778 975
778 988
779 789
779 800
779 845
779 846
779 897
780 795
780 830
780 842
780 855
780 950
780 952
780 962
780 978
780 983
780 985
780 986
780 987
780 989
780 990
780 991
780 992
780 993
780 994
780 995
780 996
780 997
780 998
780 999
780 1000
781 829
781 854
781 856
781 888
781 902
781 908
781 926
781 935
781 936
782 949
783 804
783 810
783 886
785 837
786 832
786 857
786 880
786 979
787 805
787 813
787 870
787 907
787 946
787 953
787 955
787 961
789 800
789 845
789 846
789 897
790 843
790 868
790 874
790 883
790 887
790 889
790 895
790 914
790 934
790 973
792 862
792 916
792 930
793 798
793 815
793 820
793 823
793 844
793 852
793 867
793 877
794 836
794 840
794 850
794 873
794 878
794 890
794 894
794 909
795 830
795 842
795 855
795 950
795 952
795 962
795 978
795 983
795 985
795 986
795 987
795 989
795 990
795 991
795 992
795 993
795 994
795 995
795 996
795 997
795 998
795 999
795 1000
796 881
796 891
796 923
798 815
798 820
798 823
798 844
798 852
798 867
798 877
799 817
799 848
799 900
799 922
799 924
799 928
799 932
799 939
799 948
799 959
799 968
800 845
800 846
800 897
801 853
802 807
802 809
802 838
802 861
802 863
802 869
802 875
802 885
802 910
802 921
802 942
802 943
804 810
804 886
805 813
805 841
805 870
805 907
805 946
805 953
805 955
805 961
806 829
806 854
806 856
806 888
806 908
806 915
806 926
806 935
806 936
807 809
807 838
807 861
807 863
807 869
807 885
807 910
807 921
807 942
807 943
808 812
808 822
808 831
808 833
808 871
808 937
808 945
808 958
808 964
808 965
808 971
808 974
808 976
809 838
809 861
809 863
809 869
809 875
809 885
809 910
809 921
809 942
809 943
810 886
811 821
811 834
811 851
811 858
811 864
811 865
811 866
811 879
811 884
811 893
811 896
811 903
811 906
811 918
812 822
812 833
812 871
812 937
812 945
812 958
812 964
812 965
812 971
812 974
812 976
813 870
813 907
813 946
813 953
813 955
813 961
814 827
814 933
814 970
815 820
815 823
815 844
815 852
815 867
815 877
816 818
816 824
816 901
816 917
816 927
816 941
816 947
816 960
816 967
816 969
816 977
816 980
816 981
816 982
816 984
817 848
817 900
817 922
817 924
817 928
817 932
817 939
817 948
817 959
817 968
818 824
818 901
818 917
818 927
818 941
818 947
818 960
818 967
818 969
818 977
818 980
818 981
818 982
818 984
819 835
819 847
819 859
820 823
820 844
820 852
820 867
820 877
821 834
821 851
821 858
821 864
821 865
821 866
821 879
821 884
821 893
821 896
821 903
821 906
821 918
822 831
822 833
822 871
822 937
822 945
822 958
822 964
822 965
822 971
822 974
822 976
823 844
823 852
823 867
823 877
824 901
824 917
824 927
824 941
824 947
824 960
824 967
824 969
824 977
824 980
824 981
824 982
824 984
826 912
826 975
826 988
827 933
827 970
828 876
828 904
828 905
828 954
829 854
829 856
829 888
829 902
829 908
829 915
829 926
829 935
829 936
830 842
830 855
830 950
830 952
830 962
830 978
830 983
830 985
830 986
830 987
830 989
830 990
830 991
830 992
830 993
830 994
830 995
830 996
830 997
830 998
830 999
830 1000
831 833
831 871
831 937
831 945
831 958
831 964
831 965
831 971
831 974
831 976
832 857
832 880
832 979
833 871
833 937
833 945
833 958
833 964
833 965
833 971
833 974
833 976
834 851
834 858
834 864
834 865
834 866
834 879
834 884
834 893
834 896
834 903
834 906
834 918
835 847
835 859
836 840
836 850
836 873
836 878
836 890
836 894
836 909
838 861
838 863
838 869
838 875
838 885
838 910
838 921
838 942
838 943
840 850
840 873
840 878
840 890
840 894
840 909
841 870
841 907
841 946
841 953
841 955
841 961
842 855
842 950
842 952
842 962
842 978
842 983
842 985
842 986
842 987
842 989
842 990
842 991
842 992
842 993
842 994
842 995
842 996
842 997
842 998
842 999
842 1000
843 849
843 887
843 889
843 895
843 914
843 934
843 944
843 951
843 973
844 852
844 867
844 877
845 846
845 897
846 897
847 859
848 900
848 922
848 924
848 928
848 939
848 948
848 959
848 968
849 868
849 874
849 883
849 887
849 889
849 895
849 914
849 934
849 973
850 873
850 878
850 890
850 894
850 909
851 858
851 864
851 865
851 866
851 879
851 884
851 893
851 896
851 903
851 906
851 918
852 867
852 877
854 856
854 888
854 908
854 915
854 926
854 935
854 936
855 950
855 952
855 962
855 978
855 983
855 985
855 986
855 987
855 989
855 990
855 991
855 992
855 993
855 994
855 995
855 996
855 997
855 998
855 999
855 1000
856 888
856 902
856 908
856 915
856 926
856 935
856 936
857 880
857 979
858 864
858 865
858 866
858 879
858 884
858 893
858 896
858 903
858 906
858 918
860 919
860 931
860 940
860 972
861 863
861 869
861 875
861 885
861 910
861 921
861 942
861 943
862 916
862 930
863 869
863 885
863 910
863 921
863 942
863 943
864 865
864 866
864 879
864 884
864 893
864 896
864 903
864 906
864 918
865 866
865 879
865 884
865 893
865 896
865 903
865 906
865 918
866 879
866 884
866 893
866 896
866 903
866 906
866 918
867 877
868 883
868 895
868 914
868 934
868 944
868 951
868 973
869 875
869 885
869 910
869 921
869 942
869 943
870 907
870 946
870 953
870 955
870 961
871 937
871 945
871 958
871 964
871 965
871 971
871 974
871 976
873 878
873 890
873 894
873 909
874 883
874 887
874 889
874 895
874 914
874 934
874 944
874 951
874 973
875 885
875 921
875 942
875 943
876 904
876 905
876 954
878 890
878 894
878 909
879 884
879 893
879 896
879 903
879 906
879 918
880 979
881 891
881 923
883 887
883 889
883 934
883 944
883 973
884 893
884 896
884 903
884 906
884 918
885 910
885 942
885 943
887 889
887 914
887 934
887 944
887 951
887 973
888 902
888 908
888 915
888 926
888 935
888 936
889 914
889 934
889 944
889 951
889 973
890 894
890 909
891 923
892 913
892 966
893 896
893 903
893 906
893 918
894 909
895 914
895 934
895 944
895 951
895 973
896 903
896 906
896 918
900 922
900 924
900 928
900 932
900 939
900 948
900 959
900 968
901 917
901 927
901 941
901 947
901 960
901 967
901 969
901 977
901 980
901 981
901 982
901 984
902 908
902 915
902 926
902 935
902 936
903 906
903 918
904 905
904 954
905 954
906 918
907 946
907 953
907 955
907 961
908 915
908 926
908 935
908 936
910 921
910 942
910 943
912 975
912 988
913 966
914 934
914 944
915 926
915 935
915 936
916 930
917 927
917 941
917 947
917 960
917 967
917 969
917 977
917 980
917 981
917 982
917 984
919 931
919 940
919 972
921 942
921 943
922 924
922 928
922 932
922 939
922 948
922 959
922 968
924 928
924 932
924 939
924 948
924 959
924 968
926 935
926 936
927 941
927 947
927 960
927 967
927 969
927 977
927 980
927 981
927 982
927 984
928 932
928 939
928 948
928 959
928 968
931 940
931 972
932 939
932 948
932 959
932 968
933 970
934 944
934 951
934 973
935 936
937 945
937 958
937 964
937 965
937 971
937 974
937 976
939 948
939 959
939 968
940 972
941 947
941 960
941 967
941 969
941 977
941 980
941 981
941 982
941 984
942 943
944 951
944 973
945 958
945 964
945 965
945 971
945 974
945 976
946 953
946 955
946 961
947 960
947 967
947 969
947 977
947 980
947 981
947 982
947 984
948 959
948 968
950 952
950 962
950 978
950 983
950 985
950 986
950 987
950 989
950 990
950 991
950 992
950 993
950 994
950 995
950 996
950 997
950 998
950 999
950 1000
951 973
952 962
952 978
952 983
952 985
952 986
952 987
952 989
952 990
952 991
952 992
952 993
952 994
952 995
952 996
952 997
952 998
952 999
952 1000
953 955
953 961
955 961
958 964
958 965
958 971
958 974
958 976
959 968
960 967
960 969
960 977
960 980
960 981
960 982
960 984
962 978
962 983
962 985
962 986
962 987
962 989
962 990
962 991
962 992
962 993
962 994
962 995
962 996
962 997
962 998
962 999
962 1000
964 965
964 971
964 974
964 976
965 971
965 974
965 976
967 969
967 977
967 980
967 981
967 982
967 984
969 977
969 980
969 981
969 982
969 984
971 974
971 976
974 976
975 988
977 980
977 981
977 982
977 984
978 983
978 985
978 986
978 987
978 989
978 990
978 991
978 992
978 993
978 994
978 995
978 996
978 997
978 998
978 999
978 1000
980 981
980 982
980 984
981 982
981 984
982 984
983 985
983 986
983 987
983 989
983 990
983 991
983 992
983 993
983 994
983 995
983 996
983 997
983 998
983 999
983 1000
985 986
985 987
985 989
985 990
985 991
985 992
985 993
985 994
985 995
985 996
985 997
985 998
985 999
985 1000
986 987
986 989
986 990
986 991
986 992
986 993
986 994
986 995
986 996
986 997
986 998
986 999
986 1000
987 989
987 990
987 991
987 992
987 993
987 994
987 995
987 996
987 997
987 998
987 999
987 1000
989 990
989 991
989 992
989 993
989 994
989 995
989 996
989 997
989 998
989 999
989 1000
990 991
990 992
990 993
990 994
990 995
990 996
990 997
990 998
990 999
990 1000
991 992
991 993
991 994
991 995
991 996
991 997
991 998
991 999
991 1000
992 993
992 994
992 995
992 996
992 997
992 998
992 999
992 1000
993 994
993 995
993 996
993 997
993 998
993 999
993 1000
994 995
994 996
994 997
994 998
994 999
994 1000
995 996
995 997
995 998
995 999
995 1000
996 997
996 998
996 999
996 1000
997 998
997 999
997 1000
998 999
998 1000
999 1000
