1 134
1 165
3 266
3 366
3 380
3 452
3 545
3 621
3 627
3 688
3 814
3 970
4 661
4 755
4 782
4 861
4 869
4 885
4 921
4 933
4 942
4 943
5 127
5 520
5 635
5 647
5 709
5 725
5 742
5 778
5 912
5 988
6 577
6 663
6 782
6 802
6 809
6 861
6 885
6 910
6 942
6 943
7 692
7 740
7 744
7 793
7 798
7 815
7 820
7 823
7 844
7 852
8 80
8 224
8 447
8 483
8 497
8 541
8 581
8 685
8 750
8 758
9 49
9 114
9 187
9 213
9 228
9 720
9 752
10 480
10 637
10 640
10 704
10 730
10 757
10 792
10 862
10 916
10 930
11 941
11 947
11 960
11 967
11 969
11 977
11 980
11 981
11 982
11 984
12 649
12 654
12 706
12 836
12 850
12 873
12 878
12 890
12 894
12 909
13 326
13 446
13 451
13 473
13 536
13 703
13 722
13 785
13 837
13 879
15 149
15 576
15 618
15 641
15 642
15 674
15 860
15 931
15 940
15 972
16 702
16 746
16 799
16 924
16 928
16 932
16 939
16 948
16 959
16 968
18 64
18 245
18 277
18 412
18 433
18 444
18 479
18 717
18 828
19 71
19 169
19 447
19 483
19 497
19 541
19 581
19 685
19 750
19 758
20 657
20 787
20 836
20 840
20 850
20 873
20 878
20 890
20 894
20 909
21 48
21 117
21 131
21 170
21 324
21 333
21 337
21 633
21 708
21 797
23 309
23 458
23 635
23 647
23 709
23 725
23 742
23 778
23 912
23 988
24 557
24 561
24 570
24 680
24 705
24 719
24 751
24 864
24 875
24 965
25 753
25 806
25 854
25 888
25 902
25 908
25 915
25 926
25 935
25 936
26 116
26 205
26 284
26 300
26 340
26 385
26 418
26 646
26 770
26 804
27 38
27 580
27 668
27 690
27 822
27 827
27 863
27 876
27 884
27 922
28 524
28 602
28 799
28 924
28 928
28 932
28 939
28 948
28 959
28 968
31 142
31 152
31 429
31 467
31 715
31 732
31 907
31 946
31 953
31 955
32 677
32 794
32 836
32 840
32 850
32 873
32 878
32 890
32 894
32 909
33 69
33 81
33 184
33 214
33 739
33 961
34 985
34 986
34 992
34 993
34 994
34 995
34 996
34 997
34 998
34 999
35 985
35 986
35 992
35 993
35 994
35 995
35 996
35 997
35 998
35 999
36 458
36 520
36 635
36 647
36 709
36 725
36 742
36 778
36 912
36 988
38 580
38 668
38 690
38 822
38 827
38 863
38 876
38 884
38 922
39 97
39 117
39 170
39 276
39 324
39 333
39 337
39 633
39 708
39 797
42 654
42 706
42 787
42 794
42 850
42 873
42 878
42 890
42 894
42 909
44 260
44 351
44 475
44 552
44 601
44 636
44 684
44 713
44 714
44 949
45 299
45 533
45 540
45 564
45 630
45 716
45 819
45 835
45 847
45 859
46 985
46 986
46 992
46 993
46 994
46 995
46 996
46 997
46 998
46 999
47 354
47 451
47 464
47 536
47 543
47 703
47 722
47 785
47 837
47 879
48 170
48 276
48 324
48 333
48 337
48 633
48 708
48 797
49 114
49 187
49 213
49 228
49 720
49 752
50 274
50 631
50 634
50 734
50 786
50 826
50 832
50 857
50 880
50 979
51 150
51 610
51 612
51 614
51 622
51 651
51 718
51 783
51 810
51 886
52 657
52 805
52 836
52 840
52 850
52 873
52 878
52 890
52 894
52 909
54 201
54 623
54 671
54 738
54 760
54 762
54 768
54 892
54 913
54 966
55 169
55 280
55 447
55 483
55 497
55 541
55 581
55 685
55 750
55 758
56 702
56 817
56 848
56 900
56 924
56 928
56 939
56 948
56 959
56 968
57 817
57 848
57 900
57 924
57 932
57 939
57 948
57 959
57 968
59 226
59 410
59 455
59 534
59 547
59 764
59 813
59 833
59 971
59 975
60 481
60 502
60 552
60 601
60 636
60 684
60 713
60 714
60 949
63 495
63 715
63 748
63 769
63 772
63 870
63 907
63 946
63 953
63 955
64 245
64 277
64 412
64 433
64 444
64 479
64 717
64 828
65 126
65 133
65 366
65 380
65 545
65 621
65 627
65 688
65 814
65 970
66 941
66 947
66 960
66 967
66 969
66 977
66 980
66 981
66 982
66 984
68 470
68 635
68 647
68 709
68 725
68 742
68 778
68 912
68 988
69 81
69 184
69 214
69 739
69 961
70 230
70 499
70 526
70 681
70 691
70 788
70 811
70 896
70 918
70 1000
71 280
71 447
71 483
71 497
71 541
71 581
71 685
71 750
71 758
73 985
73 986
73 992
73 993
73 994
73 995
73 996
73 997
73 998
73 999
74 283
74 522
74 569
74 576
74 642
74 674
74 860
74 931
74 940
74 972
76 611
76 715
76 732
76 769
76 841
76 870
76 907
76 946
76 953
76 955
77 140
77 435
77 548
77 588
77 738
77 760
77 762
77 892
77 913
77 966
79 186
79 588
79 605
79 671
79 738
79 762
79 768
79 892
79 913
79 966
80 224
80 483
80 497
80 541
80 581
80 685
80 750
80 758
81 184
81 214
81 739
81 961
82 660
82 732
82 748
82 772
82 841
82 870
82 907
82 946
82 953
82 955
83 240
83 414
83 499
83 603
83 681
83 788
83 811
83 896
83 918
83 1000
84 985
84 986
84 992
84 993
84 994
84 995
84 996
84 997
84 998
84 999
85 246
85 623
85 671
85 738
85 760
85 762
85 768
85 892
85 913
85 966
86 299
86 564
86 571
86 572
86 589
86 716
86 819
86 835
86 847
86 859
87 501
87 817
87 900
87 924
87 928
87 932
87 939
87 948
87 959
87 968
88 737
88 787
88 836
88 840
88 850
88 873
88 878
88 890
88 894
88 909
89 388
89 638
89 663
89 771
89 807
89 885
89 921
89 933
89 942
89 943
90 315
90 634
90 694
90 734
90 786
90 826
90 832
90 857
90 880
90 979
91 381
91 432
91 522
91 537
91 618
91 642
91 860
91 931
91 940
91 972
92 512
92 664
92 678
92 680
92 705
92 719
92 751
92 864
92 875
92 965
93 695
93 773
93 900
93 924
93 928
93 932
93 939
93 948
93 959
93 968
94 398
94 426
94 660
94 732
94 841
94 870
94 907
94 946
94 953
94 955
96 449
96 620
96 644
96 779
96 800
96 845
96 846
96 867
96 893
96 897
97 117
97 131
97 276
97 324
97 333
97 337
97 633
97 708
97 797
98 570
98 664
98 678
98 680
98 719
98 751
98 864
98 875
98 965
99 397
99 584
99 619
99 687
99 786
99 826
99 832
99 857
99 880
99 979
101 640
101 670
101 672
101 704
101 730
101 757
101 792
101 862
101 916
101 930
102 985
102 986
102 992
102 993
102 994
102 995
102 996
102 997
102 998
102 999
103 331
103 487
103 516
103 604
103 608
103 764
103 813
103 833
103 971
103 975
104 941
104 947
104 960
104 967
104 969
104 977
104 980
104 981
104 982
104 984
105 460
105 555
105 580
105 690
105 822
105 827
105 863
105 876
105 884
105 922
106 643
106 868
106 883
106 887
106 889
106 914
106 934
106 944
106 951
106 973
108 391
108 598
108 712
108 736
108 789
108 831
108 838
108 919
108 929
108 974
109 626
109 692
109 740
109 744
109 793
109 798
109 815
109 820
109 823
109 844
109 852
110 423
110 456
110 493
110 531
110 578
110 616
110 693
110 724
110 726
110 801
110 853
111 439
111 475
111 481
111 502
111 552
111 601
111 636
111 684
111 713
111 714
111 949
112 336
112 480
112 544
112 637
112 672
112 730
112 757
112 792
112 862
112 916
112 930
114 187
114 213
114 228
114 720
114 752
115 318
115 331
115 487
115 488
115 604
115 608
115 764
115 813
115 833
115 971
115 975
116 181
116 205
116 284
116 300
116 340
116 385
116 418
116 646
116 770
116 804
117 131
117 276
117 324
117 333
117 337
117 633
117 708
117 797
118 927
118 941
118 947
118 960
118 967
118 969
118 977
118 980
118 981
118 982
118 984
120 567
120 644
120 673
120 696
120 779
120 800
120 845
120 846
120 867
120 893
120 897
122 359
122 683
122 707
122 712
122 736
122 789
122 831
122 838
122 919
122 929
122 974
123 190
123 544
123 575
123 640
123 670
123 704
123 757
123 792
123 862
123 916
123 930
125 557
125 561
125 587
125 664
125 678
125 705
125 719
125 751
125 864
125 875
125 965
126 135
126 266
126 366
126 384
126 452
126 621
126 627
126 688
126 814
126 970
127 434
127 520
127 635
127 647
127 709
127 725
127 742
127 778
127 912
127 988
128 667
128 695
128 746
128 900
128 924
128 928
128 932
128 939
128 948
128 959
128 968
131 170
131 276
131 324
131 333
131 337
131 633
131 708
131 797
132 460
132 580
132 592
132 668
132 690
132 822
132 827
132 863
132 876
132 884
132 922
133 135
133 266
133 322
133 384
133 545
133 621
133 627
133 688
133 814
133 970
134 165
135 203
135 322
135 366
135 452
135 621
135 627
135 688
135 814
135 970
136 927
136 941
136 947
136 960
136 967
136 969
136 977
136 980
136 981
136 982
136 984
137 254
137 369
137 533
137 540
137 571
137 589
137 630
137 819
137 835
137 847
137 859
138 186
138 364
138 413
138 443
138 588
138 671
138 760
138 768
138 892
138 913
138 966
139 389
139 393
139 525
139 600
139 698
139 843
139 874
139 889
139 914
139 951
139 973
140 248
140 311
140 548
140 623
140 760
140 762
140 768
140 892
140 913
140 966
141 437
141 476
141 550
141 710
141 779
141 800
141 845
141 846
141 867
141 893
141 897
142 342
142 429
142 611
142 732
142 841
142 870
142 907
142 946
142 953
142 955
143 161
143 203
143 229
143 380
143 452
143 545
143 621
143 627
143 688
143 814
143 970
144 301
144 445
144 592
144 668
144 690
144 822
144 827
144 863
144 876
144 884
144 922
145 169
145 224
145 280
145 447
145 483
145 497
145 541
145 581
145 685
145 750
145 758
146 339
146 359
146 707
146 712
146 736
146 789
146 831
146 838
146 919
146 929
146 974
147 460
147 555
147 592
147 668
147 690
147 822
147 827
147 863
147 876
147 884
147 922
148 248
148 491
148 588
148 671
148 738
148 760
148 762
148 768
148 892
148 913
148 966
149 432
149 537
149 586
149 641
149 642
149 674
149 860
149 931
149 940
149 972
150 585
150 610
150 612
150 614
150 622
150 651
150 718
150 783
150 810
150 886
151 209
151 524
151 773
151 900
151 924
151 928
151 932
151 939
151 948
151 959
151 968
152 495
152 509
152 660
152 769
152 841
152 870
152 907
152 946
152 953
152 955
153 390
153 540
153 564
153 572
153 589
153 630
153 716
153 819
153 835
153 847
153 859
154 626
154 692
154 740
154 744
154 793
154 798
154 815
154 820
154 823
154 844
154 852
155 523
155 585
155 610
155 612
155 614
155 622
155 651
155 718
155 783
155 810
155 886
156 230
156 428
156 499
156 603
156 681
156 691
156 788
156 811
156 896
156 918
156 1000
157 388
157 613
157 747
157 755
157 861
157 869
157 885
157 921
157 933
157 942
157 943
158 787
158 794
158 805
158 836
158 840
158 850
158 873
158 878
158 890
158 894
158 909
159 160
159 164
159 381
159 432
159 522
159 569
159 641
159 860
159 931
159 940
159 972
160 217
160 236
160 441
160 563
160 576
160 642
160 860
160 931
160 940
160 972
161 229
161 322
161 366
161 384
161 452
161 621
161 627
161 688
161 814
161 970
162 254
162 293
162 320
162 390
162 589
162 630
162 716
162 819
162 835
162 847
162 859
163 217
163 432
163 441
163 496
163 522
163 586
163 674
163 860
163 931
163 940
163 972
164 234
164 341
164 357
164 534
164 608
164 764
164 813
164 833
164 971
164 975
168 191
168 252
168 369
168 533
168 564
168 571
168 572
168 819
168 835
168 847
168 859
169 447
169 483
169 497
169 541
169 581
169 685
169 750
169 758
170 276
170 324
170 333
170 337
170 633
170 708
170 797
171 533
171 540
171 564
171 571
171 589
171 630
171 716
171 819
171 835
171 847
171 859
172 240
172 499
172 526
172 603
172 681
172 691
172 788
172 811
172 896
172 918
172 1000
173 638
173 661
173 747
173 771
173 802
173 869
173 910
173 921
173 933
173 942
173 943
178 649
178 706
178 805
178 836
178 840
178 850
178 873
178 878
178 890
178 894
178 909
180 806
180 830
180 854
180 856
180 888
180 902
180 908
180 915
180 926
180 935
180 936
181 205
181 284
181 300
181 340
181 385
181 418
181 646
181 770
181 804
182 639
182 683
182 707
182 712
182 736
182 789
182 831
182 838
182 919
182 929
182 974
183 232
183 414
183 499
183 539
183 681
183 691
183 788
183 811
183 896
183 918
183 1000
184 214
184 739
184 961
185 230
185 272
185 526
185 539
185 603
185 691
185 788
185 811
185 896
185 918
185 1000
186 443
186 548
186 671
186 760
186 762
186 768
186 892
186 913
186 966
187 213
187 228
187 720
187 752
188 927
188 941
188 947
188 960
188 967
188 969
188 977
188 980
188 981
188 982
188 984
189 395
189 423
189 466
189 478
189 578
189 616
189 693
189 724
189 726
189 801
189 853
190 575
190 637
190 640
190 704
190 730
190 757
190 792
190 862
190 916
190 930
191 254
191 293
191 533
191 571
191 572
191 716
191 819
191 835
191 847
191 859
192 439
192 475
192 481
192 502
192 552
192 601
192 636
192 684
192 713
192 714
192 949
193 434
193 470
193 520
193 635
193 647
193 709
193 725
193 742
193 778
193 912
193 988
195 927
195 941
195 947
195 960
195 967
195 969
195 977
195 980
195 981
195 982
195 984
196 454
196 575
196 637
196 670
196 672
196 730
196 757
196 792
196 862
196 916
196 930
197 523
197 585
197 610
197 612
197 614
197 622
197 651
197 718
197 783
197 810
197 886
198 461
198 728
198 817
198 848
198 900
198 928
198 932
198 939
198 948
198 959
198 968
200 435
200 548
200 605
200 623
200 671
200 738
200 760
200 768
200 892
200 913
200 966
201 364
201 491
201 588
201 605
201 738
201 762
201 768
201 892
201 913
201 966
202 557
202 570
202 664
202 678
202 680
202 705
202 719
202 751
202 864
202 875
202 965
203 322
203 366
203 380
203 384
203 545
203 627
203 688
203 814
203 970
205 284
205 300
205 340
205 385
205 418
205 646
205 770
205 804
207 437
207 550
207 620
207 710
207 779
207 800
207 845
207 846
207 867
207 893
207 897
208 763
208 782
208 802
208 807
208 809
208 861
208 869
208 921
208 933
208 942
208 943
209 728
209 773
209 900
209 924
209 928
209 932
209 939
209 948
209 959
209 968
210 374
210 445
210 592
210 668
210 690
210 822
210 827
210 863
210 876
210 884
210 922
211 251
211 354
211 446
211 451
211 473
211 536
211 703
211 722
211 785
211 837
211 879
212 453
212 506
212 611
212 660
212 715
212 841
212 870
212 907
212 946
212 953
212 955
213 228
213 720
213 752
214 739
214 961
215 505
215 606
215 686
215 735
215 766
215 849
215 883
215 895
215 934
215 944
215 951
215 973
216 255
216 264
216 321
216 673
216 699
216 710
216 779
216 845
216 846
216 867
216 893
216 897
217 327
217 569
217 576
217 586
217 641
217 674
217 860
217 931
217 940
217 972
218 283
218 381
218 441
218 496
218 537
218 563
218 618
218 642
218 860
218 931
218 940
218 972
219 373
219 619
219 634
219 687
219 694
219 734
219 786
219 826
219 832
219 857
219 880
219 979
221 272
221 428
221 499
221 526
221 539
221 681
221 691
221 788
221 811
221 896
221 918
221 1000
222 731
222 806
222 829
222 854
222 856
222 888
222 902
222 908
222 915
222 926
222 935
222 936
224 280
224 447
224 483
224 497
224 541
224 581
224 685
224 750
224 758
225 624
225 626
225 692
225 740
225 744
225 793
225 798
225 815
225 820
225 823
225 844
225 852
226 487
226 516
226 534
226 547
226 604
226 608
226 764
226 813
226 833
226 971
226 975
227 477
227 515
227 606
227 790
227 849
227 883
227 887
227 889
227 895
227 934
227 944
227 973
228 720
228 752
229 322
229 380
229 384
229 452
229 545
229 621
229 627
229 688
229 814
229 970
230 539
230 603
230 681
230 691
230 788
230 811
230 896
230 918
230 1000
231 279
231 637
231 640
231 670
231 672
231 704
231 730
231 757
231 792
231 862
231 916
231 930
232 414
232 428
232 539
232 603
232 681
232 691
232 788
232 811
232 896
232 918
232 1000
233 434
233 458
233 470
233 520
233 635
233 647
233 709
233 725
233 742
233 778
233 912
233 988
234 331
234 357
234 487
234 516
234 547
234 604
234 764
234 813
234 833
234 971
234 975
235 313
235 482
235 644
235 673
235 699
235 779
235 800
235 845
235 846
235 867
235 893
235 897
236 327
236 381
236 441
236 569
236 576
236 641
236 674
236 860
236 931
236 940
236 972
237 398
237 453
237 495
237 509
237 748
237 769
237 841
237 870
237 907
237 946
237 953
237 955
238 467
238 611
238 660
238 715
238 732
238 748
238 769
238 841
238 907
238 946
238 953
238 955
239 378
239 554
239 665
239 735
239 790
239 849
239 868
239 914
239 934
239 944
239 951
239 973
240 428
240 526
240 539
240 681
240 691
240 788
240 811
240 896
240 918
240 1000
243 417
243 582
243 755
243 809
243 861
243 869
243 885
243 910
243 921
243 933
243 942
243 943
245 277
245 412
245 433
245 444
245 479
245 717
245 828
246 443
246 588
246 605
246 623
246 738
246 760
246 762
246 768
246 892
246 913
246 966
247 398
247 506
247 611
247 660
247 715
247 772
247 841
247 870
247 907
247 946
247 953
247 955
248 435
248 443
248 548
248 738
248 760
248 762
248 768
248 892
248 913
248 966
249 296
249 538
249 634
249 687
249 694
249 734
249 786
249 826
249 832
249 857
249 880
249 979
251 354
251 379
251 386
251 446
251 473
251 543
251 703
251 722
251 785
251 837
251 879
252 299
252 390
252 540
252 564
252 572
252 589
252 716
252 819
252 835
252 847
252 859
253 374
253 460
253 555
253 592
253 668
253 690
253 822
253 827
253 863
253 876
253 884
253 922
254 320
254 390
254 571
254 572
254 630
254 819
254 835
254 847
254 859
255 449
255 476
255 567
255 644
255 673
255 800
255 845
255 846
255 867
255 893
255 897
257 351
257 439
257 475
257 481
257 502
257 552
257 601
257 636
257 684
257 713
257 714
257 949
258 508
258 638
258 727
258 802
258 807
258 809
258 861
258 885
258 910
258 933
258 942
258 943
259 307
259 523
259 585
259 610
259 612
259 614
259 622
259 651
259 718
259 783
259 810
259 886
260 439
260 475
260 481
260 502
260 552
260 601
260 636
260 684
260 713
260 714
260 949
262 667
262 728
262 773
262 799
262 900
262 924
262 928
262 932
262 939
262 948
262 959
262 968
263 985
263 986
263 987
263 991
263 992
263 993
263 994
263 995
263 996
263 997
263 998
263 999
264 313
264 528
264 696
264 710
264 779
264 800
264 845
264 846
264 867
264 893
264 897
265 613
265 638
265 679
265 727
265 763
265 782
265 861
265 910
265 921
265 933
265 942
265 943
266 366
266 380
266 452
266 545
266 621
266 627
266 688
266 814
266 970
268 759
268 829
268 830
268 854
268 856
268 888
268 902
268 908
268 915
268 926
268 935
268 936
270 393
270 686
270 698
270 735
270 775
270 868
270 883
270 914
270 934
270 944
270 951
270 973
271 667
271 773
271 799
271 848
271 900
271 924
271 928
271 932
271 939
271 948
271 959
271 968
272 414
272 526
272 603
272 681
272 691
272 788
272 811
272 896
272 918
272 1000
274 373
274 538
274 584
274 619
274 694
274 786
274 826
274 832
274 857
274 880
274 979
275 468
275 512
275 517
275 587
275 664
275 680
275 705
275 719
275 751
275 864
275 875
275 965
276 324
276 333
276 337
276 633
276 708
276 797
277 412
277 433
277 444
277 479
277 717
277 828
278 294
278 538
278 584
278 631
278 694
278 734
278 786
278 826
278 832
278 857
278 880
278 979
279 474
279 544
279 670
279 672
279 704
279 730
279 757
279 792
279 862
279 916
279 930
280 447
280 483
280 497
280 541
280 581
280 685
280 750
280 758
281 321
281 449
281 620
281 696
281 699
281 779
281 800
281 845
281 846
281 867
281 893
281 897
283 327
283 563
283 586
283 618
283 641
283 642
283 674
283 860
283 931
283 940
283 972
284 300
284 340
284 385
284 418
284 646
284 770
284 804
286 403
286 573
286 583
286 773
286 848
286 900
286 924
286 928
286 932
286 939
286 948
286 959
286 968
287 530
287 596
287 686
287 698
287 766
287 790
287 887
287 889
287 895
287 914
287 934
287 951
287 973
289 985
289 986
289 987
289 990
289 991
289 992
289 993
289 994
289 995
289 996
289 997
289 998
289 999
290 818
290 901
290 927
290 941
290 947
290 960
290 967
290 969
290 977
290 980
290 981
290 982
290 984
291 453
291 467
291 506
291 715
291 732
291 748
291 772
291 841
291 870
291 907
291 946
291 953
291 955
292 391
292 438
292 639
292 683
292 707
292 712
292 736
292 789
292 831
292 838
292 919
292 929
292 974
293 369
293 390
293 533
293 564
293 572
293 589
293 716
293 819
293 835
293 847
293 859
294 538
294 584
294 631
294 687
294 694
294 734
294 786
294 826
294 832
294 857
294 880
294 979
295 397
295 584
295 619
295 634
295 687
295 694
295 734
295 786
295 826
295 832
295 857
295 880
295 979
296 619
296 631
296 634
296 687
296 694
296 734
296 786
296 826
296 832
296 857
296 880
296 979
297 615
297 624
297 626
297 692
297 740
297 744
297 793
297 798
297 815
297 820
297 823
297 844
297 852
298 459
298 573
298 702
298 728
298 773
298 817
298 900
298 924
298 928
298 932
298 948
298 959
298 968
299 533
299 540
299 564
299 572
299 630
299 716
299 819
299 835
299 847
299 859
300 340
300 385
300 418
300 646
300 770
300 804
301 445
301 555
301 580
301 592
301 668
301 690
301 822
301 827
301 863
301 876
301 884
301 922
303 395
303 456
303 466
303 478
303 493
303 531
303 578
303 616
303 693
303 724
303 726
303 801
303 853
304 345
304 456
304 466
304 478
304 531
304 578
304 616
304 693
304 724
304 726
304 801
304 853
307 382
307 523
307 585
307 610
307 612
307 614
307 622
307 651
307 718
307 783
307 810
307 886
309 434
309 458
309 470
309 520
309 635
309 647
309 709
309 725
309 742
309 778
309 912
309 988
310 530
310 600
310 790
310 843
310 874
310 883
310 887
310 889
310 895
310 914
310 934
310 951
310 973
311 413
311 588
311 605
311 623
311 671
311 738
311 760
311 762
311 768
311 892
311 913
311 966
313 550
313 567
313 696
313 699
313 779
313 800
313 845
313 846
313 867
313 893
313 897
315 373
315 619
315 631
315 687
315 694
315 734
315 786
315 826
315 832
315 857
315 880
315 979
316 495
316 506
316 660
316 715
316 732
316 748
316 772
316 841
316 870
316 907
316 946
316 953
316 955
317 816
317 901
317 927
317 941
317 947
317 960
317 967
317 969
317 977
317 980
317 981
317 982
317 984
318 357
318 410
318 455
318 487
318 488
318 547
318 608
318 764
318 813
318 833
318 971
318 975
320 369
320 533
320 571
320 572
320 589
320 630
320 716
320 819
320 835
320 847
320 859
321 528
321 620
321 644
321 710
321 779
321 800
321 845
321 846
321 867
321 893
321 897
322 380
322 384
322 545
322 621
322 627
322 688
322 814
322 970
323 607
323 729
323 759
323 829
323 854
323 856
323 888
323 902
323 908
323 915
323 926
323 935
323 936
324 333
324 337
324 633
324 708
324 797
325 816
325 901
325 927
325 941
325 947
325 960
325 967
325 969
325 977
325 980
325 981
325 982
325 984
326 368
326 386
326 451
326 464
326 473
326 536
326 543
326 703
326 722
326 785
326 837
326 879
327 441
327 537
327 563
327 586
327 618
327 674
327 860
327 931
327 940
327 972
329 342
329 429
329 453
329 506
329 732
329 748
329 772
329 841
329 870
329 907
329 946
329 953
329 955
331 455
331 487
331 488
331 516
331 604
331 764
331 813
331 833
331 971
331 975
332 689
332 737
332 787
332 794
332 805
332 836
332 840
332 850
332 873
332 878
332 890
332 894
332 909
333 337
333 633
333 708
333 797
334 731
334 759
334 829
334 830
334 854
334 856
334 888
334 902
334 908
334 915
334 926
334 935
334 936
336 474
336 575
336 637
336 670
336 672
336 704
336 730
336 757
336 792
336 862
336 916
336 930
337 633
337 708
337 797
338 355
338 382
338 523
338 585
338 610
338 612
338 614
338 622
338 651
338 718
338 783
338 810
338 886
339 535
339 639
339 683
339 707
339 712
339 736
339 789
339 831
339 838
339 919
339 929
339 974
340 385
340 418
340 541
340 646
340 770
340 804
341 410
341 487
341 516
341 534
341 547
341 604
341 608
341 764
341 813
341 833
341 971
341 975
342 429
342 715
342 748
342 769
342 772
342 841
342 870
342 907
342 946
342 953
342 955
343 649
343 654
343 657
343 677
343 787
343 805
343 840
343 850
343 873
343 878
343 890
343 894
343 909
344 654
344 689
344 737
344 787
344 794
344 805
344 836
344 840
344 873
344 878
344 890
344 894
344 909
345 423
345 466
345 478
345 493
345 531
345 578
345 616
345 693
345 724
345 726
345 801
345 853
350 392
350 558
350 596
350 645
350 735
350 849
350 883
350 887
350 889
350 895
350 934
350 951
350 973
351 439
351 475
351 481
351 502
351 552
351 601
351 636
351 684
351 713
351 714
351 949
352 824
352 901
352 927
352 941
352 947
352 960
352 967
352 969
352 977
352 980
352 981
352 982
352 984
353 985
353 986
353 987
353 990
353 991
353 992
353 993
353 994
353 995
353 996
353 997
353 998
353 999
354 368
354 446
354 464
354 536
354 543
354 703
354 722
354 785
354 837
354 879
355 382
355 523
355 585
355 610
355 612
355 614
355 622
355 651
355 718
355 783
355 810
355 886
356 546
356 625
356 806
356 829
356 830
356 854
356 856
356 888
356 902
356 908
356 915
356 926
356 935
356 936
357 455
357 488
357 534
357 547
357 604
357 608
357 764
357 813
357 833
357 971
357 975
358 485
358 615
358 624
358 626
358 692
358 740
358 744
358 793
358 798
358 815
358 820
358 823
358 844
358 852
359 535
359 598
359 683
359 707
359 712
359 736
359 789
359 831
359 838
359 919
359 929
359 974
360 559
360 597
360 731
360 753
360 829
360 830
360 856
360 888
360 902
360 908
360 915
360 926
360 935
360 936
361 362
361 628
361 661
361 727
361 763
361 782
361 809
361 861
361 885
361 910
361 921
361 933
361 942
361 943
362 577
362 582
362 613
362 755
362 771
362 802
362 869
362 885
362 910
362 921
362 933
362 942
362 943
363 818
363 824
363 901
363 927
363 941
363 947
363 960
363 967
363 969
363 977
363 980
363 981
363 982
363 984
364 413
364 491
364 588
364 605
364 623
364 671
364 738
364 760
364 762
364 892
364 913
364 966
365 985
365 986
365 987
365 989
365 990
365 991
365 992
365 993
365 994
365 995
365 996
365 997
365 998
365 999
366 452
366 545
366 621
366 627
366 688
366 814
366 970
367 485
367 615
367 624
367 626
367 692
367 740
367 744
367 793
367 798
367 815
367 820
367 823
367 844
367 852
368 379
368 386
368 446
368 451
368 464
368 536
368 543
368 703
368 722
368 785
368 837
368 879
369 533
369 540
369 564
369 571
369 630
369 716
369 819
369 835
369 847
369 859
372 985
372 986
372 987
372 989
372 990
372 991
372 992
372 993
372 994
372 995
372 996
372 997
372 998
372 999
373 619
373 631
373 687
373 694
373 734
373 786
373 826
373 832
373 857
373 880
373 979
374 445
374 555
374 580
374 592
374 668
374 690
374 822
374 827
374 863
374 876
374 884
374 922
376 388
376 527
376 613
376 747
376 755
376 763
376 782
376 807
376 869
376 885
376 921
376 933
376 942
376 943
378 471
378 629
378 653
378 686
378 741
378 766
378 790
378 874
378 883
378 889
378 934
378 944
378 973
379 386
379 446
379 464
379 473
379 536
379 543
379 703
379 722
379 785
379 837
379 879
380 384
380 545
380 621
380 627
380 688
380 814
380 970
381 496
381 537
381 563
381 576
381 642
381 674
381 860
381 931
381 940
381 972
382 523
382 585
382 610
382 612
382 614
382 622
382 651
382 718
382 783
382 810
382 886
384 452
384 545
384 621
384 627
384 688
384 814
384 970
385 418
385 646
385 770
385 804
386 446
386 464
386 473
386 536
386 543
386 703
386 722
386 785
386 837
386 879
387 985
387 986
387 987
387 989
387 990
387 991
387 992
387 993
387 994
387 995
387 996
387 997
387 998
387 999
388 663
388 679
388 747
388 755
388 807
388 861
388 910
388 921
388 933
388 942
388 943
389 392
389 471
389 645
389 766
389 775
389 849
389 868
389 887
389 895
389 934
389 944
389 951
389 973
390 540
390 564
390 589
390 630
390 716
390 819
390 835
390 847
390 859
391 427
391 521
391 598
391 639
391 683
391 736
391 789
391 831
391 838
391 919
391 929
391 974
392 401
392 606
392 617
392 665
392 741
392 868
392 887
392 889
392 895
392 914
392 934
392 973
393 530
393 653
393 686
393 874
393 883
393 887
393 889
393 895
393 934
393 944
393 951
393 973
395 423
395 456
395 478
395 493
395 531
395 578
395 616
395 693
395 724
395 726
395 801
395 853
397 538
397 619
397 631
397 634
397 687
397 734
397 786
397 826
397 832
397 857
397 880
397 979
398 429
398 660
398 715
398 732
398 748
398 841
398 870
398 907
398 946
398 953
398 955
399 556
399 649
399 689
399 737
399 794
399 805
399 836
399 840
399 850
399 873
399 878
399 890
399 894
399 909
401 554
401 629
401 665
401 698
401 775
401 790
401 843
401 849
401 868
401 874
401 889
401 951
401 973
402 985
402 986
402 987
402 989
402 990
402 991
402 992
402 993
402 994
402 995
402 996
402 997
402 998
402 999
403 583
403 773
403 799
403 817
403 848
403 900
403 924
403 928
403 932
403 939
403 948
403 959
403 968
404 459
404 583
404 602
404 746
404 799
404 848
404 900
404 924
404 928
404 932
404 939
404 948
404 959
404 968
405 513
405 689
405 706
405 737
405 787
405 794
405 805
405 840
405 850
405 873
405 878
405 890
405 894
405 909
407 468
407 498
407 512
407 561
407 587
407 664
407 678
407 680
407 705
407 719
407 751
407 864
407 875
407 965
408 816
408 824
408 901
408 927
408 941
408 947
408 960
408 967
408 969
408 977
408 980
408 981
408 982
408 984
409 816
409 824
409 901
409 927
409 941
409 947
409 960
409 967
409 969
409 977
409 980
409 981
409 982
409 984
410 488
410 516
410 534
410 547
410 604
410 608
410 764
410 813
410 833
410 971
410 975
411 577
411 661
411 747
411 763
411 782
411 802
411 807
411 869
411 885
411 910
411 921
411 933
411 942
411 943
412 433
412 444
412 479
412 717
412 828
413 491
413 548
413 588
413 623
413 671
413 760
413 762
413 768
413 892
413 913
413 966
414 499
414 526
414 603
414 681
414 691
414 788
414 811
414 896
414 918
414 1000
415 607
415 759
415 806
415 829
415 830
415 854
415 856
415 888
415 902
415 908
415 915
415 926
415 935
415 936
417 628
417 679
417 747
417 763
417 802
417 807
417 809
417 869
417 885
417 910
417 921
417 933
417 942
417 943
418 646
418 770
418 804
420 983
420 985
420 986
420 987
420 989
420 990
420 991
420 992
420 993
420 994
420 995
420 996
420 997
420 998
420 999
421 816
421 818
421 824
421 901
421 927
421 941
421 947
421 960
421 967
421 969
421 977
421 980
421 981
421 982
421 984
423 456
423 478
423 493
423 531
423 578
423 616
423 693
423 724
423 726
423 801
423 853
424 816
424 818
424 824
424 901
424 927
424 941
424 947
424 960
424 967
424 969
424 977
424 980
424 981
424 982
424 984
425 816
425 818
425 824
425 901
425 927
425 941
425 947
425 960
425 967
425 969
425 977
425 980
425 981
425 982
425 984
426 506
426 509
426 611
426 715
426 732
426 748
426 769
426 772
426 841
426 870
426 907
426 946
426 953
426 955
427 521
427 535
427 598
427 639
427 683
427 707
427 712
427 736
427 789
427 831
427 838
427 919
427 929
427 974
428 499
428 526
428 539
428 603
428 681
428 691
428 788
428 811
428 896
428 918
428 1000
429 467
429 715
429 769
429 772
429 841
429 870
429 907
429 946
429 953
429 955
430 597
430 625
430 729
430 753
430 829
430 830
430 854
430 856
430 888
430 902
430 908
430 915
430 926
430 935
430 936
432 522
432 537
432 563
432 569
432 618
432 641
432 674
432 860
432 931
432 940
432 972
433 444
433 479
433 717
433 828
434 458
434 470
434 520
434 635
434 647
434 709
434 725
434 742
434 778
434 912
434 988
435 443
435 491
435 588
435 605
435 671
435 738
435 760
435 762
435 768
435 892
435 913
435 966
437 528
437 567
437 620
437 673
437 696
437 699
437 710
437 800
437 845
437 846
437 867
437 893
437 897
438 457
438 521
438 598
438 639
438 683
438 707
438 712
438 736
438 789
438 831
438 838
438 919
438 929
438 974
439 475
439 481
439 502
439 552
439 601
439 636
439 684
439 713
439 714
439 949
441 496
441 522
441 569
441 576
441 618
441 641
441 860
441 931
441 940
441 972
442 816
442 818
442 824
442 901
442 927
442 941
442 947
442 960
442 967
442 969
442 977
442 980
442 981
442 982
442 984
443 491
443 548
443 605
443 623
443 671
443 760
443 768
443 892
443 913
443 966
444 479
444 717
444 828
445 555
445 580
445 592
445 668
445 690
445 822
445 827
445 863
445 876
445 884
445 922
446 451
446 473
446 543
446 703
446 722
446 785
446 837
446 879
447 483
447 497
447 541
447 581
447 685
447 750
447 758
448 524
448 667
448 702
448 773
448 799
448 817
448 848
448 900
448 924
448 928
448 932
448 939
448 948
448 959
448 968
449 482
449 528
449 550
449 567
449 696
449 710
449 779
449 845
449 846
449 867
449 893
449 897
450 816
450 818
450 824
450 901
450 927
450 941
450 947
450 960
450 967
450 969
450 977
450 980
450 981
450 982
450 984
451 464
451 473
451 536
451 543
451 703
451 722
451 785
451 837
451 879
452 545
452 621
452 627
452 688
452 814
452 970
453 467
453 509
453 660
453 732
453 748
453 769
453 772
453 907
453 946
453 953
453 955
454 474
454 544
454 575
454 637
454 640
454 670
454 672
454 704
454 730
454 757
454 792
454 862
454 916
454 930
455 488
455 516
455 534
455 547
455 604
455 608
455 764
455 813
455 833
455 971
455 975
456 466
456 493
456 531
456 578
456 616
456 693
456 724
456 726
456 801
456 853
457 521
457 535
457 598
457 639
457 683
457 707
457 712
457 736
457 789
457 831
457 838
457 919
457 929
457 974
458 470
458 520
458 635
458 647
458 709
458 725
458 742
458 778
458 912
458 988
459 501
459 573
459 667
459 773
459 799
459 817
459 848
459 924
459 932
459 939
459 948
459 959
459 968
460 555
460 580
460 592
460 668
460 690
460 822
460 827
460 863
460 876
460 884
460 922
461 602
461 695
461 728
461 746
461 773
461 799
461 817
461 900
461 928
461 932
461 939
461 948
461 959
461 968
464 473
464 536
464 543
464 703
464 722
464 785
464 837
464 879
466 478
466 493
466 531
466 578
466 616
466 693
466 724
466 726
466 801
466 853
467 495
467 611
467 660
467 769
467 772
467 870
467 907
467 946
467 953
467 955
468 517
468 557
468 561
468 570
468 587
468 678
468 680
468 705
468 719
468 751
468 864
468 875
468 965
470 520
470 635
470 647
470 709
470 725
470 742
470 778
470 912
470 988
471 530
471 558
471 698
471 741
471 766
471 775
471 868
471 874
471 887
471 889
471 895
471 914
471 951
471 973
473 536
473 543
473 703
473 722
473 785
473 837
473 879
474 480
474 544
474 575
474 640
474 670
474 672
474 704
474 730
474 757
474 792
474 862
474 916
474 930
475 481
475 502
475 552
475 601
475 636
475 684
475 713
475 714
475 949
476 482
476 550
476 567
476 620
476 673
476 696
476 699
476 710
476 800
476 845
476 846
476 867
476 893
476 897
477 596
477 629
477 643
477 735
477 741
477 843
477 868
477 874
477 883
477 889
477 895
477 914
477 934
477 944
477 951
478 493
478 531
478 578
478 616
478 693
478 724
478 726
478 801
478 853
479 717
479 828
480 544
480 575
480 637
480 640
480 670
480 672
480 704
480 730
480 757
480 792
480 862
480 916
480 930
481 502
481 552
481 601
481 636
481 684
481 713
481 714
481 949
482 528
482 567
482 644
482 673
482 696
482 699
482 710
482 800
482 845
482 846
482 867
482 893
482 897
483 497
483 541
483 581
483 685
483 750
483 758
485 615
485 624
485 626
485 692
485 740
485 744
485 793
485 798
485 815
485 820
485 823
485 844
485 852
487 488
487 534
487 604
487 608
487 764
487 813
487 833
487 971
487 975
488 516
488 534
488 604
488 608
488 764
488 813
488 833
488 971
488 975
491 548
491 588
491 605
491 623
491 738
491 762
491 768
491 892
491 913
491 966
492 501
492 583
492 602
492 695
492 702
492 799
492 817
492 848
492 900
492 924
492 928
492 932
492 939
492 948
492 959
492 968
493 531
493 578
493 616
493 693
493 724
493 726
493 801
493 853
495 509
495 660
495 732
495 748
495 769
495 772
495 870
495 907
495 946
495 953
495 955
496 537
496 563
496 576
496 586
496 641
496 642
496 674
496 860
496 931
496 940
496 972
497 541
497 581
497 685
497 750
497 758
498 512
498 517
498 557
498 561
498 570
498 587
498 664
498 678
498 680
498 705
498 719
498 751
498 864
498 875
498 965
499 539
499 603
499 691
499 788
499 811
499 896
499 918
499 1000
501 728
501 746
501 773
501 817
501 848
501 900
501 924
501 928
501 932
501 939
501 948
501 959
501 968
502 552
502 601
502 636
502 684
502 713
502 714
502 949
503 546
503 729
503 731
503 753
503 759
503 806
503 830
503 854
503 856
503 888
503 902
503 908
503 915
503 926
503 935
503 936
504 978
504 983
504 985
504 986
504 987
504 989
504 990
504 991
504 992
504 993
504 994
504 995
504 996
504 997
504 998
504 999
505 600
505 665
505 686
505 735
505 741
505 775
505 868
505 883
505 889
505 895
505 914
505 934
505 944
505 951
505 973
506 509
506 748
506 769
506 772
506 841
506 870
506 907
506 946
506 953
506 955
508 577
508 663
508 679
508 755
508 763
508 802
508 809
508 861
508 869
508 885
508 910
508 921
508 933
508 942
508 943
509 660
509 732
509 748
509 769
509 841
509 870
509 907
509 946
509 953
509 955
511 781
511 816
511 818
511 824
511 901
511 927
511 941
511 947
511 960
511 967
511 969
511 977
511 980
511 981
511 982
511 984
512 557
512 561
512 570
512 587
512 664
512 678
512 705
512 719
512 751
512 864
512 875
512 965
513 677
513 689
513 706
513 737
513 787
513 794
513 805
513 836
513 840
513 850
513 873
513 878
513 890
513 894
513 909
515 525
515 596
515 606
515 643
515 653
515 686
515 698
515 766
515 887
515 889
515 914
515 934
515 944
515 951
515 973
516 534
516 547
516 608
516 764
516 813
516 833
516 971
516 975
517 557
517 561
517 570
517 587
517 664
517 678
517 680
517 705
517 719
517 751
517 864
517 875
517 965
520 635
520 647
520 709
520 725
520 742
520 778
520 912
520 988
521 535
521 598
521 639
521 683
521 707
521 712
521 736
521 789
521 831
521 838
521 919
521 929
521 974
522 537
522 563
522 569
522 576
522 586
522 618
522 641
522 860
522 931
522 940
522 972
523 585
523 610
523 612
523 614
523 622
523 651
523 718
523 783
523 810
523 886
524 695
524 702
524 728
524 746
524 799
524 848
524 900
524 924
524 928
524 932
524 939
524 948
524 959
524 968
525 554
525 643
525 645
525 686
525 698
525 741
525 849
525 874
525 883
525 887
525 889
525 895
525 934
525 944
525 951
526 539
526 603
526 681
526 691
526 788
526 811
526 896
526 918
526 1000
527 582
527 628
527 661
527 727
527 747
527 755
527 782
527 802
527 807
527 861
527 869
527 910
527 921
527 933
527 942
527 943
528 550
528 644
528 673
528 696
528 699
528 779
528 800
528 845
528 846
528 867
528 893
528 897
530 554
530 617
530 665
530 735
530 790
530 843
530 849
530 883
530 887
530 889
530 934
530 944
530 973
531 578
531 616
531 693
531 724
531 726
531 801
531 853
533 571
533 572
533 589
533 716
533 819
533 835
533 847
533 859
534 547
534 604
534 764
534 813
534 833
534 971
534 975
535 598
535 639
535 683
535 707
535 712
535 736
535 789
535 831
535 838
535 919
535 929
535 974
536 543
536 703
536 722
536 785
536 837
536 879
537 576
537 586
537 618
537 642
537 674
537 860
537 931
537 940
537 972
538 584
538 631
538 634
538 687
538 694
538 734
538 786
538 826
538 832
538 857
538 880
538 979
539 603
539 681
539 691
539 788
539 811
539 896
539 918
539 1000
540 564
540 571
540 589
540 630
540 716
540 819
540 835
540 847
540 859
541 581
541 685
541 750
541 758
543 703
543 722
543 785
543 837
543 879
544 637
544 640
544 670
544 672
544 704
544 730
544 757
544 792
544 862
544 916
544 930
545 621
545 627
545 688
545 814
545 970
546 729
546 731
546 753
546 806
546 829
546 830
546 854
546 856
546 888
546 902
546 908
546 915
546 926
546 935
546 936
547 604
547 608
547 764
547 813
547 833
547 971
547 975
548 588
548 605
548 623
548 738
548 760
548 762
548 892
548 913
548 966
550 644
550 673
550 696
550 699
550 710
550 779
550 845
550 846
550 867
550 893
550 897
552 601
552 636
552 684
552 713
552 714
552 949
554 558
554 741
554 766
554 775
554 849
554 874
554 889
554 895
554 914
554 934
554 944
554 951
554 973
555 580
555 592
555 668
555 690
555 822
555 827
555 863
555 876
555 884
555 922
556 649
556 654
556 657
556 677
556 706
556 737
556 787
556 794
556 805
556 836
556 840
556 850
556 873
556 878
556 890
556 894
556 909
557 561
557 570
557 664
557 678
557 680
557 705
557 719
557 751
557 864
557 875
557 965
558 596
558 600
558 617
558 643
558 741
558 766
558 843
558 849
558 874
558 887
558 914
558 934
558 944
558 951
558 973
559 568
559 625
559 731
559 753
559 759
559 806
559 829
559 830
559 854
559 856
559 888
559 902
559 908
559 915
559 926
559 935
559 936
561 587
561 664
561 678
561 680
561 705
561 719
561 751
561 864
561 875
561 965
563 569
563 576
563 586
563 618
563 641
563 642
563 860
563 931
563 940
563 972
564 571
564 630
564 716
564 819
564 835
564 847
564 859
567 620
567 696
567 699
567 710
567 779
567 800
567 845
567 846
567 867
567 893
567 897
568 625
568 729
568 731
568 753
568 759
568 806
568 829
568 830
568 854
568 856
568 888
568 902
568 908
568 915
568 926
568 935
568 936
569 576
569 586
569 618
569 641
569 642
569 674
569 860
569 931
569 940
569 972
570 587
570 664
570 678
570 680
570 705
570 719
570 751
570 864
570 875
570 965
571 572
571 630
571 716
571 819
571 835
571 847
571 859
572 589
572 630
572 716
572 819
572 835
572 847
572 859
573 583
573 602
573 695
573 728
573 773
573 799
573 817
573 848
573 924
573 928
573 932
573 939
573 948
573 959
573 968
575 637
575 640
575 670
575 672
575 704
575 730
575 757
575 792
575 862
575 916
575 930
576 586
576 641
576 860
576 931
576 940
576 972
577 582
577 628
577 679
577 727
577 782
577 809
577 861
577 869
577 885
577 910
577 921
577 933
577 942
577 943
578 616
578 693
578 724
578 726
578 801
578 853
580 592
580 668
580 690
580 822
580 827
580 863
580 876
580 884
580 922
581 685
581 750
581 758
582 638
582 663
582 679
582 747
582 763
582 771
582 861
582 869
582 885
582 910
582 921
582 933
582 942
582 943
583 667
583 695
583 728
583 746
583 799
583 817
583 848
583 928
583 932
583 939
583 948
583 959
583 968
584 619
584 631
584 634
584 687
584 694
584 734
584 786
584 826
584 832
584 857
584 880
584 979
585 610
585 612
585 614
585 622
585 651
585 718
585 783
585 810
585 886
586 618
586 642
586 674
586 860
586 931
586 940
586 972
587 664
587 678
587 680
587 705
587 719
587 751
587 864
587 875
587 965
588 623
588 738
588 760
588 892
588 913
588 966
589 630
589 716
589 819
589 835
589 847
589 859
590 745
590 761
590 781
590 816
590 818
590 824
590 901
590 927
590 941
590 947
590 960
590 967
590 969
590 977
590 980
590 981
590 982
590 984
592 668
592 690
592 822
592 827
592 863
592 876
592 884
592 922
593 950
593 952
593 962
593 978
593 983
593 985
593 986
593 987
593 989
593 990
593 991
593 992
593 993
593 994
593 995
593 996
593 997
593 998
593 999
594 950
594 952
594 962
594 978
594 983
594 985
594 986
594 987
594 989
594 990
594 991
594 992
594 993
594 994
594 995
594 996
594 997
594 998
594 999
596 600
596 645
596 665
596 735
596 790
596 843
596 849
596 874
596 883
596 887
596 914
596 944
596 951
596 973
597 607
597 625
597 729
597 753
597 759
597 806
597 829
597 830
597 854
597 856
597 888
597 902
597 908
597 915
597 926
597 935
597 936
598 639
598 683
598 707
598 712
598 736
598 789
598 831
598 838
598 919
598 929
598 974
600 665
600 735
600 766
600 775
600 790
600 849
600 868
600 874
600 887
600 914
600 934
600 944
600 951
600 973
601 636
601 684
601 713
601 714
601 949
602 695
602 702
602 746
602 773
602 799
602 848
602 900
602 924
602 928
602 932
602 939
602 948
602 959
602 968
603 681
603 691
603 788
603 811
603 896
603 918
603 1000
604 608
604 764
604 813
604 833
604 971
604 975
605 623
605 671
605 738
605 760
605 762
605 768
605 892
605 913
605 966
606 617
606 629
606 665
606 741
606 790
606 843
606 849
606 868
606 874
606 883
606 887
606 889
606 914
606 944
606 973
607 729
607 731
607 753
607 759
607 806
607 829
607 830
607 854
607 856
607 888
607 902
607 908
607 915
607 926
607 935
607 936
608 764
608 813
608 833
608 971
608 975
609 950
609 952
609 962
609 978
609 983
609 985
609 986
609 987
609 989
609 990
609 991
609 992
609 993
609 994
609 995
609 996
609 997
609 998
609 999
610 612
610 614
610 622
610 651
610 718
610 783
610 810
610 886
611 660
611 715
611 732
611 748
611 769
611 772
611 841
611 870
611 907
611 946
611 953
611 955
612 614
612 622
612 651
612 718
612 783
612 810
612 886
613 755
613 763
613 771
613 782
613 802
613 807
613 809
613 861
613 869
613 885
613 910
613 921
613 933
613 942
613 943
614 622
614 651
614 718
614 783
614 810
614 886
615 624
615 626
615 692
615 740
615 744
615 793
615 798
615 815
615 820
615 823
615 844
615 852
616 693
616 724
616 726
616 801
616 853
617 629
617 643
617 653
617 686
617 698
617 775
617 843
617 849
617 868
617 874
617 895
617 914
617 934
617 951
617 973
618 641
618 642
618 674
618 860
618 931
618 940
618 972
619 631
619 634
619 687
619 734
619 786
619 826
619 832
619 857
619 880
619 979
620 644
620 673
620 696
620 699
620 710
620 779
620 800
620 845
620 846
620 867
620 893
620 897
621 627
621 688
621 814
621 970
622 651
622 718
622 783
622 810
622 886
623 671
623 738
623 762
623 768
623 892
623 913
623 966
624 626
624 692
624 740
624 744
624 793
624 798
624 815
624 820
624 823
624 844
624 852
625 729
625 753
625 759
625 806
625 829
625 830
625 854
625 856
625 888
625 902
625 908
625 915
625 926
625 935
625 936
626 692
626 740
626 744
626 793
626 798
626 815
626 820
626 823
626 844
626 852
627 688
627 814
627 970
628 638
628 661
628 679
628 755
628 763
628 771
628 802
628 807
628 809
628 861
628 869
628 910
628 921
628 933
628 942
628 943
629 686
629 698
629 735
629 741
629 766
629 775
629 874
629 883
629 889
629 895
629 914
629 934
629 944
629 951
629 973
630 716
630 819
630 835
630 847
630 859
631 634
631 687
631 694
631 734
631 786
631 826
631 832
631 857
631 880
631 979
633 708
633 797
634 687
634 694
634 734
634 786
634 826
634 832
634 857
634 880
634 979
635 647
635 709
635 725
635 742
635 778
635 912
635 988
636 684
636 713
636 714
636 949
637 640
637 670
637 672
637 704
637 730
637 757
637 792
637 862
637 916
637 930
638 747
638 755
638 763
638 771
638 782
638 802
638 807
638 861
638 885
638 910
638 921
638 933
638 942
638 943
639 683
639 707
639 712
639 736
639 789
639 831
639 838
639 919
639 929
639 974
640 670
640 672
640 704
640 730
640 757
640 792
640 862
640 916
640 930
641 642
641 674
641 860
641 931
641 940
641 972
642 674
642 860
642 931
642 940
642 972
643 645
643 653
643 790
643 843
643 849
643 868
643 883
643 887
643 889
643 895
643 914
643 934
643 944
643 951
644 673
644 696
644 699
644 710
644 779
644 800
644 845
644 846
644 867
644 893
644 897
645 698
645 741
645 775
645 790
645 843
645 849
645 868
645 874
645 887
645 889
645 895
645 914
645 944
645 951
645 973
646 770
646 804
647 709
647 725
647 742
647 778
647 912
647 988
649 657
649 677
649 689
649 706
649 737
649 787
649 794
649 805
649 836
649 840
649 850
649 873
649 878
649 890
649 894
649 909
651 718
651 783
651 810
651 886
653 665
653 741
653 766
653 775
653 843
653 849
653 868
653 874
653 883
653 887
653 895
653 914
653 934
653 944
653 951
653 973
654 657
654 677
654 689
654 706
654 737
654 787
654 794
654 805
654 836
654 840
654 850
654 873
654 878
654 890
654 894
654 909
657 677
657 689
657 706
657 737
657 787
657 794
657 805
657 836
657 840
657 850
657 873
657 878
657 890
657 894
657 909
660 769
660 772
660 841
660 870
660 907
660 946
660 953
660 955
661 679
661 727
661 755
661 771
661 782
661 802
661 807
661 809
661 861
661 885
661 910
661 921
661 933
661 942
661 943
662 842
662 855
662 950
662 952
662 962
662 978
662 983
662 985
662 986
662 987
662 989
662 990
662 991
662 992
662 993
662 994
662 995
662 996
662 997
662 998
662 999
663 727
663 747
663 755
663 763
663 771
663 802
663 807
663 809
663 861
663 869
663 885
663 910
663 921
663 933
663 942
663 943
664 678
664 680
664 705
664 719
664 751
664 864
664 875
664 965
665 735
665 766
665 790
665 843
665 874
665 883
665 887
665 914
665 934
665 944
665 951
665 973
667 695
667 702
667 728
667 746
667 773
667 817
667 848
667 900
667 924
667 928
667 932
667 939
667 948
667 959
667 968
668 690
668 822
668 827
668 863
668 876
668 884
668 922
670 672
670 704
670 730
670 757
670 792
670 862
670 916
670 930
671 738
671 760
671 762
671 768
671 892
671 913
671 966
672 704
672 730
672 757
672 792
672 862
672 916
672 930
673 696
673 699
673 710
673 779
673 800
673 845
673 846
673 867
673 893
673 897
674 860
674 931
674 940
674 972
677 689
677 706
677 737
677 787
677 794
677 805
677 836
677 840
677 850
677 873
677 878
677 890
677 894
677 909
678 680
678 705
678 719
678 751
678 864
678 875
678 965
679 727
679 747
679 755
679 771
679 807
679 861
679 869
679 885
679 910
679 921
679 933
679 942
679 943
680 705
680 719
680 751
680 864
680 875
680 965
681 691
681 788
681 811
681 896
681 918
681 1000
683 707
683 712
683 736
683 789
683 831
683 838
683 919
683 929
683 974
684 713
684 714
684 949
685 750
685 758
686 698
686 735
686 741
686 766
686 775
686 843
686 868
686 883
686 887
686 895
686 944
686 973
687 694
687 734
687 786
687 826
687 832
687 857
687 880
687 979
688 814
688 970
689 706
689 737
689 787
689 794
689 805
689 836
689 840
689 850
689 873
689 878
689 890
689 894
689 909
690 822
690 827
690 863
690 876
690 884
690 922
691 788
691 811
691 896
691 918
691 1000
692 740
692 744
692 793
692 798
692 815
692 820
692 823
692 844
692 852
693 724
693 726
693 801
693 853
694 734
694 786
694 826
694 832
694 857
694 880
694 979
695 702
695 728
695 746
695 773
695 848
695 900
695 924
695 928
695 932
695 939
695 948
695 959
695 968
696 699
696 779
696 800
696 845
696 846
696 867
696 893
696 897
697 780
697 842
697 855
697 950
697 952
697 962
697 978
697 983
697 985
697 986
697 987
697 989
697 990
697 991
697 992
697 993
697 994
697 995
697 996
697 997
697 998
697 999
698 766
698 775
698 843
698 849
698 874
698 887
698 895
698 914
698 934
698 944
698 951
699 710
699 779
699 800
699 845
699 846
699 867
699 893
699 897
702 728
702 746
702 799
702 817
702 848
702 900
702 924
702 928
702 932
702 939
702 948
702 959
702 968
703 722
703 785
703 837
703 879
703 929
704 730
704 757
704 792
704 862
704 916
704 930
705 719
705 751
705 864
705 875
705 965
706 737
706 794
706 805
706 836
706 840
706 850
706 873
706 878
706 890
706 894
706 909
707 712
707 736
707 789
707 831
707 838
707 919
707 929
707 974
708 797
709 725
709 742
709 778
709 912
709 988
710 779
710 800
710 845
710 846
710 867
710 893
710 897
712 736
712 789
712 831
712 838
712 919
712 929
712 974
713 714
713 949
714 949
715 732
715 748
715 769
715 772
715 841
715 870
715 907
715 946
715 953
715 955
716 819
716 835
716 847
716 859
717 828
718 783
718 810
718 886
719 751
719 864
719 875
719 965
720 752
722 785
722 837
722 879
723 777
723 795
723 842
723 855
723 950
723 952
723 962
723 978
723 983
723 985
723 986
723 987
723 989
723 990
723 991
723 992
723 993
723 994
723 995
723 996
723 997
723 998
723 999
724 726
724 801
724 853
725 742
725 778
725 912
725 988
726 801
726 853
727 747
727 755
727 763
727 771
727 782
727 802
727 809
727 861
727 869
727 885
727 910
727 921
727 933
727 942
727 943
728 746
728 817
728 848
728 900
728 924
728 928
728 932
728 939
728 948
728 959
728 968
729 731
729 753
729 759
729 806
729 829
729 830
729 854
729 856
729 888
729 902
729 908
729 915
729 926
729 935
729 936
730 757
730 792
730 862
730 916
730 930
731 753
731 759
731 806
731 829
731 830
731 854
731 856
731 888
731 902
731 908
731 915
731 926
731 935
731 936
732 769
732 772
732 841
732 870
732 907
732 946
732 953
732 955
733 777
733 780
733 795
733 842
733 855
733 950
733 952
733 962
733 978
733 983
733 985
733 986
733 987
733 989
733 990
733 991
733 992
733 993
733 994
733 995
733 996
733 997
733 998
733 999
734 786
734 826
734 832
734 857
734 880
734 979
735 741
735 775
735 849
735 868
735 874
735 883
735 889
735 895
735 914
735 944
735 951
735 973
736 789
736 831
736 838
736 919
736 929
736 974
737 787
737 794
737 805
737 836
737 840
737 850
737 873
737 878
737 890
737 894
737 909
738 760
738 762
738 768
738 892
738 913
738 966
739 961
740 744
740 793
740 798
740 815
740 820
740 823
740 844
740 852
741 790
741 843
741 849
741 868
741 874
741 887
741 889
741 914
741 951
741 973
742 778
742 912
742 988
744 793
744 798
744 815
744 820
744 823
744 844
744 852
745 761
745 781
745 816
745 818
745 824
745 901
745 927
745 941
745 947
745 960
745 967
745 969
745 977
745 980
745 981
745 982
745 984
746 773
746 799
746 817
746 848
746 900
746 924
746 928
746 932
746 939
746 948
746 959
746 968
747 763
747 771
747 802
747 809
747 861
747 869
747 885
747 910
747 921
747 933
747 942
747 943
748 769
748 772
748 841
748 870
748 907
748 946
748 953
748 955
750 758
751 864
751 875
751 965
753 759
753 806
753 829
753 830
753 854
753 856
753 888
753 902
753 908
753 915
753 926
753 935
753 936
755 771
755 782
755 802
755 807
755 809
755 861
755 910
755 933
755 942
755 943
756 777
756 780
756 795
756 842
756 855
756 950
756 952
756 962
756 978
756 983
756 985
756 986
756 987
756 989
756 990
756 991
756 992
756 993
756 994
756 995
756 996
756 997
756 998
756 999
757 792
757 862
757 916
757 930
759 806
759 829
759 830
759 854
759 856
759 888
759 902
759 908
759 915
759 926
759 935
759 936
760 762
760 768
760 892
760 913
760 966
761 781
761 816
761 818
761 824
761 901
761 927
761 941
761 947
761 960
761 967
761 969
761 977
761 980
761 981
761 982
761 984
762 768
762 892
762 913
762 966
763 771
763 782
763 807
763 809
763 869
763 885
763 910
763 921
763 933
763 942
763 943
764 813
764 833
764 971
764 975
766 775
766 843
766 849
766 868
766 874
766 887
766 895
766 934
766 944
766 951
766 973
768 892
768 913
768 966
769 772
769 841
769 870
769 907
769 946
769 953
769 955
770 804
771 782
771 802
771 807
771 809
771 861
771 869
771 885
771 910
771 933
771 942
771 943
772 841
772 870
772 907
772 946
772 953
772 955
773 799
773 817
773 848
773 924
773 928
773 939
773 948
773 959
773 968
775 790
775 843
775 849
775 868
775 874
775 883
775 895
775 914
775 934
775 944
775 973
777 780
777 795
777 842
777 855
777 950
777 952
777 962
777 978
777 983
777 985
777 986
777 987
777 989
777 990
777 991
777 992
777 993
777 994
777 995
777 996
777 997
777 998
777 999
778 912
778 988
779 800
779 845
779 846
779 867
779 893
779 897
780 795
780 842
780 855
780 950
780 952
780 962
780 978
780 983
780 985
780 986
780 987
780 989
780 990
780 991
780 992
780 993
780 994
780 995
780 996
780 997
780 998
780 999
781 816
781 818
781 824
781 901
781 927
781 941
781 947
781 960
781 967
781 969
781 977
781 980
781 981
781 982
781 984
782 802
782 807
782 861
782 869
782 885
782 910
782 921
782 933
782 942
782 943
783 810
783 886
785 837
785 879
786 826
786 832
786 857
786 880
786 979
787 794
787 805
787 836
787 840
787 850
787 873
787 878
787 890
787 894
787 909
788 811
788 896
788 918
788 1000
789 831
789 838
789 919
789 929
789 974
790 843
790 849
790 868
790 874
790 887
790 889
790 895
790 934
790 944
790 951
790 973
792 862
792 916
792 930
793 798
793 815
793 820
793 823
793 844
793 852
794 805
794 836
794 840
794 850
794 873
794 878
794 890
794 894
794 909
795 842
795 855
795 950
795 952
795 962
795 978
795 983
795 985
795 986
795 987
795 989
795 990
795 991
795 992
795 993
795 994
795 995
795 996
795 997
795 998
795 999
798 815
798 820
798 823
798 844
798 852
799 817
799 848
799 900
799 924
799 928
799 932
799 939
799 948
799 959
799 968
800 845
800 846
800 867
800 893
800 897
801 853
802 807
802 809
802 869
802 910
802 921
802 933
802 942
802 943
805 836
805 840
805 850
805 873
805 878
805 890
805 894
805 909
806 829
806 830
806 854
806 856
806 888
806 902
806 908
806 915
806 926
806 935
806 936
807 809
807 869
807 885
807 910
807 921
807 933
807 942
807 943
809 861
809 869
809 885
809 910
809 921
809 933
809 942
809 943
810 886
811 896
811 918
811 1000
813 833
813 971
813 975
814 970
815 820
815 823
815 844
815 852
816 818
816 824
816 901
816 927
816 941
816 947
816 960
816 967
816 969
816 977
816 980
816 981
816 982
816 984
817 848
817 900
817 924
817 928
817 932
817 939
817 948
817 959
817 968
818 824
818 901
818 927
818 941
818 947
818 960
818 967
818 969
818 977
818 980
818 981
818 982
818 984
819 835
819 847
819 859
820 823
820 844
820 852
822 827
822 863
822 876
822 884
822 922
823 844
823 852
824 901
824 927
824 941
824 947
824 960
824 967
824 969
824 977
824 980
824 981
824 982
824 984
826 832
826 857
826 880
826 979
827 863
827 876
827 884
827 922
829 830
829 854
829 856
829 888
829 902
829 908
829 915
829 926
829 935
829 936
830 854
830 856
830 888
830 902
830 908
830 915
830 926
830 935
830 936
831 838
831 919
831 929
831 974
832 857
832 880
832 979
833 971
833 975
835 847
835 859
836 840
836 850
836 873
836 878
836 890
836 894
836 909
837 879
838 919
838 929
838 974
840 850
840 873
840 878
840 890
840 894
840 909
841 870
841 907
841 946
841 953
841 955
842 855
842 950
842 952
842 962
842 978
842 983
842 985
842 986
842 987
842 989
842 990
842 991
842 992
842 993
842 994
842 995
842 996
842 997
842 998
842 999
843 868
843 874
843 883
843 887
843 889
843 895
843 914
843 934
843 944
843 951
843 973
844 852
845 846
845 867
845 893
845 897
846 867
846 893
846 897
847 859
848 900
848 924
848 928
848 932
848 939
848 948
848 959
848 968
849 868
849 874
849 883
849 889
849 895
849 934
849 944
849 951
850 873
850 878
850 890
850 894
850 909
854 856
854 888
854 902
854 908
854 915
854 926
854 935
854 936
855 950
855 952
855 962
855 978
855 983
855 985
855 986
855 987
855 989
855 990
855 991
855 992
855 993
855 994
855 995
855 996
855 997
855 998
855 999
856 888
856 902
856 908
856 915
856 926
856 935
856 936
857 880
857 979
860 931
860 940
860 972
861 869
861 885
861 910
861 921
861 933
861 942
861 943
862 916
862 930
863 876
863 884
863 922
864 875
864 965
867 893
867 897
868 874
868 883
868 889
868 895
868 914
868 934
868 944
868 951
868 973
869 885
869 910
869 921
869 933
869 942
869 943
870 907
870 946
870 953
870 955
873 878
873 890
873 894
873 909
874 883
874 889
874 914
874 934
874 944
874 973
875 965
876 884
876 922
878 890
878 894
878 909
880 979
883 887
883 889
883 895
883 914
883 934
883 944
883 951
883 973
884 922
885 910
885 921
885 933
885 942
885 943
887 895
887 914
887 934
887 944
887 951
887 973
888 902
888 908
888 915
888 926
888 935
888 936
889 895
889 934
889 944
889 951
889 973
890 894
890 909
892 913
892 966
893 897
894 909
895 914
895 944
895 951
895 973
896 918
896 1000
900 924
900 928
900 932
900 939
900 948
900 959
900 968
901 927
901 941
901 947
901 960
901 967
901 969
901 977
901 980
901 981
901 982
901 984
902 908
902 915
902 926
902 935
902 936
907 946
907 953
907 955
908 915
908 926
908 935
908 936
910 921
910 933
910 942
910 943
912 988
913 966
914 934
914 944
914 951
914 973
915 926
915 935
915 936
916 930
918 1000
919 929
919 974
921 933
921 942
921 943
924 928
924 932
924 939
924 948
924 959
924 968
926 935
926 936
927 941
927 947
927 960
927 967
927 969
927 977
927 980
927 981
927 982
927 984
928 932
928 939
928 948
928 959
928 968
929 974
931 940
931 972
932 939
932 948
932 959
932 968
933 942
933 943
934 944
934 951
934 973
935 936
939 948
939 959
939 968
940 972
941 947
941 960
941 967
941 969
941 977
941 980
941 981
941 982
941 984
942 943
944 951
944 973
946 953
946 955
947 960
947 967
947 969
947 977
947 980
947 981
947 982
947 984
948 959
948 968
950 952
950 962
950 978
950 983
950 985
950 986
950 987
950 989
950 990
950 991
950 992
950 993
950 994
950 995
950 996
950 997
950 998
950 999
951 973
952 962
952 978
952 983
952 985
952 986
952 987
952 989
952 990
952 991
952 992
952 993
952 994
952 995
952 996
952 997
952 998
952 999
953 955
959 968
960 967
960 969
960 977
960 980
960 981
960 982
960 984
962 978
962 983
962 985
962 986
962 987
962 989
962 990
962 991
962 992
962 993
962 994
962 995
962 996
962 997
962 998
962 999
967 969
967 977
967 980
967 981
967 982
967 984
969 977
969 980
969 981
969 982
969 984
971 975
977 980
977 981
977 982
977 984
978 983
978 985
978 986
978 987
978 989
978 990
978 991
978 992
978 993
978 994
978 995
978 996
978 997
978 998
978 999
980 981
980 982
980 984
981 982
981 984
982 984
983 985
983 986
983 987
983 989
983 990
983 991
983 992
983 993
983 994
983 995
983 996
983 997
983 998
983 999
985 986
985 987
985 989
985 990
985 991
985 992
985 993
985 994
985 995
985 996
985 997
985 998
985 999
986 987
986 989
986 990
986 991
986 992
986 993
986 994
986 995
986 996
986 997
986 998
986 999
987 989
987 990
987 991
987 992
987 993
987 994
987 995
987 996
987 997
987 998
987 999
989 990
989 991
989 992
989 993
989 994
989 995
989 996
989 997
989 998
989 999
990 991
990 992
990 993
990 994
990 995
990 996
990 997
990 998
990 999
991 992
991 993
991 994
991 995
991 996
991 997
991 998
991 999
992 993
992 994
992 995
992 996
992 997
992 998
992 999
993 994
993 995
993 996
993 997
993 998
993 999
994 995
994 996
994 997
994 998
994 999
995 996
995 997
995 998
995 999
996 997
996 998
996 999
997 998
997 999
998 999
