1 165
1 301
3 266
3 384
3 545
3 621
3 627
3 672
3 684
3 688
3 814
3 970
4 376
4 508
4 771
4 772
4 809
4 861
4 921
4 933
4 942
4 943
5 193
5 594
5 635
5 647
5 709
5 725
5 742
5 778
5 792
5 912
6 613
6 747
6 782
6 802
6 809
6 910
6 921
6 933
6 942
6 943
8 432
8 447
8 497
8 541
8 581
8 660
8 664
8 685
8 758
8 828
9 187
9 213
9 228
9 331
9 720
9 750
9 1000
11 901
11 927
11 941
11 960
11 969
11 977
11 980
11 981
11 984
11 988
12 689
12 737
12 787
12 805
12 836
12 850
12 873
12 878
12 890
12 894
13 251
13 379
13 451
13 473
13 543
13 695
13 703
13 722
13 837
13 892
15 365
15 560
15 693
15 723
15 734
15 785
15 808
15 838
15 885
15 888
16 501
16 667
16 817
16 848
16 900
16 924
16 932
16 939
16 948
16 959
18 64
18 444
18 717
19 162
19 340
19 432
19 497
19 541
19 660
19 664
19 685
19 758
19 828
20 737
20 787
20 794
20 805
20 836
20 850
20 873
20 878
20 890
20 894
21 48
21 131
21 276
21 277
21 324
21 633
21 708
21 731
21 797
21 947
22 113
22 520
22 572
22 657
22 821
22 875
22 898
22 909
22 928
22 934
23 62
23 134
23 487
23 519
23 567
23 589
23 592
23 636
23 698
23 711
24 468
24 517
24 680
24 704
24 705
24 714
24 719
24 751
24 864
24 965
25 180
25 546
25 830
25 854
25 902
25 908
25 915
25 926
25 935
25 936
26 181
26 234
26 237
26 284
26 298
26 418
26 461
26 475
26 646
26 804
27 295
27 319
27 333
27 341
27 567
27 589
27 592
27 636
27 698
27 711
28 286
28 583
28 799
28 817
28 900
28 924
28 932
28 939
28 948
28 959
30 179
30 271
30 396
30 499
30 571
30 599
30 677
30 810
30 855
30 967
31 247
31 329
31 531
31 715
31 769
31 870
31 907
31 946
31 953
31 955
32 737
32 787
32 794
32 805
32 836
32 850
32 873
32 878
32 890
32 894
33 689
33 787
33 794
33 805
33 836
33 850
33 873
33 878
33 890
33 894
36 434
36 594
36 635
36 647
36 709
36 725
36 742
36 778
36 792
36 912
38 434
38 594
38 635
38 647
38 709
38 725
38 742
38 778
38 792
38 912
39 829
39 830
39 854
39 856
39 902
39 908
39 915
39 926
39 935
39 936
42 649
42 787
42 794
42 805
42 836
42 850
42 873
42 878
42 890
42 894
47 354
47 386
47 446
47 451
47 464
47 695
47 703
47 722
47 837
47 892
48 97
48 117
48 184
48 276
48 633
48 708
48 731
48 797
48 947
50 296
50 580
50 687
50 694
50 786
50 826
50 832
50 857
50 880
50 979
51 523
51 610
51 612
51 614
51 622
51 651
51 718
51 752
51 783
51 886
52 737
52 787
52 794
52 805
52 836
52 850
52 873
52 878
52 890
52 894
53 585
53 607
53 693
53 723
53 734
53 785
53 808
53 838
53 885
53 888
54 224
54 443
54 491
54 588
54 605
54 623
54 738
54 768
54 913
54 966
55 71
55 432
55 447
55 541
55 581
55 660
55 664
55 685
55 758
55 828
56 501
56 728
56 799
56 848
56 900
56 924
56 932
56 939
56 948
56 959
57 385
57 583
57 746
57 773
57 900
57 924
57 932
57 939
57 948
57 959
59 457
59 520
59 563
59 657
59 821
59 875
59 898
59 909
59 928
59 934
62 124
62 487
62 567
62 589
62 592
62 636
62 698
62 711
63 467
63 495
63 732
63 748
63 769
63 841
63 907
63 946
63 953
63 955
64 444
64 717
65 380
65 384
65 452
65 621
65 627
65 672
65 684
65 688
65 814
65 970
66 590
66 927
66 941
66 960
66 969
66 977
66 980
66 981
66 984
66 988
67 560
67 693
67 723
67 734
67 785
67 808
67 838
67 885
67 888
68 594
68 635
68 647
68 709
68 725
68 742
68 778
68 792
68 912
69 729
69 829
69 856
69 902
69 908
69 915
69 926
69 935
69 936
70 156
70 183
70 414
70 526
70 603
70 681
70 691
70 788
70 896
70 918
71 280
71 497
71 541
71 581
71 660
71 664
71 685
71 758
71 828
75 114
75 333
75 487
75 519
75 567
75 589
75 592
75 636
75 698
75 711
76 247
76 426
76 611
76 748
76 806
76 841
76 907
76 946
76 953
76 955
77 85
77 140
77 246
77 491
77 588
77 623
77 738
77 768
77 913
77 966
79 364
79 435
79 548
79 605
79 623
79 671
79 738
79 768
79 913
79 966
80 162
80 169
80 245
80 432
80 581
80 660
80 664
80 685
80 758
80 828
81 250
81 522
81 598
81 615
81 678
81 701
81 796
81 822
81 929
81 982
82 429
82 433
82 495
82 509
82 732
82 870
82 907
82 946
82 953
82 955
83 232
83 240
83 466
83 526
83 603
83 681
83 691
83 788
83 896
83 918
85 364
85 443
85 548
85 623
85 671
85 738
85 768
85 913
85 966
86 221
86 457
86 520
86 657
86 821
86 875
86 898
86 909
86 928
86 934
87 93
87 501
87 573
87 728
87 900
87 924
87 932
87 939
87 948
87 959
88 649
88 737
88 794
88 805
88 836
88 850
88 873
88 878
88 890
88 894
89 679
89 727
89 802
89 807
89 861
89 910
89 933
89 942
89 943
90 584
90 619
90 631
90 634
90 786
90 826
90 832
90 857
90 880
90 979
91 596
91 617
91 766
91 775
91 843
91 849
91 883
91 944
91 951
91 973
92 468
92 587
92 680
92 704
92 705
92 714
92 719
92 751
92 864
92 965
93 773
93 799
93 848
93 900
93 924
93 932
93 939
93 948
93 959
94 429
94 433
94 611
94 732
94 769
94 841
94 907
94 946
94 953
94 955
96 482
96 696
96 699
96 779
96 800
96 845
96 846
96 867
96 893
96 897
97 117
97 170
97 277
97 324
97 633
97 708
97 731
97 797
97 947
98 339
98 412
98 680
98 704
98 705
98 714
98 719
98 751
98 864
98 965
99 373
99 538
99 634
99 694
99 786
99 826
99 832
99 857
99 880
99 979
101 480
101 575
101 670
101 730
101 757
101 801
101 840
101 862
101 916
101 930
103 453
103 715
103 732
103 748
103 806
103 870
103 907
103 946
103 953
103 955
104 927
104 941
104 960
104 969
104 977
104 980
104 981
104 984
104 988
105 374
105 445
105 534
105 661
105 668
105 827
105 863
105 876
105 884
105 922
106 471
106 645
106 843
106 849
106 883
106 887
106 889
106 895
106 944
106 973
108 304
108 377
108 413
108 460
108 562
108 599
108 626
108 677
108 810
108 855
108 967
109 557
109 624
109 692
109 740
109 744
109 793
109 798
109 815
109 820
109 844
109 852
110 423
110 456
110 493
110 578
110 616
110 724
110 726
110 811
110 823
110 853
110 968
112 523
112 610
112 612
112 614
112 622
112 651
112 718
112 752
112 783
112 886
113 147
113 563
113 572
113 657
113 821
113 875
113 898
113 909
113 928
113 934
114 134
114 341
114 487
114 519
114 567
114 589
114 592
114 636
114 698
114 711
115 488
115 547
115 604
115 608
115 739
115 764
115 813
115 833
115 971
115 975
116 210
116 374
116 445
116 534
116 661
116 668
116 827
116 863
116 876
116 884
116 922
117 184
117 276
117 277
117 324
117 633
117 708
117 731
117 797
117 947
118 818
118 901
118 927
118 941
118 960
118 969
118 977
118 980
118 981
118 984
118 988
119 486
119 522
119 598
119 642
119 678
119 701
119 796
119 822
119 929
119 982
120 644
120 673
120 696
120 710
120 779
120 800
120 845
120 846
120 867
120 893
120 897
123 637
123 640
123 670
123 730
123 757
123 801
123 840
123 862
123 916
123 930
124 134
124 319
124 487
124 519
124 567
124 589
124 592
124 636
124 698
124 711
125 412
125 570
125 587
125 680
125 704
125 705
125 714
125 719
125 751
125 864
125 965
126 133
126 144
126 366
126 380
126 452
126 545
126 621
126 627
126 688
126 814
126 970
127 309
127 458
127 594
127 635
127 647
127 709
127 725
127 742
127 778
127 792
127 912
128 667
128 702
128 773
128 817
128 848
128 900
128 924
128 932
128 939
128 948
128 959
131 170
131 184
131 276
131 324
131 633
131 708
131 731
131 797
131 947
132 580
132 631
132 634
132 687
132 694
132 786
132 826
132 832
132 857
132 880
132 979
133 229
133 266
133 322
133 545
133 627
133 672
133 684
133 688
133 814
133 970
134 295
134 519
134 567
134 589
134 592
134 636
134 698
134 711
135 143
135 161
135 366
135 380
135 621
135 627
135 672
135 684
135 688
135 814
135 970
136 761
136 901
136 927
136 941
136 960
136 969
136 977
136 980
136 981
136 984
136 988
137 396
137 413
137 460
137 562
137 599
137 626
137 677
137 810
137 855
137 967
138 201
138 246
138 548
138 588
138 605
138 623
138 671
138 738
138 768
138 913
138 966
139 471
139 596
139 645
139 665
139 775
139 843
139 868
139 883
139 944
139 951
139 973
140 201
140 435
140 491
140 588
140 605
140 671
140 738
140 768
140 913
140 966
141 216
141 311
141 620
141 696
141 779
141 800
141 845
141 846
141 867
141 893
141 897
142 467
142 715
142 732
142 769
142 841
142 870
142 907
142 946
142 953
142 955
143 266
143 366
143 452
143 545
143 621
143 627
143 672
143 684
143 814
143 970
144 203
144 384
144 452
144 545
144 627
144 672
144 684
144 688
144 814
144 970
145 169
145 235
145 432
145 447
145 497
145 541
145 660
145 664
145 685
145 758
145 828
146 560
146 585
146 607
146 693
146 723
146 734
146 785
146 808
146 838
146 885
146 888
147 289
147 457
147 572
147 657
147 821
147 875
147 898
147 909
147 928
147 934
148 224
148 443
148 548
148 588
148 605
148 623
148 671
148 738
148 768
148 913
148 966
150 355
150 523
150 610
150 612
150 614
150 622
150 651
150 718
150 752
150 783
150 886
151 448
151 524
151 602
151 817
151 848
151 900
151 924
151 932
151 939
151 948
151 959
152 429
152 506
152 531
152 611
152 748
152 769
152 870
152 907
152 946
152 953
152 955
154 557
154 624
154 692
154 740
154 744
154 793
154 798
154 815
154 820
154 844
154 852
155 325
155 560
155 607
155 693
155 723
155 734
155 785
155 808
155 838
155 885
155 888
156 183
156 232
156 332
156 466
156 603
156 681
156 691
156 788
156 896
156 918
157 417
157 508
157 527
157 763
157 802
157 861
157 869
157 921
157 933
157 942
157 943
158 361
158 679
158 747
158 771
158 807
158 861
158 869
158 921
158 933
158 942
158 943
161 322
161 366
161 452
161 545
161 621
161 672
161 684
161 688
161 814
161 970
162 280
162 340
162 432
162 581
162 660
162 664
162 685
162 758
162 828
164 455
164 516
164 547
164 604
164 608
164 739
164 764
164 813
164 833
164 971
164 975
165 301
169 245
169 447
169 541
169 581
169 660
169 664
169 685
169 758
169 828
170 184
170 276
170 277
170 324
170 633
170 708
170 731
170 797
170 947
172 230
172 232
172 274
172 332
172 414
172 466
172 681
172 691
172 788
172 896
172 918
173 577
173 628
173 755
173 771
173 782
173 869
173 910
173 921
173 933
173 942
173 943
176 344
176 486
176 561
176 615
176 642
176 678
176 701
176 796
176 822
176 929
176 982
178 649
178 689
178 787
178 794
178 805
178 836
178 850
178 873
178 878
178 890
178 894
179 304
179 460
179 499
179 571
179 599
179 626
179 677
179 810
179 855
179 967
180 759
180 829
180 854
180 856
180 902
180 908
180 915
180 926
180 935
180 936
181 234
181 237
181 284
181 298
181 418
181 461
181 475
181 646
181 804
183 230
183 428
183 526
183 603
183 681
183 691
183 788
183 896
183 918
184 277
184 324
184 633
184 708
184 731
184 797
184 947
185 667
185 728
185 746
185 799
185 817
185 900
185 924
185 932
185 939
185 948
185 959
186 364
186 435
186 548
186 588
186 605
186 623
186 671
186 738
186 768
186 913
186 966
187 213
187 228
187 331
187 720
187 750
188 330
188 520
188 563
188 572
188 657
188 821
188 875
188 898
188 909
188 928
188 934
189 423
189 456
189 493
189 578
189 616
189 724
189 726
189 811
189 823
189 853
189 968
190 411
190 727
190 802
190 809
190 861
190 869
190 910
190 921
190 933
190 942
190 943
193 458
193 594
193 635
193 647
193 709
193 725
193 742
193 778
193 792
193 912
195 745
195 901
195 927
195 941
195 960
195 969
195 977
195 980
195 981
195 984
195 988
196 544
196 637
196 640
196 670
196 730
196 757
196 801
196 840
196 862
196 916
196 930
197 377
197 413
197 460
197 562
197 571
197 599
197 626
197 677
197 810
197 855
197 967
198 667
198 728
198 746
198 799
198 848
198 900
198 924
198 932
198 939
198 948
198 959
200 434
200 458
200 594
200 635
200 647
200 709
200 725
200 742
200 778
200 792
200 912
201 435
201 548
201 588
201 605
201 671
201 738
201 768
201 913
201 966
202 498
202 570
202 587
202 680
202 704
202 705
202 714
202 719
202 751
202 864
202 965
203 266
203 322
203 384
203 545
203 627
203 672
203 684
203 688
203 814
203 970
205 745
205 901
205 927
205 941
205 960
205 969
205 977
205 980
205 981
205 984
205 988
207 436
207 470
207 561
207 615
207 642
207 678
207 701
207 796
207 822
207 929
207 982
208 362
208 679
208 755
208 802
208 807
208 809
208 869
208 910
208 933
208 942
208 943
209 557
209 624
209 692
209 740
209 744
209 793
209 798
209 815
209 820
209 844
209 852
210 374
210 445
210 534
210 661
210 668
210 827
210 863
210 876
210 884
210 922
211 251
211 368
211 446
211 451
211 536
211 543
211 695
211 703
211 722
211 837
211 892
212 342
212 531
212 611
212 732
212 748
212 841
212 870
212 907
212 946
212 953
212 955
213 228
213 331
213 720
213 750
214 436
214 522
214 561
214 598
214 615
214 642
214 678
214 701
214 796
214 822
214 929
214 982
215 389
215 392
215 735
215 741
215 766
215 775
215 887
215 889
215 895
215 914
215 944
215 951
216 281
216 550
216 673
216 696
216 779
216 800
216 845
216 846
216 867
216 893
216 897
219 294
219 580
219 584
219 634
219 687
219 694
219 786
219 826
219 832
219 857
219 880
219 979
221 289
221 520
221 563
221 572
221 657
221 821
221 875
221 898
221 909
221 928
221 934
222 597
222 753
222 829
222 830
222 854
222 856
222 902
222 908
222 915
222 926
222 935
222 936
224 443
224 491
224 588
224 605
224 623
224 671
224 738
224 768
224 913
224 966
225 485
225 557
225 624
225 692
225 740
225 744
225 793
225 798
225 815
225 820
225 844
225 852
226 357
226 488
226 516
226 547
226 604
226 608
226 739
226 764
226 813
226 833
226 971
226 975
227 393
227 629
227 665
227 766
227 775
227 843
227 874
227 883
227 914
227 944
227 951
227 973
228 331
228 720
228 750
229 322
229 380
229 452
229 545
229 621
229 627
229 672
229 684
229 688
229 814
229 970
230 414
230 428
230 466
230 526
230 603
230 681
230 691
230 788
230 896
230 918
231 480
231 575
231 637
231 640
231 670
231 730
231 757
231 801
231 840
231 862
231 916
231 930
232 274
232 428
232 526
232 603
232 681
232 691
232 788
232 896
232 918
233 309
233 434
233 458
233 594
233 635
233 647
233 709
233 725
233 742
233 778
233 792
233 912
234 237
234 284
234 298
234 418
234 461
234 475
234 646
234 804
235 245
235 340
235 447
235 497
235 541
235 581
235 660
235 664
235 685
235 758
235 828
236 654
236 689
236 737
236 787
236 794
236 805
236 836
236 850
236 873
236 878
236 890
236 894
237 284
237 298
237 418
237 461
237 475
237 646
237 804
238 329
238 506
238 732
238 748
238 769
238 806
238 841
238 870
238 907
238 946
238 953
238 955
239 471
239 741
239 790
239 849
239 883
239 887
239 889
239 895
239 914
239 944
239 951
239 973
240 272
240 274
240 428
240 466
240 526
240 603
240 681
240 691
240 788
240 896
240 918
243 763
243 771
243 772
243 782
243 802
243 807
243 809
243 869
243 910
243 921
243 942
243 943
245 340
245 432
245 497
245 581
245 660
245 664
245 685
245 758
245 828
246 435
246 443
246 491
246 588
246 623
246 671
246 738
246 768
246 913
246 966
247 611
247 715
247 732
247 806
247 841
247 870
247 907
247 946
247 953
247 955
248 350
248 393
248 596
248 735
248 790
248 843
248 868
248 874
248 889
248 895
248 951
248 973
249 267
249 271
249 304
249 499
249 562
249 571
249 599
249 626
249 677
249 810
249 855
249 967
250 470
250 486
250 598
250 615
250 642
250 678
250 701
250 796
250 822
250 929
250 982
251 354
251 368
251 473
251 536
251 543
251 695
251 703
251 722
251 837
251 892
255 528
255 620
255 644
255 673
255 699
255 779
255 800
255 845
255 846
255 867
255 893
255 897
258 679
258 763
258 772
258 782
258 802
258 861
258 869
258 910
258 921
258 933
258 942
258 943
259 307
259 382
259 523
259 610
259 612
259 614
259 622
259 651
259 718
259 752
259 783
259 886
262 404
262 459
262 728
262 746
262 799
262 848
262 900
262 924
262 932
262 939
262 948
262 959
263 344
263 522
263 561
263 598
263 615
263 642
263 678
263 701
263 796
263 822
263 929
263 982
264 281
264 644
264 673
264 696
264 699
264 710
264 800
264 845
264 846
264 867
264 893
264 897
265 376
265 582
265 679
265 747
265 755
265 772
265 809
265 910
265 921
265 933
265 942
265 943
266 380
266 621
266 627
266 672
266 684
266 688
266 814
266 970
267 271
267 396
267 499
267 562
267 571
267 599
267 626
267 677
267 810
267 855
267 967
268 729
268 753
268 759
268 829
268 854
268 856
268 902
268 908
268 915
268 926
268 935
268 936
270 287
270 389
270 530
270 596
270 606
270 735
270 766
270 849
270 874
270 889
270 914
270 973
271 377
271 460
271 562
271 571
271 626
271 677
271 810
271 855
271 967
272 274
272 332
272 414
272 428
272 526
272 603
272 681
272 691
272 788
272 896
272 918
274 466
274 526
274 603
274 681
274 691
274 788
274 896
274 918
275 407
275 498
275 517
275 570
275 680
275 704
275 705
275 714
275 719
275 751
275 864
275 965
276 277
276 324
276 633
276 708
276 731
276 797
276 947
277 324
277 633
277 708
277 731
277 797
277 947
278 294
278 315
278 538
278 631
278 687
278 694
278 786
278 826
278 832
278 857
278 880
278 979
279 474
279 575
279 637
279 640
279 670
279 730
279 757
279 801
279 840
279 862
279 916
279 930
280 340
280 432
280 447
280 541
280 581
280 660
280 664
280 685
280 758
280 828
281 696
281 699
281 710
281 779
281 800
281 845
281 846
281 867
281 893
281 897
283 325
283 478
283 560
283 585
283 607
283 693
283 723
283 734
283 785
283 808
283 838
283 885
283 888
284 298
284 418
284 461
284 475
284 646
284 804
286 403
286 524
286 773
286 799
286 817
286 848
286 900
286 924
286 932
286 939
286 948
286 959
287 530
287 643
287 653
287 790
287 868
287 887
287 889
287 895
287 914
287 944
287 951
287 973
289 317
289 520
289 563
289 572
289 657
289 821
289 875
289 898
289 909
289 928
289 934
290 745
290 761
290 781
290 901
290 927
290 941
290 960
290 969
290 977
290 980
290 981
290 984
290 988
291 429
291 453
291 506
291 715
291 732
291 769
291 806
291 841
291 870
291 907
291 946
291 953
291 955
294 296
294 584
294 619
294 687
294 694
294 786
294 826
294 832
294 857
294 880
294 979
295 319
295 333
295 341
295 487
295 519
295 567
295 589
295 592
295 636
295 698
295 711
296 538
296 619
296 631
296 634
296 687
296 786
296 826
296 832
296 857
296 880
296 979
297 367
297 485
297 557
297 624
297 692
297 740
297 744
297 793
297 798
297 815
297 820
297 844
297 852
298 418
298 461
298 475
298 646
298 804
300 539
300 597
300 753
300 829
300 830
300 854
300 856
300 902
300 908
300 915
300 926
300 935
300 936
303 345
303 395
303 423
303 456
303 493
303 578
303 616
303 724
303 726
303 811
303 823
303 853
303 968
304 396
304 413
304 499
304 571
304 599
304 626
304 677
304 810
304 855
304 967
307 338
307 382
307 523
307 610
307 612
307 614
307 622
307 651
307 718
307 752
307 783
307 886
309 434
309 458
309 594
309 635
309 647
309 709
309 725
309 742
309 778
309 792
309 912
310 558
310 600
310 643
310 645
310 766
310 868
310 874
310 883
310 895
310 914
310 944
310 951
310 973
311 528
311 673
311 696
311 699
311 710
311 779
311 800
311 845
311 846
311 867
311 893
311 897
313 437
313 528
313 620
313 696
313 699
313 710
313 779
313 800
313 845
313 846
313 867
313 893
313 897
315 580
315 619
315 631
315 634
315 687
315 694
315 786
315 826
315 832
315 857
315 880
315 979
316 329
316 453
316 467
316 495
316 509
316 715
316 732
316 806
316 841
316 907
316 946
316 953
316 955
317 337
317 457
317 520
317 563
317 572
317 657
317 821
317 875
317 898
317 909
317 928
317 934
318 410
318 455
318 488
318 516
318 547
318 604
318 608
318 739
318 764
318 813
318 833
318 971
318 975
319 333
319 341
319 487
319 519
319 567
319 589
319 592
319 636
319 698
319 711
321 437
321 449
321 482
321 550
321 620
321 699
321 779
321 800
321 845
321 846
321 867
321 893
321 897
322 366
322 380
322 384
322 621
322 672
322 684
322 688
322 814
322 970
323 503
323 597
323 729
323 829
323 830
323 854
323 856
323 902
323 908
323 915
323 926
323 935
323 936
324 633
324 708
324 731
324 797
324 947
325 478
325 585
325 607
325 693
325 723
325 734
325 785
325 808
325 838
325 885
325 888
326 354
326 368
326 379
326 446
326 464
326 473
326 536
326 543
326 695
326 703
326 722
326 837
326 892
329 342
329 506
329 509
329 769
329 806
329 870
329 907
329 946
329 953
329 955
330 337
330 457
330 520
330 563
330 572
330 657
330 821
330 875
330 898
330 909
330 928
330 934
331 720
331 750
332 414
332 428
332 466
332 526
332 603
332 681
332 691
332 788
332 896
332 918
333 341
333 487
333 519
333 567
333 589
333 592
333 636
333 698
333 711
334 625
334 729
334 753
334 759
334 830
334 854
334 856
334 902
334 908
334 915
334 926
334 935
334 936
335 365
335 478
335 560
335 585
335 607
335 693
335 723
335 734
335 785
335 808
335 838
335 885
335 888
336 474
336 544
336 575
336 637
336 640
336 670
336 730
336 757
336 801
336 840
336 862
336 916
336 930
337 457
337 520
337 563
337 572
337 657
337 821
337 875
337 898
337 909
337 928
337 934
338 355
338 382
338 523
338 610
338 612
338 614
338 622
338 651
338 718
338 752
338 783
338 886
339 407
339 517
339 570
339 587
339 680
339 704
339 705
339 714
339 719
339 751
339 864
339 965
340 497
340 541
340 581
340 660
340 664
340 685
340 758
340 828
341 487
341 519
341 567
341 589
341 592
341 636
341 698
341 711
342 495
342 715
342 732
342 769
342 806
342 841
342 870
342 907
342 946
342 953
342 955
343 649
343 654
343 689
343 737
343 787
343 794
343 805
343 836
343 850
343 873
343 878
343 890
343 894
344 470
344 522
344 561
344 598
344 642
344 678
344 701
344 796
344 822
344 929
344 982
345 395
345 423
345 456
345 493
345 578
345 616
345 724
345 726
345 811
345 823
345 853
345 968
350 378
350 530
350 665
350 766
350 775
350 843
350 874
350 889
350 895
350 944
350 951
350 973
351 365
351 478
351 560
351 585
351 607
351 693
351 723
351 734
351 785
351 808
351 838
351 885
351 888
352 781
352 818
352 824
352 901
352 927
352 941
352 960
352 969
352 977
352 980
352 981
352 984
352 988
354 379
354 386
354 451
354 464
354 536
354 695
354 703
354 722
354 837
354 892
355 382
355 523
355 610
355 612
355 614
355 622
355 651
355 718
355 752
355 783
355 886
356 597
356 625
356 753
356 759
356 829
356 830
356 854
356 856
356 902
356 908
356 915
356 926
356 935
356 936
357 410
357 455
357 488
357 516
357 547
357 604
357 608
357 739
357 764
357 813
357 833
357 971
357 975
358 454
358 474
358 544
358 575
358 637
358 640
358 670
358 730
358 757
358 801
358 840
358 862
358 916
358 930
360 559
360 729
360 753
360 759
360 829
360 830
360 854
360 856
360 902
360 908
360 915
360 926
360 935
360 936
361 628
361 663
361 727
361 763
361 771
361 782
361 809
361 861
361 869
361 910
361 933
361 942
361 943
362 376
362 417
362 577
362 663
362 747
362 771
362 782
362 861
362 869
362 910
362 933
362 942
362 943
363 770
363 816
363 818
363 824
363 901
363 927
363 941
363 960
363 969
363 977
363 980
363 981
363 984
363 988
364 435
364 443
364 491
364 548
364 605
364 623
364 671
364 738
364 768
364 913
364 966
365 478
365 585
365 607
365 693
365 723
365 734
365 785
365 808
365 838
365 885
365 888
366 384
366 545
366 621
366 627
366 672
366 684
366 688
366 814
366 970
367 485
367 557
367 624
367 692
367 740
367 744
367 793
367 798
367 815
367 820
367 844
367 852
368 386
368 446
368 464
368 473
368 536
368 543
368 695
368 703
368 722
368 837
368 892
373 538
373 584
373 619
373 631
373 634
373 687
373 694
373 786
373 826
373 832
373 857
373 880
373 979
374 445
374 534
374 661
374 668
374 827
374 863
374 876
374 884
374 922
376 638
376 663
376 679
376 772
376 807
376 861
376 869
376 910
376 933
376 942
376 943
377 396
377 413
377 460
377 562
377 571
377 599
377 626
377 677
377 810
377 855
377 967
378 617
378 665
378 686
378 735
378 741
378 775
378 849
378 887
378 889
378 914
378 944
378 951
378 973
379 446
379 451
379 473
379 536
379 543
379 695
379 703
379 722
379 837
379 892
380 545
380 621
380 627
380 672
380 684
380 688
380 814
380 970
382 523
382 610
382 612
382 614
382 622
382 651
382 718
382 752
382 783
382 886
384 452
384 621
384 627
384 672
384 684
384 688
384 814
384 970
385 459
385 501
385 728
385 746
385 773
385 799
385 817
385 848
385 924
385 932
385 939
385 948
385 959
386 446
386 451
386 464
386 473
386 536
386 543
386 695
386 703
386 722
386 837
386 892
388 613
388 663
388 727
388 747
388 755
388 763
388 772
388 782
388 861
388 869
388 910
388 921
388 942
388 943
389 401
389 477
389 653
389 665
389 843
389 849
389 874
389 889
389 914
389 944
389 951
389 973
392 393
392 617
392 629
392 643
392 665
392 766
392 874
392 883
392 887
392 895
392 914
392 951
392 973
393 558
393 686
393 735
393 790
393 843
393 849
393 868
393 883
393 914
393 951
393 973
395 423
395 456
395 493
395 578
395 616
395 724
395 726
395 811
395 823
395 853
395 968
396 413
396 499
396 562
396 599
396 626
396 677
396 810
396 855
396 967
397 538
397 580
397 584
397 619
397 631
397 634
397 687
397 694
397 786
397 826
397 832
397 857
397 880
397 979
398 429
398 433
398 453
398 467
398 715
398 748
398 769
398 806
398 841
398 870
398 907
398 946
398 953
398 955
399 556
399 649
399 654
399 689
399 737
399 787
399 794
399 805
399 836
399 850
399 873
399 878
399 890
399 894
401 477
401 558
401 686
401 790
401 849
401 868
401 874
401 887
401 895
401 914
401 944
401 951
401 973
403 459
403 702
403 746
403 773
403 799
403 817
403 848
403 900
403 924
403 932
403 939
403 948
403 959
404 448
404 602
404 728
404 746
404 773
404 799
404 848
404 900
404 924
404 932
404 939
404 948
404 959
405 556
405 649
405 654
405 689
405 737
405 787
405 794
405 805
405 836
405 850
405 873
405 878
405 890
405 894
407 468
407 498
407 570
407 587
407 680
407 704
407 705
407 714
407 719
407 751
407 864
407 965
408 745
408 770
408 816
408 824
408 901
408 927
408 941
408 960
408 969
408 977
408 980
408 981
408 984
408 988
409 761
409 816
409 818
409 824
409 901
409 927
409 941
409 960
409 969
409 977
409 980
409 981
409 984
409 988
410 455
410 488
410 516
410 547
410 604
410 608
410 739
410 764
410 813
410 833
410 971
410 975
411 508
411 527
411 679
411 747
411 755
411 763
411 772
411 782
411 861
411 921
411 933
411 942
411 943
412 498
412 517
412 570
412 587
412 680
412 704
412 705
412 714
412 719
412 751
412 864
412 965
413 499
413 562
413 571
413 626
413 677
413 810
413 855
413 967
414 428
414 466
414 526
414 603
414 681
414 691
414 788
414 896
414 918
415 546
415 568
415 625
415 759
415 829
415 830
415 854
415 856
415 902
415 908
415 915
415 926
415 935
415 936
417 527
417 582
417 638
417 663
417 771
417 782
417 802
417 807
417 809
417 921
417 933
417 942
417 943
418 461
418 475
418 646
418 804
421 761
421 781
421 816
421 818
421 824
421 901
421 927
421 941
421 960
421 969
421 977
421 980
421 981
421 984
421 988
423 456
423 493
423 578
423 616
423 724
423 726
423 811
423 823
423 853
423 968
424 590
424 745
424 781
424 816
424 818
424 901
424 927
424 941
424 960
424 969
424 977
424 980
424 981
424 984
424 988
425 761
425 770
425 781
425 816
425 824
425 901
425 927
425 941
425 960
425 969
425 977
425 980
425 981
425 984
425 988
426 433
426 453
426 531
426 611
426 715
426 748
426 769
426 806
426 841
426 870
426 907
426 946
426 953
426 955
428 466
428 526
428 603
428 681
428 691
428 788
428 896
428 918
429 715
429 732
429 748
429 806
429 841
429 870
429 907
429 946
429 953
429 955
430 546
430 625
430 729
430 753
430 759
430 829
430 830
430 854
430 856
430 902
430 908
430 915
430 926
430 935
430 936
432 447
432 497
432 660
432 664
432 685
432 758
432 828
433 453
433 506
433 509
433 732
433 769
433 841
433 870
433 907
433 946
433 953
433 955
434 458
434 594
434 635
434 647
434 709
434 725
434 742
434 778
434 792
434 912
435 443
435 548
435 605
435 623
435 671
435 738
435 768
435 913
435 966
436 470
436 486
436 522
436 561
436 598
436 615
436 642
436 678
436 701
436 796
436 822
436 929
436 982
437 482
437 528
437 673
437 696
437 699
437 710
437 779
437 800
437 845
437 846
437 867
437 893
437 897
442 770
442 781
442 816
442 818
442 824
442 901
442 927
442 941
442 960
442 969
442 977
442 980
442 981
442 984
442 988
443 491
443 548
443 623
443 671
443 738
443 768
443 913
443 966
444 717
445 534
445 661
445 668
445 827
445 863
445 876
445 884
445 922
446 464
446 473
446 536
446 543
446 695
446 703
446 722
446 837
446 892
447 497
447 541
447 581
447 660
447 664
447 685
447 758
447 828
448 573
448 602
448 667
448 702
448 773
448 817
448 848
448 900
448 924
448 932
448 939
448 948
448 959
449 476
449 528
449 620
449 644
449 673
449 696
449 710
449 779
449 800
449 845
449 846
449 867
449 893
449 897
450 745
450 770
450 816
450 818
450 824
450 901
450 927
450 941
450 960
450 969
450 977
450 980
450 981
450 984
450 988
451 464
451 473
451 536
451 543
451 695
451 703
451 722
451 837
451 892
452 545
452 621
452 627
452 672
452 684
452 688
452 814
452 970
453 509
453 769
453 806
453 841
453 870
453 907
453 946
453 953
453 955
454 474
454 480
454 544
454 575
454 637
454 640
454 670
454 730
454 757
454 801
454 840
454 862
454 916
454 930
455 488
455 516
455 547
455 604
455 608
455 739
455 764
455 813
455 833
455 971
455 975
456 493
456 578
456 616
456 724
456 726
456 811
456 823
456 853
456 968
457 563
457 572
457 657
457 821
457 875
457 898
457 909
457 928
457 934
458 594
458 635
458 647
458 709
458 725
458 742
458 778
458 792
458 912
459 573
459 728
459 746
459 799
459 817
459 848
459 900
459 924
459 932
459 939
459 948
459 959
460 499
460 562
460 571
460 599
460 626
460 677
460 810
460 855
460 967
461 475
461 646
461 804
464 473
464 536
464 543
464 695
464 703
464 722
464 837
464 892
466 603
466 681
466 691
466 788
466 896
466 918
467 531
467 715
467 732
467 748
467 806
467 841
467 870
467 907
467 946
467 953
467 955
468 498
468 517
468 570
468 587
468 680
468 704
468 705
468 714
468 719
468 751
468 864
468 965
470 486
470 561
470 598
470 615
470 642
470 678
470 701
470 796
470 822
470 929
470 982
471 505
471 606
471 629
471 686
471 766
471 790
471 843
471 874
471 883
471 887
471 944
471 951
471 973
473 536
473 543
473 695
473 703
473 722
473 837
473 892
474 480
474 544
474 637
474 640
474 670
474 730
474 757
474 801
474 840
474 862
474 916
474 930
475 646
475 804
476 482
476 550
476 620
476 644
476 673
476 696
476 699
476 710
476 779
476 800
476 845
476 846
476 867
476 893
476 897
477 606
477 629
477 645
477 686
477 741
477 849
477 868
477 874
477 883
477 887
477 914
477 944
477 951
477 973
478 560
478 585
478 607
478 693
478 723
478 734
478 785
478 808
478 838
478 885
478 888
480 544
480 575
480 637
480 640
480 670
480 730
480 757
480 801
480 840
480 862
480 916
480 930
482 620
482 644
482 673
482 696
482 699
482 710
482 779
482 845
482 846
482 867
482 893
482 897
485 557
485 624
485 692
485 740
485 744
485 793
485 798
485 815
485 820
485 844
485 852
486 522
486 561
486 598
486 615
486 642
486 678
486 701
486 796
486 822
486 929
486 982
487 519
487 567
487 589
487 592
487 636
487 698
487 711
488 516
488 547
488 604
488 608
488 739
488 764
488 813
488 833
488 971
488 975
491 548
491 588
491 605
491 623
491 671
491 738
491 768
491 913
491 966
492 501
492 524
492 573
492 583
492 602
492 702
492 728
492 773
492 799
492 848
492 900
492 924
492 932
492 939
492 948
492 959
493 578
493 616
493 724
493 726
493 811
493 823
493 853
493 968
495 531
495 611
495 732
495 748
495 769
495 806
495 841
495 870
495 907
495 946
495 953
495 955
497 541
497 581
497 660
497 664
497 685
497 758
497 828
498 517
498 570
498 587
498 680
498 704
498 705
498 714
498 719
498 751
498 864
498 965
499 562
499 571
499 599
499 626
499 677
499 810
499 855
499 967
501 602
501 702
501 746
501 817
501 848
501 900
501 924
501 932
501 939
501 948
501 959
503 539
503 559
503 625
503 729
503 753
503 759
503 830
503 854
503 856
503 902
503 908
503 915
503 926
503 935
503 936
505 525
505 554
505 617
505 629
505 686
505 741
505 790
505 843
505 874
505 887
505 889
505 895
505 914
505 951
505 973
506 611
506 715
506 748
506 769
506 806
506 841
506 870
506 907
506 946
506 953
506 955
508 628
508 638
508 727
508 755
508 772
508 782
508 809
508 861
508 910
508 921
508 933
508 942
508 943
509 531
509 715
509 748
509 769
509 806
509 841
509 870
509 907
509 946
509 953
509 955
511 761
511 770
511 781
511 816
511 818
511 824
511 901
511 927
511 941
511 960
511 969
511 977
511 980
511 981
511 984
511 988
512 761
512 770
512 781
512 816
512 818
512 824
512 901
512 927
512 941
512 960
512 969
512 977
512 980
512 981
512 984
512 988
513 556
513 569
513 649
513 654
513 689
513 737
513 787
513 794
513 805
513 836
513 850
513 873
513 878
513 890
513 894
515 530
515 600
515 643
515 735
515 741
515 775
515 790
515 849
515 868
515 883
515 887
515 895
515 914
515 944
515 951
515 973
516 547
516 604
516 608
516 739
516 764
516 813
516 833
516 971
516 975
517 570
517 587
517 680
517 704
517 705
517 714
517 719
517 751
517 864
517 965
519 567
519 589
519 592
519 636
519 698
519 711
520 563
520 657
520 821
520 875
520 898
520 909
520 928
520 934
522 561
522 598
522 615
522 642
522 678
522 701
522 796
522 822
522 929
522 982
523 610
523 612
523 614
523 622
523 651
523 718
523 752
523 783
523 886
524 602
524 667
524 702
524 746
524 773
524 799
524 817
524 848
524 900
524 924
524 932
524 939
524 948
524 959
525 554
525 606
525 629
525 653
525 741
525 766
525 790
525 843
525 849
525 868
525 889
525 895
525 914
525 944
525 951
525 973
526 603
526 681
526 691
526 788
526 896
526 918
527 613
527 628
527 727
527 747
527 755
527 802
527 809
527 861
527 869
527 910
527 921
527 933
527 942
527 943
528 550
528 620
528 644
528 673
528 710
528 779
528 800
528 845
528 846
528 867
528 893
528 897
530 558
530 629
530 643
530 741
530 790
530 843
530 868
530 883
530 889
530 914
530 944
530 951
530 973
531 611
531 715
531 748
531 806
531 841
531 870
531 907
531 946
531 953
531 955
534 661
534 668
534 827
534 863
534 876
534 884
534 922
536 543
536 695
536 703
536 722
536 837
536 892
538 580
538 584
538 619
538 631
538 687
538 694
538 786
538 826
538 832
538 857
538 880
538 979
539 546
539 559
539 597
539 753
539 759
539 829
539 830
539 854
539 856
539 902
539 908
539 915
539 926
539 935
539 936
541 581
541 660
541 664
541 685
541 758
541 828
543 695
543 703
543 722
543 837
543 892
544 575
544 637
544 640
544 670
544 730
544 757
544 801
544 840
544 862
544 916
544 930
545 621
545 627
545 684
545 688
545 814
545 970
546 568
546 729
546 753
546 829
546 830
546 854
546 856
546 902
546 908
546 915
546 926
546 935
546 936
547 604
547 608
547 739
547 764
547 813
547 833
547 971
547 975
548 588
548 605
548 671
548 738
548 768
548 913
548 966
550 620
550 644
550 673
550 696
550 699
550 710
550 779
550 800
550 845
550 846
550 867
550 893
550 897
554 600
554 645
554 653
554 735
554 741
554 766
554 790
554 843
554 868
554 874
554 883
554 887
554 889
554 951
554 973
555 745
555 761
555 770
555 781
555 816
555 818
555 824
555 901
555 927
555 941
555 960
555 969
555 977
555 980
555 981
555 984
555 988
556 569
556 649
556 654
556 689
556 737
556 787
556 794
556 805
556 836
556 850
556 873
556 878
556 890
556 894
557 624
557 692
557 740
557 744
557 793
557 798
557 815
557 820
557 844
557 852
558 596
558 617
558 665
558 741
558 775
558 790
558 874
558 887
558 889
558 895
558 914
558 944
558 951
558 973
559 568
559 625
559 729
559 753
559 759
559 829
559 830
559 854
559 856
559 902
559 908
559 915
559 926
559 935
559 936
560 585
560 607
560 693
560 723
560 734
560 785
560 808
560 838
560 885
560 888
561 598
561 615
561 642
561 678
561 701
561 796
561 822
561 929
561 982
562 571
562 599
562 626
562 677
562 810
562 855
562 967
563 572
563 657
563 821
563 875
563 898
563 909
563 928
563 934
567 589
567 592
567 636
567 698
567 711
568 597
568 625
568 729
568 753
568 759
568 829
568 830
568 854
568 856
568 902
568 908
568 915
568 926
568 935
568 936
569 649
569 654
569 689
569 737
569 787
569 794
569 805
569 836
569 850
569 873
569 878
569 890
569 894
570 587
570 680
570 704
570 705
570 714
570 719
570 751
570 864
570 965
571 599
571 626
571 677
571 810
571 855
571 967
572 657
572 821
572 875
572 898
572 909
572 928
572 934
573 583
573 667
573 702
573 728
573 746
573 773
573 817
573 848
573 900
573 924
573 932
573 939
573 948
573 959
575 637
575 640
575 670
575 730
575 757
575 801
575 840
575 862
575 916
575 930
577 582
577 613
577 628
577 638
577 679
577 727
577 755
577 763
577 807
577 809
577 861
577 910
577 921
577 933
577 942
577 943
578 616
578 724
578 726
578 811
578 823
578 853
578 968
580 584
580 619
580 631
580 634
580 687
580 694
580 786
580 826
580 832
580 857
580 880
580 979
581 660
581 664
581 685
581 758
581 828
582 628
582 638
582 663
582 747
582 763
582 771
582 782
582 802
582 807
582 869
582 910
582 921
582 933
582 942
582 943
583 602
583 667
583 702
583 728
583 773
583 799
583 817
583 848
583 900
583 924
583 932
583 939
583 948
583 959
584 619
584 631
584 634
584 687
584 694
584 786
584 826
584 832
584 857
584 880
584 979
585 607
585 693
585 723
585 734
585 785
585 808
585 838
585 885
585 888
587 680
587 704
587 705
587 714
587 719
587 751
587 864
587 965
588 605
588 623
588 671
588 738
588 768
588 913
588 966
589 592
589 636
589 698
589 711
590 745
590 761
590 770
590 781
590 816
590 818
590 824
590 901
590 927
590 941
590 960
590 969
590 977
590 980
590 981
590 984
590 988
592 636
592 698
592 711
594 635
594 647
594 709
594 725
594 742
594 778
594 792
594 912
596 629
596 645
596 665
596 735
596 775
596 843
596 849
596 868
596 874
596 883
596 889
596 895
596 944
596 951
597 625
597 753
597 759
597 829
597 830
597 854
597 856
597 902
597 908
597 915
597 926
597 935
597 936
598 615
598 642
598 678
598 701
598 796
598 822
598 929
598 982
599 626
599 677
599 810
599 855
599 967
600 606
600 617
600 653
600 735
600 741
600 790
600 868
600 874
600 883
600 887
600 889
600 895
600 914
600 944
600 951
600 973
602 702
602 746
602 773
602 799
602 817
602 848
602 900
602 924
602 932
602 939
602 948
602 959
603 681
603 691
603 788
603 896
603 918
604 608
604 739
604 764
604 813
604 833
604 971
604 975
605 623
605 671
605 738
605 768
605 913
605 966
606 629
606 643
606 653
606 686
606 766
606 775
606 849
606 868
606 887
606 889
606 914
606 944
606 951
606 973
607 693
607 723
607 734
607 785
607 808
607 838
607 885
607 888
608 739
608 764
608 813
608 833
608 971
608 975
610 612
610 614
610 622
610 651
610 718
610 752
610 783
610 886
611 715
611 732
611 748
611 769
611 806
611 870
611 907
611 946
611 953
611 955
612 614
612 622
612 651
612 718
612 752
612 783
612 886
613 628
613 638
613 747
613 755
613 763
613 771
613 772
613 807
613 861
613 869
613 910
613 921
613 933
613 942
613 943
614 622
614 651
614 718
614 752
614 783
614 886
615 642
615 678
615 701
615 796
615 822
615 929
615 982
616 724
616 726
616 811
616 823
616 853
616 968
617 686
617 735
617 775
617 843
617 849
617 874
617 883
617 889
617 895
617 914
617 944
617 951
617 973
619 631
619 634
619 687
619 694
619 786
619 826
619 832
619 857
619 880
619 979
620 644
620 699
620 710
620 779
620 800
620 845
620 846
620 867
620 893
620 897
621 672
621 684
621 688
621 814
621 970
622 651
622 718
622 752
622 783
622 886
623 671
623 738
623 768
623 913
623 966
624 692
624 740
624 744
624 793
624 798
624 815
624 820
624 844
624 852
625 729
625 759
625 829
625 830
625 854
625 856
625 902
625 908
625 915
625 926
625 935
625 936
626 677
626 810
626 855
626 967
627 672
627 684
627 688
627 814
627 970
628 663
628 727
628 747
628 763
628 771
628 772
628 807
628 809
628 861
628 910
628 921
628 933
628 942
629 653
629 665
629 868
629 874
629 883
629 887
629 889
629 895
629 914
629 944
629 973
631 634
631 687
631 694
631 786
631 826
631 832
631 857
631 880
631 979
633 708
633 731
633 797
633 947
634 687
634 694
634 786
634 826
634 832
634 857
634 880
634 979
635 647
635 709
635 725
635 742
635 778
635 792
635 912
636 698
636 711
637 640
637 670
637 730
637 757
637 801
637 840
637 862
637 916
637 930
638 727
638 747
638 755
638 772
638 782
638 802
638 807
638 809
638 861
638 869
638 910
638 921
638 933
638 943
640 670
640 730
640 757
640 801
640 840
640 862
640 916
640 930
642 678
642 701
642 796
642 822
642 929
642 982
643 653
643 665
643 735
643 741
643 766
643 775
643 843
643 849
643 868
643 887
643 889
643 944
643 951
643 973
644 673
644 696
644 699
644 710
644 779
644 800
644 845
644 846
644 867
644 893
644 897
645 686
645 735
645 766
645 775
645 790
645 849
645 883
645 887
645 889
645 895
645 914
645 944
645 951
645 973
646 804
647 709
647 725
647 742
647 778
647 792
647 912
649 654
649 689
649 737
649 787
649 794
649 805
649 836
649 850
649 873
649 878
649 890
649 894
651 718
651 752
651 783
651 886
653 735
653 790
653 843
653 868
653 874
653 883
653 887
653 889
653 895
653 914
653 944
653 951
653 973
654 689
654 737
654 787
654 794
654 805
654 836
654 850
654 873
654 878
654 890
654 894
657 821
657 875
657 898
657 909
657 928
657 934
660 664
660 685
660 758
660 828
661 668
661 827
661 863
661 876
661 884
661 922
663 727
663 747
663 755
663 763
663 771
663 807
663 809
663 861
663 869
663 910
663 921
663 933
663 942
663 943
664 685
664 758
664 828
665 735
665 766
665 775
665 843
665 849
665 868
665 889
665 895
665 914
665 951
665 973
667 702
667 728
667 746
667 773
667 799
667 817
667 848
667 900
667 924
667 932
667 939
667 948
667 959
668 827
668 863
668 876
668 884
668 922
670 730
670 757
670 801
670 840
670 862
670 916
670 930
671 738
671 768
671 913
671 966
672 684
672 688
672 814
672 970
673 696
673 710
673 779
673 800
673 845
673 846
673 867
673 893
673 897
677 810
677 855
677 967
678 701
678 796
678 822
678 929
678 982
679 755
679 763
679 782
679 802
679 807
679 809
679 861
679 869
679 910
679 921
679 933
679 942
679 943
680 704
680 705
680 714
680 719
680 751
680 864
680 965
681 691
681 788
681 896
681 918
684 688
684 814
684 970
685 758
685 828
686 735
686 741
686 775
686 849
686 868
686 874
686 883
686 887
686 889
686 895
686 914
686 944
686 973
687 694
687 786
687 826
687 832
687 857
687 880
687 979
688 814
688 970
689 737
689 787
689 794
689 805
689 836
689 850
689 873
689 878
689 890
689 894
691 788
691 896
691 918
692 740
692 744
692 793
692 798
692 815
692 820
692 844
692 852
693 723
693 734
693 785
693 808
693 838
693 885
693 888
694 786
694 826
694 832
694 857
694 880
694 979
695 703
695 722
695 837
695 892
696 699
696 800
696 845
696 846
696 867
696 893
696 897
698 711
699 710
699 779
699 800
699 845
699 846
699 867
699 893
699 897
701 796
701 822
701 929
701 982
702 728
702 746
702 773
702 799
702 817
702 848
702 900
702 924
702 932
702 939
702 948
702 959
703 722
703 837
703 892
704 705
704 714
704 719
704 751
704 864
704 965
705 714
705 719
705 738
705 751
705 864
705 965
708 731
708 797
708 947
709 725
709 742
709 778
709 792
709 912
710 779
710 800
710 845
710 846
710 867
710 893
710 897
714 719
714 751
714 864
714 965
715 748
715 806
715 841
715 870
715 907
715 946
715 953
715 955
718 752
718 783
718 886
719 751
719 864
719 965
720 750
722 837
722 892
723 734
723 785
723 808
723 838
723 885
723 888
724 726
724 811
724 823
724 853
724 968
725 742
725 778
725 792
725 912
726 811
726 823
726 853
726 968
727 747
727 755
727 763
727 771
727 772
727 802
727 807
727 861
727 869
727 921
727 933
727 942
727 943
728 773
728 799
728 817
728 848
728 900
728 924
728 932
728 939
728 948
728 959
729 753
729 759
729 829
729 830
729 854
729 856
729 902
729 908
729 915
729 926
729 935
729 936
730 757
730 801
730 840
730 862
730 916
730 930
731 797
731 947
732 748
732 806
732 841
732 870
732 907
732 946
732 953
732 955
734 785
734 808
734 838
734 885
734 888
735 843
735 868
735 874
735 883
735 887
735 889
735 914
735 944
735 951
737 787
737 794
737 805
737 836
737 850
737 873
737 878
737 890
737 894
738 768
738 913
738 966
739 764
739 813
739 833
739 971
739 975
740 744
740 793
740 798
740 815
740 820
740 844
740 852
741 766
741 775
741 790
741 843
741 868
741 883
741 887
741 895
741 944
741 951
741 973
742 778
742 792
742 912
744 793
744 798
744 815
744 820
744 844
744 852
745 761
745 770
745 781
745 816
745 818
745 824
745 901
745 927
745 941
745 960
745 969
745 977
745 980
745 981
745 984
745 988
746 773
746 799
746 817
746 848
746 900
746 924
746 932
746 939
746 948
746 959
747 772
747 782
747 802
747 807
747 809
747 869
747 910
747 921
747 933
747 942
747 943
748 769
748 841
748 870
748 907
748 946
748 953
748 955
751 864
751 965
752 783
752 886
753 759
753 829
753 830
753 854
753 856
753 902
753 908
753 915
753 926
753 935
753 936
755 771
755 772
755 802
755 807
755 809
755 861
755 869
755 910
755 921
755 933
755 942
755 943
757 801
757 840
757 862
757 916
757 930
758 828
759 829
759 830
759 854
759 856
759 902
759 908
759 915
759 926
759 935
759 936
761 770
761 781
761 816
761 818
761 824
761 901
761 927
761 941
761 960
761 969
761 977
761 980
761 981
761 984
761 988
763 771
763 772
763 782
763 802
763 807
763 809
763 869
763 910
763 921
763 933
763 942
763 943
764 813
764 833
764 971
764 975
766 790
766 843
766 849
766 874
766 883
766 887
766 895
766 914
766 944
766 951
768 913
768 966
769 806
769 841
769 870
769 907
769 946
769 953
769 955
770 781
770 816
770 818
770 824
770 901
770 927
770 941
770 960
770 969
770 977
770 980
770 981
770 984
770 988
771 782
771 802
771 807
771 809
771 861
771 869
771 910
771 921
771 933
771 942
771 943
772 782
772 802
772 807
772 861
772 869
772 910
772 921
772 933
772 942
772 943
773 799
773 817
773 848
773 900
773 924
773 932
773 939
773 948
773 959
775 790
775 843
775 849
775 868
775 874
775 883
775 889
775 895
775 914
775 944
778 792
778 912
779 800
779 845
779 846
779 867
779 893
779 897
781 816
781 818
781 824
781 901
781 927
781 941
781 960
781 969
781 977
781 980
781 981
781 984
781 988
782 802
782 807
782 861
782 869
782 910
782 921
782 933
782 942
782 943
783 886
785 808
785 838
785 885
785 888
786 826
786 832
786 857
786 880
786 979
787 794
787 805
787 836
787 850
787 873
787 878
787 890
787 894
788 896
788 918
790 849
790 874
790 887
790 889
790 895
790 944
790 951
790 973
792 912
793 798
793 815
793 820
793 844
793 852
794 805
794 836
794 850
794 873
794 878
794 890
794 894
796 822
796 929
796 982
797 947
798 815
798 820
798 844
798 852
799 817
799 900
799 924
799 932
799 939
799 948
799 959
800 845
800 846
800 867
800 893
800 897
801 840
801 862
801 916
801 930
802 807
802 861
802 869
802 910
802 921
802 933
802 942
802 943
805 836
805 850
805 873
805 878
805 890
805 894
806 841
806 870
806 907
806 946
806 953
806 955
807 809
807 910
807 921
807 933
807 942
807 943
808 838
808 885
808 888
809 861
809 869
809 910
809 921
809 933
809 942
809 943
810 855
810 967
811 823
811 853
811 968
813 833
813 971
813 975
814 970
815 820
815 844
815 852
816 818
816 824
816 901
816 927
816 941
816 960
816 969
816 977
816 980
816 981
816 984
816 988
817 848
817 900
817 924
817 932
817 939
817 948
817 959
818 824
818 901
818 927
818 941
818 960
818 969
818 977
818 980
818 981
818 984
818 988
820 844
820 852
821 875
821 898
821 909
821 928
821 934
822 929
822 982
823 853
823 968
824 901
824 927
824 941
824 960
824 969
824 977
824 980
824 981
824 984
824 988
826 832
826 857
826 880
826 979
827 863
827 876
827 884
827 922
829 830
829 854
829 856
829 902
829 908
829 915
829 926
829 935
829 936
830 854
830 856
830 902
830 908
830 915
830 926
830 935
830 936
832 857
832 880
832 979
833 971
833 975
836 850
836 873
836 878
836 890
836 894
837 892
838 885
838 888
840 862
840 916
840 930
841 870
841 907
841 946
841 953
841 955
843 849
843 874
843 887
843 889
843 895
843 944
843 951
843 973
844 852
845 846
845 867
845 893
845 897
846 867
846 893
846 897
848 900
848 924
848 932
848 939
848 948
848 959
849 868
849 874
849 883
849 887
849 895
849 914
849 944
849 951
849 973
850 873
850 878
850 890
850 894
853 968
854 856
854 902
854 908
854 915
854 926
854 935
854 936
855 967
856 902
856 908
856 915
856 926
856 935
856 936
857 880
857 979
859 961
859 1000
861 869
861 910
861 921
861 933
861 942
861 943
862 916
862 930
863 876
863 884
863 922
864 965
867 893
867 897
868 874
868 883
868 887
868 889
868 895
868 914
868 944
868 951
868 973
869 910
869 921
869 933
869 942
869 943
870 907
870 946
870 953
870 955
873 878
873 890
873 894
874 883
874 887
874 889
874 914
874 944
874 951
874 973
875 898
875 909
875 928
875 934
876 884
876 922
878 890
878 894
880 979
883 887
883 889
883 895
883 914
883 944
883 973
884 922
885 888
887 889
887 895
887 951
887 973
889 914
889 973
890 894
893 897
895 914
895 944
895 951
895 973
896 918
898 909
898 928
898 934
900 924
900 932
900 939
900 948
900 959
901 927
901 941
901 960
901 969
901 977
901 980
901 981
901 984
901 988
902 908
902 915
902 926
902 935
902 936
907 946
907 953
907 955
908 915
908 926
908 935
908 936
909 928
909 934
910 921
910 933
910 942
910 943
913 966
914 944
914 973
915 926
915 935
915 936
916 930
921 933
921 942
921 943
924 932
924 939
924 948
924 959
926 935
926 936
927 941
927 960
927 969
927 977
927 980
927 981
927 984
927 988
928 934
929 982
932 939
932 948
932 959
933 942
933 943
935 936
939 948
939 959
941 960
941 969
941 977
941 980
941 981
941 984
941 988
942 943
944 951
944 973
946 953
946 955
948 959
951 973
953 955
960 969
960 977
960 980
960 981
960 984
960 988
961 1000
969 977
969 980
969 981
969 984
969 988
971 975
977 980
977 981
977 984
977 988
980 981
980 984
980 988
981 984
981 988
984 988
