1 500
1 532
1 577
1 585
1 597
1 723
1 750
1 858
1 956
1 986
3 229
3 621
3 627
3 684
3 688
3 729
3 737
3 814
3 828
3 970
4 388
4 527
4 613
4 807
4 861
4 869
4 921
4 933
4 942
4 943
5 594
5 635
5 647
5 657
5 709
5 725
5 742
5 778
5 792
5 912
6 411
6 628
6 663
6 772
6 802
6 861
6 869
6 933
6 942
6 943
11 824
11 901
11 927
11 941
11 960
11 969
11 977
11 980
11 981
11 984
12 649
12 768
12 787
12 794
12 805
12 836
12 850
12 873
12 878
12 890
13 434
13 487
13 491
13 630
13 686
13 712
13 813
13 881
13 950
13 973
15 63
15 142
15 531
15 806
15 841
15 854
15 870
15 907
15 953
15 955
16 492
16 545
16 573
16 773
16 848
16 924
16 932
16 939
16 948
16 959
20 498
20 570
20 704
20 705
20 714
20 731
20 751
20 853
20 864
20 965
22 159
22 391
22 421
22 547
22 597
22 723
22 750
22 858
22 956
22 986
24 517
24 570
24 704
24 705
24 714
24 731
24 751
24 853
24 864
24 965
26 325
26 560
26 607
26 610
26 693
26 785
26 808
26 838
26 885
26 888
27 75
27 124
27 295
27 319
27 333
27 341
27 567
27 592
27 636
27 711
28 573
28 587
28 667
28 746
28 799
28 924
28 932
28 939
28 948
28 959
30 271
30 396
30 409
30 499
30 562
30 626
30 677
30 810
30 855
30 967
31 316
31 470
31 506
31 531
31 806
31 854
31 870
31 907
31 953
31 955
32 649
32 768
32 787
32 794
32 805
32 836
32 850
32 873
32 878
32 890
33 649
33 768
33 787
33 794
33 805
33 836
33 850
33 873
33 878
33 890
36 594
36 635
36 647
36 657
36 709
36 725
36 742
36 778
36 792
36 912
37 536
37 543
37 687
37 783
37 789
37 886
37 889
37 900
37 938
37 987
38 594
38 635
38 647
38 657
38 709
38 725
38 742
38 778
38 792
38 912
42 181
42 234
42 284
42 418
42 475
42 646
42 755
42 804
42 929
46 695
46 700
46 781
46 791
46 797
46 915
46 935
46 985
46 988
46 990
47 368
47 379
47 451
47 464
47 473
47 722
47 734
47 837
47 892
47 913
48 117
48 276
48 277
48 324
48 354
48 398
48 403
48 708
48 823
48 947
49 500
49 532
49 577
49 585
49 597
49 723
49 750
49 858
49 956
49 986
50 634
50 694
50 726
50 786
50 821
50 826
50 832
50 857
50 880
50 979
51 307
51 338
51 432
51 523
51 612
51 614
51 622
51 651
51 718
51 894
52 508
52 638
52 771
52 782
52 807
52 869
52 921
52 933
52 942
52 943
53 283
53 382
53 610
53 637
53 693
53 785
53 808
53 838
53 885
53 888
54 560
54 607
54 637
54 693
54 785
54 808
54 838
54 885
54 888
56 492
56 583
56 602
56 799
56 848
56 924
56 932
56 939
56 948
56 959
57 93
57 583
57 773
57 799
57 848
57 924
57 932
57 939
57 948
57 959
59 289
59 330
59 457
59 520
59 572
59 862
59 875
59 898
59 928
59 934
62 124
62 134
62 295
62 319
62 333
62 341
62 567
62 592
62 636
62 711
63 94
63 247
63 386
63 509
63 732
63 841
63 854
63 953
63 955
64 695
64 700
64 781
64 791
64 797
64 915
64 935
64 985
64 988
64 990
65 133
65 239
65 452
65 684
65 688
65 729
65 737
65 814
65 828
65 970
66 761
66 901
66 927
66 941
66 960
66 969
66 977
66 980
66 981
66 984
67 365
67 478
67 610
67 637
67 693
67 785
67 808
67 838
67 885
67 888
68 594
68 635
68 647
68 657
68 709
68 725
68 742
68 778
68 792
68 912
69 620
69 696
69 779
69 800
69 845
69 846
69 867
69 883
69 893
69 897
70 156
70 240
70 428
70 633
70 691
70 720
70 788
70 896
70 918
70 1000
75 134
75 295
75 319
75 333
75 341
75 567
75 592
75 636
75 711
76 426
76 506
76 611
76 769
76 841
76 854
76 870
76 907
76 953
76 955
77 201
77 224
77 246
77 435
77 443
77 447
77 548
77 588
77 738
77 966
78 515
78 564
78 571
78 670
78 671
78 698
78 717
78 767
78 914
78 952
79 201
79 224
79 364
79 435
79 443
79 447
79 548
79 588
79 738
79 966
81 395
81 423
81 456
81 493
81 578
81 616
81 724
81 811
81 926
81 968
82 429
82 433
82 611
82 732
82 748
82 806
82 870
82 907
82 953
82 955
83 128
83 501
83 799
83 817
83 848
83 924
83 932
83 939
83 948
83 959
85 140
85 201
85 224
85 364
85 443
85 447
85 548
85 588
85 738
85 966
86 289
86 317
86 457
86 520
86 572
86 862
86 875
86 898
86 928
86 934
87 501
87 667
87 746
87 799
87 817
87 924
87 932
87 939
87 948
87 959
88 649
88 768
88 787
88 794
88 805
88 836
88 850
88 873
88 878
88 890
89 663
89 719
89 807
89 809
89 861
89 910
89 921
89 933
89 942
89 943
90 694
90 703
90 726
90 786
90 821
90 826
90 832
90 857
90 880
90 979
92 468
92 570
92 704
92 705
92 714
92 731
92 751
92 853
92 864
92 965
93 587
93 602
93 702
93 848
93 924
93 932
93 939
93 948
93 959
94 531
94 611
94 732
94 769
94 841
94 854
94 907
94 953
94 955
96 673
96 696
96 779
96 800
96 845
96 846
96 867
96 883
96 893
96 897
97 184
97 276
97 277
97 324
97 354
97 398
97 403
97 708
97 823
97 947
98 259
98 355
98 432
98 523
98 612
98 614
98 622
98 651
98 718
98 894
99 619
99 703
99 726
99 786
99 821
99 826
99 832
99 857
99 880
99 979
101 480
101 544
101 575
101 640
101 730
101 757
101 801
101 840
101 909
101 930
103 453
103 509
103 715
103 748
103 841
103 854
103 907
103 953
103 955
104 901
104 927
104 941
104 960
104 969
104 977
104 980
104 981
104 984
105 430
105 445
105 486
105 534
105 661
105 827
105 863
105 876
105 884
105 922
109 458
109 594
109 635
109 647
109 657
109 709
109 725
109 742
109 778
109 792
109 912
110 345
110 395
110 423
110 456
110 493
110 578
110 616
110 724
110 811
110 926
110 968
112 119
112 436
112 522
112 561
112 598
112 642
112 678
112 701
112 796
112 822
112 982
113 330
113 457
113 520
113 572
113 862
113 875
113 898
113 928
113 934
113 1000
114 624
114 692
114 699
114 740
114 744
114 793
114 798
114 815
114 820
114 844
114 852
115 357
115 410
115 488
115 516
115 604
115 608
115 739
115 764
115 833
115 971
115 975
116 624
116 692
116 699
116 740
116 744
116 793
116 798
116 815
116 820
116 844
116 852
117 184
117 276
117 277
117 324
117 354
117 398
117 403
117 708
117 823
117 947
118 761
118 816
118 901
118 927
118 941
118 960
118 969
118 977
118 980
118 981
118 984
119 436
119 522
119 561
119 598
119 642
119 678
119 701
119 796
119 822
119 982
120 255
120 437
120 644
120 779
120 800
120 845
120 846
120 867
120 883
120 893
120 897
122 291
122 563
122 571
122 670
122 671
122 698
122 717
122 767
122 914
122 952
123 454
123 480
123 544
123 575
123 640
123 730
123 757
123 801
123 840
123 909
123 930
124 134
124 295
124 319
124 333
124 341
124 567
124 592
124 636
124 711
125 532
125 547
125 577
125 585
125 597
125 723
125 750
125 858
125 956
125 986
126 144
126 580
126 621
126 672
126 684
126 688
126 729
126 737
126 814
126 828
126 970
127 458
127 594
127 635
127 647
127 657
127 709
127 725
127 742
127 778
127 792
127 912
128 385
128 459
128 667
128 773
128 848
128 924
128 932
128 939
128 948
128 959
131 624
131 692
131 699
131 740
131 744
131 793
131 798
131 815
131 820
131 844
131 852
132 631
132 694
132 703
132 726
132 786
132 821
132 826
132 832
132 857
132 880
132 979
133 452
133 580
133 621
133 627
133 688
133 729
133 737
133 814
133 828
133 970
134 295
134 319
134 333
134 341
134 567
134 592
134 636
134 711
135 143
135 161
135 203
135 384
135 452
135 627
135 688
135 729
135 814
135 828
135 970
136 761
136 770
136 901
136 927
136 941
136 960
136 969
136 977
136 980
136 981
136 984
137 515
137 563
137 564
137 571
137 670
137 671
137 698
137 717
137 767
137 914
137 952
138 140
138 186
138 246
138 364
138 435
138 443
138 447
138 548
138 588
138 738
138 966
139 154
139 563
139 564
139 571
139 670
139 671
139 698
139 717
139 767
139 914
139 952
140 246
140 364
140 435
140 443
140 447
140 548
140 588
140 738
140 966
141 515
141 563
141 564
141 571
141 670
141 671
141 698
141 717
141 767
141 914
141 952
142 238
142 715
142 732
142 769
142 841
142 854
142 870
142 907
142 953
142 955
143 203
143 621
143 672
143 684
143 688
143 729
143 737
143 814
143 828
143 970
144 161
144 366
144 580
144 627
144 672
144 684
144 688
144 814
144 828
144 970
145 411
145 508
145 719
145 752
145 772
145 782
145 802
145 910
145 921
145 933
145 943
146 365
146 560
146 607
146 610
146 637
146 693
146 785
146 808
146 838
146 885
146 888
147 289
147 317
147 330
147 457
147 520
147 572
147 862
147 875
147 898
147 928
147 934
148 624
148 692
148 699
148 740
148 744
148 793
148 798
148 815
148 820
148 844
148 852
150 307
150 338
150 355
150 432
150 523
150 612
150 614
150 622
150 651
150 718
150 894
151 385
151 492
151 728
151 746
151 773
151 817
151 924
151 932
151 939
151 948
151 959
152 342
152 429
152 495
152 748
152 769
152 806
152 841
152 870
152 907
152 953
152 955
154 563
154 564
154 571
154 670
154 671
154 698
154 717
154 767
154 914
154 952
155 382
155 478
155 560
155 607
155 637
155 693
155 785
155 808
155 838
155 885
155 888
156 183
156 272
156 466
156 633
156 691
156 720
156 788
156 896
156 918
156 1000
157 508
157 613
157 663
157 719
157 747
157 752
157 772
157 802
157 869
157 933
157 943
158 638
158 663
158 719
158 752
158 763
158 782
158 807
158 910
158 921
158 942
158 943
159 421
159 547
159 577
159 585
159 597
159 723
159 750
159 858
159 956
159 986
161 384
161 621
161 627
161 672
161 688
161 737
161 814
161 828
161 970
164 357
164 410
164 488
164 516
164 604
164 608
164 739
164 764
164 833
164 971
164 975
165 301
165 680
170 203
170 366
170 380
170 621
170 672
170 684
170 729
170 737
170 814
170 828
170 970
172 232
172 240
172 414
172 428
172 633
172 691
172 720
172 788
172 896
172 918
172 1000
173 361
173 679
173 763
173 782
173 802
173 869
173 910
173 921
173 933
173 942
173 943
176 250
176 294
176 522
176 561
176 598
176 642
176 678
176 701
176 796
176 822
176 982
178 649
178 654
178 768
178 787
178 794
178 805
178 836
178 850
178 873
178 878
178 890
179 197
179 271
179 396
179 413
179 460
179 562
179 626
179 677
179 810
179 855
179 967
181 234
181 284
181 418
181 475
181 646
181 755
181 804
181 929
183 232
183 274
183 414
183 633
183 691
183 720
183 788
183 896
183 918
183 1000
184 276
184 277
184 324
184 354
184 398
184 403
184 708
184 823
184 947
185 545
185 667
185 728
185 799
185 817
185 848
185 924
185 932
185 939
185 948
185 959
186 224
186 364
186 435
186 443
186 447
186 548
186 588
186 738
186 966
188 289
188 317
188 330
188 457
188 520
188 572
188 862
188 875
188 898
188 928
188 934
189 345
189 395
189 423
189 456
189 493
189 578
189 616
189 724
189 811
189 926
189 968
190 376
190 628
190 638
190 719
190 747
190 752
190 771
190 807
190 910
190 921
190 942
192 308
192 515
192 563
192 564
192 670
192 671
192 698
192 717
192 767
192 914
192 952
193 458
193 594
193 635
193 647
193 657
193 709
193 725
193 742
193 778
193 792
193 912
195 745
195 770
195 901
195 927
195 941
195 960
195 969
195 977
195 980
195 981
195 984
197 377
197 409
197 413
197 499
197 562
197 626
197 677
197 810
197 855
197 967
198 524
198 587
198 728
198 746
198 817
198 848
198 924
198 932
198 939
198 948
198 959
200 458
200 594
200 635
200 647
200 657
200 709
200 725
200 742
200 778
200 792
200 912
201 364
201 435
201 443
201 447
201 548
201 588
201 738
201 966
202 498
202 517
202 570
202 704
202 705
202 714
202 731
202 751
202 853
202 864
202 965
203 380
203 621
203 684
203 688
203 737
203 814
203 828
203 970
205 770
205 824
205 901
205 927
205 941
205 960
205 969
205 977
205 980
205 981
205 984
207 214
207 436
207 522
207 561
207 598
207 642
207 678
207 701
207 796
207 822
207 982
208 388
208 613
208 628
208 679
208 727
208 752
208 807
208 910
208 921
208 933
208 943
209 377
209 409
209 413
209 460
209 499
209 562
209 626
209 677
209 810
209 855
209 967
210 374
210 430
210 445
210 486
210 534
210 661
210 827
210 863
210 876
210 884
210 922
211 326
211 368
211 379
211 451
211 464
211 473
211 722
211 734
211 837
211 892
211 913
212 386
212 470
212 611
212 715
212 748
212 769
212 806
212 870
212 907
212 953
212 955
213 296
213 374
213 430
213 445
213 486
213 534
213 661
213 827
213 863
213 876
213 884
213 922
214 294
214 436
214 522
214 561
214 598
214 642
214 678
214 701
214 796
214 822
214 982
216 311
216 476
216 620
216 673
216 779
216 800
216 845
216 846
216 867
216 883
216 893
216 897
219 631
219 634
219 694
219 703
219 726
219 786
219 821
219 826
219 832
219 857
219 880
219 979
221 766
221 859
221 961
224 246
224 435
224 443
224 447
224 548
224 588
224 738
224 966
225 557
225 624
225 692
225 699
225 740
225 744
225 793
225 798
225 815
225 820
225 844
225 852
226 309
226 357
226 410
226 488
226 516
226 604
226 608
226 739
226 764
226 833
226 971
226 975
229 239
229 366
229 580
229 627
229 672
229 684
229 729
229 737
229 814
229 828
229 970
230 240
230 272
230 332
230 414
230 466
230 633
230 691
230 720
230 788
230 896
230 918
230 1000
231 358
231 454
231 480
231 544
231 575
231 640
231 730
231 757
231 801
231 840
231 909
231 930
232 414
232 428
232 466
232 633
232 691
232 720
232 788
232 896
232 918
232 1000
233 458
233 594
233 635
233 647
233 657
233 709
233 725
233 742
233 778
233 792
233 912
234 284
234 418
234 475
234 646
234 755
234 804
234 929
235 342
235 453
235 506
235 531
235 611
235 732
235 748
235 806
235 870
235 907
235 953
235 955
236 391
236 500
236 532
236 547
236 577
236 585
236 597
236 723
236 750
236 858
236 956
236 986
237 304
237 351
237 416
237 487
237 491
237 630
237 686
237 712
237 813
237 881
237 950
237 973
238 426
238 509
238 611
238 769
238 806
238 841
238 854
238 870
238 907
238 953
238 955
239 322
239 384
239 580
239 621
239 627
239 688
239 729
239 814
239 828
239 970
240 332
240 428
240 633
240 691
240 720
240 788
240 896
240 918
240 1000
243 388
243 613
243 663
243 747
243 782
243 802
243 861
243 869
243 910
243 933
243 942
243 943
246 364
246 435
246 443
246 447
246 548
246 588
246 738
246 966
247 342
247 495
247 715
247 748
247 769
247 806
247 841
247 870
247 907
247 953
247 955
249 377
249 396
249 409
249 413
249 460
249 499
249 562
249 626
249 677
249 810
249 855
249 967
250 294
250 436
250 522
250 561
250 598
250 642
250 678
250 701
250 796
250 822
250 982
251 326
251 368
251 379
251 451
251 464
251 473
251 722
251 734
251 837
251 892
251 913
255 644
255 673
255 696
255 779
255 800
255 845
255 846
255 867
255 883
255 893
255 897
258 361
258 362
258 411
258 727
258 747
258 771
258 782
258 807
258 809
258 921
258 933
258 943
259 307
259 338
259 355
259 432
259 523
259 612
259 614
259 622
259 651
259 718
259 894
262 573
262 583
262 602
262 667
262 702
262 773
262 799
262 924
262 932
262 939
262 948
262 959
264 321
264 550
264 696
264 710
264 779
264 800
264 845
264 846
264 867
264 883
264 893
264 897
265 668
265 679
265 719
265 752
265 771
265 782
265 861
265 869
265 910
265 921
265 942
265 943
266 421
266 500
266 532
266 547
266 577
266 585
266 597
266 723
266 750
266 858
266 956
266 986
267 306
267 344
267 536
267 543
267 687
267 783
267 789
267 886
267 889
267 900
267 938
267 987
269 306
269 474
269 536
269 543
269 687
269 783
269 789
269 886
269 889
269 900
269 938
269 987
271 396
271 409
271 460
271 499
271 562
271 626
271 677
271 810
271 855
271 967
272 414
272 428
272 466
272 633
272 691
272 720
272 788
272 896
272 918
272 1000
273 351
273 434
273 469
273 487
273 519
273 630
273 686
273 712
273 813
273 881
273 950
273 973
274 332
274 428
274 466
274 633
274 691
274 720
274 788
274 896
274 918
274 1000
275 603
275 615
275 695
275 700
275 781
275 791
275 797
275 915
275 935
275 985
275 988
275 990
276 277
276 324
276 354
276 398
276 403
276 708
276 823
276 947
277 324
277 354
277 398
277 403
277 708
277 823
277 947
278 631
278 634
278 694
278 703
278 726
278 786
278 821
278 826
278 832
278 857
278 880
278 979
279 358
279 454
279 480
279 544
279 575
279 640
279 730
279 757
279 801
279 840
279 909
279 930
280 336
280 474
280 543
280 687
280 783
280 789
280 886
280 889
280 900
280 938
280 987
281 476
281 673
281 696
281 710
281 779
281 800
281 845
281 846
281 867
281 883
281 893
281 897
283 325
283 478
283 560
283 607
283 610
283 637
283 693
283 785
283 808
283 838
283 885
283 888
284 418
284 475
284 646
284 755
284 804
284 929
286 404
286 573
286 587
286 667
286 702
286 799
286 817
286 848
286 924
286 932
286 939
286 948
286 959
289 317
289 457
289 520
289 572
289 862
289 875
289 898
289 928
289 934
290 745
290 816
290 818
290 824
290 901
290 927
290 941
290 960
290 969
290 977
290 980
290 981
290 984
291 308
291 515
291 563
291 564
291 571
291 670
291 671
291 698
291 717
291 767
291 914
291 952
294 436
294 522
294 561
294 598
294 642
294 678
294 701
294 796
294 822
294 982
295 319
295 333
295 341
295 567
295 592
295 636
295 711
296 374
296 430
296 445
296 486
296 534
296 661
296 827
296 863
296 876
296 884
296 922
297 557
297 624
297 692
297 699
297 740
297 744
297 793
297 798
297 815
297 820
297 844
297 852
298 304
298 434
298 469
298 487
298 491
298 519
298 630
298 686
298 712
298 813
298 881
298 950
298 973
301 680
303 345
303 395
303 423
303 456
303 493
303 578
303 616
303 724
303 811
303 926
303 968
304 351
304 416
304 491
304 519
304 630
304 686
304 712
304 813
304 881
304 950
304 973
305 549
305 603
305 615
305 695
305 700
305 781
305 791
305 797
305 915
305 935
305 985
305 988
305 990
306 399
306 474
306 536
306 687
306 783
306 789
306 886
306 889
306 900
306 938
306 987
307 338
307 355
307 432
307 523
307 612
307 614
307 622
307 651
307 718
307 894
308 515
308 563
308 564
308 571
308 670
308 671
308 698
308 717
308 767
308 914
308 952
309 357
309 410
309 488
309 516
309 604
309 608
309 739
309 764
309 833
309 971
309 975
311 528
311 550
311 696
311 710
311 779
311 800
311 845
311 846
311 867
311 883
311 893
311 897
313 429
313 689
313 745
313 818
313 901
313 927
313 941
313 960
313 969
313 977
313 980
313 981
313 984
315 619
315 631
315 634
315 694
315 703
315 726
315 786
315 821
315 826
315 832
315 857
315 880
315 979
316 467
316 470
316 495
316 506
316 509
316 806
316 841
316 854
316 870
316 907
316 953
316 955
317 330
317 457
317 520
317 572
317 862
317 875
317 898
317 928
317 934
319 333
319 341
319 567
319 592
319 636
319 711
321 482
321 550
321 620
321 710
321 779
321 800
321 845
321 846
321 867
321 883
321 893
321 897
322 380
322 384
322 580
322 621
322 627
322 672
322 684
322 729
322 737
322 814
322 828
322 970
324 354
324 398
324 403
324 708
324 823
324 947
325 478
325 560
325 607
325 610
325 637
325 693
325 785
325 808
325 838
325 885
325 888
326 368
326 379
326 451
326 464
326 473
326 722
326 734
326 837
326 892
326 913
329 386
329 453
329 509
329 611
329 715
329 748
329 769
329 841
329 854
329 870
329 907
329 953
329 955
330 457
330 520
330 572
330 862
330 875
330 898
330 928
330 934
332 414
332 428
332 466
332 633
332 691
332 720
332 788
332 896
332 918
332 1000
333 341
333 567
333 592
333 636
333 711
335 365
335 382
335 478
335 560
335 607
335 610
335 637
335 693
335 785
335 808
335 838
335 885
335 888
336 399
336 474
336 536
336 543
336 687
336 783
336 789
336 886
336 889
336 900
336 938
336 987
337 358
337 454
337 480
337 544
337 575
337 640
337 730
337 757
337 801
337 840
337 909
337 930
338 355
338 432
338 523
338 612
338 614
338 622
338 651
338 718
338 894
339 412
339 468
339 498
339 517
339 570
339 704
339 705
339 714
339 731
339 751
339 853
339 864
339 965
341 567
341 592
341 636
341 711
342 467
342 531
342 732
342 748
342 806
342 841
342 854
342 870
342 953
342 955
343 556
343 569
343 649
343 654
343 768
343 787
343 794
343 805
343 836
343 850
343 873
343 878
343 890
344 399
344 474
344 536
344 543
344 687
344 783
344 789
344 886
344 889
344 900
344 938
344 987
345 395
345 423
345 456
345 493
345 578
345 616
345 724
345 811
345 926
345 968
351 416
351 469
351 519
351 630
351 686
351 712
351 813
351 881
351 950
351 973
352 770
352 816
352 818
352 824
352 901
352 927
352 941
352 960
352 969
352 977
352 980
352 981
352 984
354 398
354 403
354 708
354 823
354 947
355 432
355 523
355 612
355 614
355 622
355 651
355 718
355 894
357 410
357 488
357 516
357 604
357 608
357 739
357 764
357 833
357 971
357 975
358 454
358 480
358 544
358 575
358 640
358 730
358 757
358 801
358 840
358 909
358 930
361 388
361 638
361 771
361 772
361 782
361 861
361 869
361 910
361 921
361 933
361 942
361 943
362 613
362 663
362 668
362 679
362 719
362 727
362 747
362 772
362 809
362 921
362 933
362 942
362 943
363 745
363 770
363 816
363 818
363 824
363 901
363 927
363 941
363 960
363 969
363 977
363 980
363 981
363 984
364 435
364 443
364 447
364 548
364 588
364 738
364 966
365 382
365 478
365 607
365 610
365 637
365 693
365 785
365 808
365 838
365 885
365 888
366 380
366 384
366 452
366 627
366 672
366 688
366 729
366 737
366 814
366 828
366 970
367 508
367 628
367 663
367 747
367 763
367 802
367 807
367 809
367 861
367 910
367 921
367 933
367 942
367 943
368 379
368 451
368 464
368 473
368 722
368 734
368 837
368 892
368 913
373 584
373 619
373 631
373 634
373 694
373 703
373 726
373 786
373 821
373 826
373 832
373 857
373 880
373 979
374 430
374 445
374 486
374 534
374 661
374 827
374 863
374 876
374 884
374 922
376 446
376 527
376 582
376 628
376 719
376 727
376 772
376 807
376 910
376 921
376 933
376 942
376 943
377 396
377 409
377 413
377 460
377 499
377 562
377 626
377 677
377 810
377 855
377 967
379 451
379 464
379 473
379 722
379 734
379 837
379 892
379 913
380 452
380 580
380 672
380 684
380 688
380 729
380 737
380 814
380 828
380 970
382 560
382 607
382 610
382 637
382 693
382 785
382 808
382 838
382 885
382 888
384 580
384 627
384 672
384 684
384 729
384 737
384 814
384 828
384 970
385 404
385 448
385 587
385 602
385 746
385 773
385 817
385 924
385 932
385 939
385 948
385 959
386 433
386 506
386 509
386 732
386 769
386 806
386 841
386 854
386 907
386 953
386 955
388 446
388 727
388 747
388 807
388 809
388 861
388 869
388 910
388 933
388 942
391 421
391 500
391 532
391 547
391 577
391 585
391 597
391 723
391 750
391 858
391 956
391 986
395 423
395 456
395 493
395 578
395 616
395 724
395 811
395 926
395 968
396 413
396 460
396 499
396 562
396 626
396 677
396 810
396 855
396 967
397 584
397 619
397 631
397 634
397 694
397 703
397 726
397 786
397 821
397 826
397 832
397 857
397 880
397 979
398 403
398 708
398 823
398 947
399 474
399 536
399 543
399 687
399 783
399 789
399 886
399 889
399 900
399 938
399 987
403 708
403 823
403 947
404 524
404 602
404 702
404 746
404 773
404 799
404 848
404 924
404 932
404 939
404 948
404 959
405 513
405 556
405 569
405 649
405 654
405 768
405 787
405 794
405 805
405 836
405 850
405 873
405 878
405 890
407 412
407 468
407 498
407 517
407 570
407 704
407 705
407 714
407 731
407 751
407 853
407 864
407 965
408 590
408 761
408 816
408 818
408 824
408 901
408 927
408 941
408 960
408 969
408 977
408 980
408 981
408 984
409 460
409 499
409 562
409 626
409 677
409 810
409 855
409 967
410 488
410 516
410 604
410 608
410 739
410 764
410 833
410 971
410 975
411 527
411 719
411 727
411 747
411 782
411 802
411 861
411 921
411 933
411 942
411 943
412 468
412 498
412 517
412 570
412 704
412 705
412 714
412 731
412 751
412 853
412 864
412 965
413 460
413 499
413 562
413 626
413 677
413 810
413 855
413 967
414 466
414 633
414 691
414 720
414 788
414 896
414 918
414 1000
416 434
416 469
416 487
416 491
416 519
416 630
416 686
416 712
416 813
416 881
416 950
416 973
417 638
417 663
417 668
417 727
417 747
417 771
417 772
417 802
417 861
417 869
417 910
417 921
417 933
417 942
417 943
418 475
418 646
418 755
418 804
418 929
421 500
421 532
421 547
421 577
421 585
421 597
421 723
421 750
421 858
421 956
421 986
423 456
423 493
423 578
423 616
423 724
423 811
423 926
423 968
424 555
424 745
424 761
424 770
424 816
424 818
424 901
424 927
424 941
424 960
424 969
424 977
424 980
424 981
424 984
425 689
425 761
425 770
425 816
425 818
425 824
425 901
425 927
425 941
425 960
425 969
425 977
425 980
425 981
425 984
426 429
426 470
426 506
426 715
426 748
426 769
426 806
426 841
426 854
426 870
426 907
426 953
426 955
428 466
428 633
428 691
428 720
428 788
428 896
428 918
428 1000
429 467
429 495
429 715
429 732
429 748
429 769
429 806
429 870
429 907
429 953
429 955
430 445
430 486
430 534
430 661
430 827
430 863
430 876
430 884
430 922
432 523
432 612
432 614
432 622
432 651
432 718
432 894
433 453
433 467
433 470
433 495
433 715
433 732
433 748
433 841
433 854
433 870
433 907
433 953
433 955
434 469
434 487
434 491
434 519
434 630
434 686
434 712
434 813
434 881
434 950
434 973
435 443
435 447
435 548
435 588
435 738
435 966
436 522
436 561
436 598
436 642
436 678
436 701
436 796
436 822
436 982
437 449
437 476
437 528
437 620
437 644
437 673
437 710
437 800
437 845
437 846
437 867
437 883
437 893
437 897
442 689
442 745
442 761
442 816
442 818
442 824
442 901
442 927
442 941
442 960
442 969
442 977
442 980
442 981
442 984
443 548
443 588
443 738
443 966
444 477
444 549
444 603
444 615
444 695
444 700
444 781
444 791
444 797
444 915
444 935
444 985
444 988
444 990
445 486
445 534
445 661
445 827
445 863
445 876
445 884
445 922
446 663
446 668
446 679
446 752
446 763
446 772
446 782
446 802
446 809
446 869
446 910
446 921
446 933
447 548
447 588
447 738
447 966
448 492
448 545
448 573
448 602
448 667
448 728
448 799
448 817
448 848
448 924
448 932
448 939
448 948
448 959
449 528
449 550
449 620
449 644
449 673
449 710
449 779
449 800
449 845
449 846
449 867
449 883
449 893
449 897
450 689
450 761
450 770
450 816
450 818
450 824
450 901
450 927
450 941
450 960
450 969
450 977
450 980
450 981
450 984
451 464
451 473
451 722
451 734
451 837
451 892
451 913
452 580
452 621
452 672
452 684
452 688
452 729
452 737
452 814
452 828
452 970
453 509
453 715
453 748
453 769
453 806
453 841
453 854
453 870
453 907
453 953
453 955
454 480
454 544
454 575
454 640
454 730
454 757
454 801
454 840
454 909
454 930
456 493
456 578
456 616
456 724
456 811
456 926
456 968
457 520
457 572
457 862
457 875
457 898
457 928
457 934
458 594
458 635
458 647
458 657
458 709
458 725
458 742
458 778
458 792
458 912
459 492
459 524
459 667
459 702
459 728
459 773
459 799
459 817
459 848
459 924
459 932
459 939
459 948
459 959
460 499
460 562
460 626
460 677
460 810
460 855
460 967
461 513
461 556
461 569
461 649
461 654
461 768
461 787
461 794
461 805
461 836
461 850
461 873
461 878
461 890
464 473
464 722
464 734
464 837
464 892
464 913
466 633
466 691
466 720
466 788
466 896
466 918
466 1000
467 470
467 506
467 531
467 715
467 732
467 806
467 854
467 870
467 907
467 953
467 955
468 498
468 517
468 570
468 704
468 705
468 714
468 731
468 751
468 853
468 864
468 965
469 487
469 491
469 519
469 630
469 686
469 712
469 813
469 881
469 950
469 973
470 495
470 732
470 769
470 806
470 841
470 854
470 907
470 953
470 955
473 722
473 734
473 837
473 892
473 913
474 536
474 543
474 687
474 783
474 789
474 886
474 889
474 900
474 938
474 987
475 646
475 755
475 804
475 929
476 482
476 644
476 673
476 696
476 710
476 779
476 800
476 845
476 846
476 867
476 883
476 893
476 897
477 549
477 603
477 615
477 695
477 700
477 781
477 791
477 797
477 915
477 935
477 985
477 988
477 990
478 560
478 607
478 610
478 637
478 693
478 785
478 808
478 838
478 885
478 888
480 544
480 575
480 640
480 730
480 757
480 801
480 840
480 909
480 930
482 528
482 620
482 644
482 673
482 696
482 710
482 779
482 800
482 845
482 846
482 867
482 883
482 893
482 897
486 534
486 661
486 827
486 863
486 876
486 884
486 922
487 491
487 519
487 630
487 686
487 712
487 813
487 881
487 950
487 973
488 516
488 604
488 608
488 739
488 764
488 833
488 971
488 975
491 519
491 630
491 686
491 712
491 813
491 881
491 950
491 973
492 545
492 728
492 746
492 773
492 817
492 848
492 924
492 932
492 939
492 948
492 959
493 578
493 616
493 724
493 811
493 926
493 968
495 531
495 611
495 748
495 806
495 841
495 854
495 870
495 907
495 953
495 955
498 517
498 570
498 704
498 705
498 714
498 731
498 751
498 853
498 864
498 965
499 562
499 626
499 677
499 810
499 855
499 967
500 532
500 547
500 577
500 585
500 597
500 723
500 750
500 858
500 956
500 986
501 545
501 573
501 667
501 702
501 728
501 746
501 773
501 817
501 848
501 924
501 932
501 939
501 948
501 959
506 715
506 732
506 769
506 841
506 854
506 870
506 907
506 953
506 955
508 613
508 628
508 727
508 752
508 763
508 771
508 772
508 809
508 861
508 910
508 942
508 943
509 611
509 732
509 748
509 769
509 806
509 841
509 907
509 953
509 955
511 689
511 745
511 761
511 770
511 816
511 818
511 824
511 901
511 927
511 941
511 960
511 969
511 977
511 980
511 981
511 984
512 590
512 689
512 761
512 770
512 816
512 818
512 824
512 901
512 927
512 941
512 960
512 969
512 977
512 980
512 981
512 984
513 556
513 569
513 649
513 654
513 768
513 787
513 794
513 805
513 836
513 850
513 873
513 878
513 890
515 563
515 564
515 571
515 670
515 671
515 698
515 717
515 767
515 914
515 952
516 604
516 608
516 739
516 764
516 833
516 971
516 975
517 570
517 704
517 705
517 714
517 731
517 751
517 853
517 864
517 965
519 630
519 686
519 712
519 813
519 881
519 950
519 973
520 572
520 862
520 875
520 898
520 928
520 934
522 561
522 598
522 642
522 678
522 701
522 796
522 822
522 982
523 612
523 614
523 622
523 651
523 718
523 894
524 545
524 587
524 667
524 702
524 728
524 746
524 773
524 817
524 848
524 924
524 932
524 939
524 948
524 959
527 628
527 668
527 719
527 763
527 772
527 802
527 809
527 861
527 869
527 910
527 921
527 933
527 942
527 943
528 550
528 620
528 644
528 696
528 710
528 779
528 800
528 845
528 846
528 867
528 883
528 893
528 897
531 715
531 732
531 769
531 806
531 841
531 854
531 870
531 907
531 953
531 955
532 547
532 577
532 585
532 597
532 723
532 750
532 858
532 956
532 986
534 661
534 827
534 863
534 876
534 884
534 922
536 543
536 687
536 783
536 789
536 886
536 889
536 900
536 938
536 987
538 584
538 619
538 631
538 634
538 694
538 703
538 726
538 786
538 821
538 826
538 832
538 857
538 880
538 979
543 687
543 783
543 789
543 886
543 889
543 900
543 938
543 987
544 575
544 640
544 730
544 757
544 801
544 840
544 909
544 930
545 702
545 728
545 746
545 773
545 817
545 848
545 924
545 932
545 939
545 948
545 959
547 577
547 585
547 597
547 723
547 750
547 858
547 956
547 986
548 588
548 738
548 966
549 603
549 615
549 695
549 700
549 781
549 791
549 797
549 915
549 935
549 985
549 988
549 990
550 644
550 673
550 696
550 710
550 779
550 800
550 845
550 846
550 867
550 883
550 893
550 897
555 590
555 689
555 745
555 761
555 816
555 818
555 824
555 901
555 927
555 941
555 960
555 969
555 977
555 980
555 981
555 984
556 569
556 649
556 654
556 768
556 787
556 794
556 805
556 836
556 850
556 873
556 878
556 890
557 624
557 692
557 699
557 740
557 744
557 793
557 798
557 815
557 820
557 844
557 852
560 607
560 610
560 637
560 693
560 785
560 808
560 838
560 885
560 888
561 598
561 642
561 678
561 701
561 796
561 822
561 982
562 626
562 677
562 810
562 855
562 967
563 564
563 571
563 670
563 671
563 698
563 717
563 767
563 914
563 952
564 571
564 670
564 671
564 698
564 717
564 767
564 914
564 952
567 592
567 636
567 711
569 649
569 654
569 768
569 787
569 794
569 805
569 836
569 850
569 873
569 878
569 890
570 704
570 705
570 714
570 731
570 751
570 853
570 864
570 965
571 670
571 671
571 698
571 717
571 767
571 914
571 952
572 862
572 875
572 898
572 928
572 934
573 583
573 587
573 728
573 746
573 799
573 817
573 848
573 924
573 932
573 939
573 948
573 959
575 640
575 730
575 757
575 801
575 840
575 909
575 930
577 585
577 597
577 723
577 750
577 858
577 956
577 986
578 616
578 724
578 811
578 926
578 968
580 621
580 627
580 672
580 684
580 688
580 737
580 814
580 828
580 970
582 628
582 638
582 679
582 719
582 727
582 763
582 771
582 772
582 782
582 802
582 807
582 809
582 861
582 869
582 921
582 942
582 943
583 602
583 702
583 728
583 746
583 773
583 799
583 817
583 848
583 924
583 932
583 939
583 948
583 959
584 619
584 631
584 634
584 694
584 703
584 726
584 786
584 821
584 826
584 832
584 857
584 880
584 979
585 597
585 723
585 750
585 858
585 956
585 986
587 602
587 702
587 773
587 799
587 817
587 848
587 924
587 932
587 939
587 948
587 959
588 738
588 966
590 689
590 745
590 761
590 770
590 816
590 818
590 824
590 901
590 927
590 941
590 960
590 969
590 977
590 980
590 981
590 984
592 636
592 711
594 635
594 647
594 657
594 709
594 725
594 742
594 778
594 792
594 912
597 723
597 750
597 858
597 956
597 986
598 642
598 678
598 701
598 796
598 822
598 982
602 728
602 746
602 773
602 799
602 817
602 848
602 924
602 932
602 939
602 948
602 959
603 615
603 695
603 700
603 781
603 791
603 797
603 915
603 935
603 985
603 988
603 990
604 608
604 739
604 764
604 833
604 971
604 975
607 610
607 637
607 693
607 785
607 808
607 838
607 885
607 888
608 739
608 764
608 833
608 971
608 975
610 637
610 693
610 785
610 808
610 838
610 885
610 888
611 715
611 732
611 748
611 769
611 841
611 854
611 870
611 907
611 953
611 955
612 614
612 622
612 651
612 718
612 894
613 638
613 679
613 747
613 752
613 763
613 807
613 809
613 869
613 910
613 921
613 933
613 942
613 943
614 622
614 651
614 718
614 894
615 695
615 700
615 781
615 791
615 797
615 915
615 935
615 985
615 988
615 990
616 724
616 811
616 926
616 968
619 631
619 634
619 694
619 703
619 726
619 786
619 821
619 826
619 832
619 857
619 880
619 979
620 644
620 673
620 696
620 710
620 779
620 800
620 845
620 846
620 867
620 883
620 893
620 897
621 627
621 672
621 684
621 729
621 737
621 814
621 828
621 970
622 651
622 718
622 894
624 692
624 699
624 740
624 744
624 793
624 798
624 815
624 820
624 844
624 852
626 677
626 810
626 855
626 967
627 672
627 684
627 688
627 729
627 737
627 814
627 828
627 970
628 663
628 668
628 747
628 763
628 771
628 772
628 802
628 807
628 869
628 933
628 942
628 943
630 686
630 712
630 813
630 881
630 950
630 973
631 634
631 694
631 703
631 726
631 786
631 821
631 826
631 832
631 857
631 880
631 979
633 691
633 720
633 788
633 896
633 918
633 1000
634 694
634 703
634 726
634 786
634 821
634 826
634 832
634 857
634 880
634 979
635 647
635 657
635 709
635 725
635 742
635 778
635 792
635 912
636 711
637 693
637 785
637 808
637 838
637 885
637 888
638 663
638 679
638 719
638 772
638 802
638 809
638 861
638 869
638 910
638 921
638 933
638 942
638 943
640 730
640 757
640 801
640 840
640 909
640 930
642 678
642 701
642 796
642 822
642 982
644 673
644 696
644 710
644 779
644 800
644 845
644 846
644 867
644 883
644 893
644 897
646 755
646 804
646 929
647 657
647 709
647 725
647 742
647 778
647 792
647 912
649 654
649 768
649 787
649 794
649 805
649 836
649 850
649 873
649 878
649 890
651 718
651 894
654 768
654 787
654 794
654 805
654 836
654 850
654 873
654 878
654 890
657 709
657 725
657 742
657 778
657 792
657 912
661 827
661 863
661 876
661 884
661 922
663 727
663 771
663 772
663 782
663 802
663 809
663 861
663 910
663 942
663 943
667 702
667 746
667 773
667 799
667 817
667 848
667 924
667 932
667 939
667 948
667 959
668 719
668 747
668 752
668 763
668 771
668 782
668 802
668 807
668 809
668 861
668 869
668 910
668 933
668 942
668 943
670 671
670 698
670 717
670 767
670 914
670 952
671 698
671 717
671 767
671 914
671 952
672 684
672 688
672 729
672 737
672 814
672 828
672 970
673 696
673 710
673 779
673 800
673 845
673 846
673 867
673 883
673 893
673 897
677 810
677 855
677 967
678 701
678 796
678 822
678 982
679 719
679 727
679 747
679 752
679 763
679 772
679 782
679 809
679 861
679 910
679 921
679 933
679 943
680 766
684 688
684 729
684 737
684 814
684 828
684 970
686 712
686 813
686 881
686 950
686 973
687 783
687 789
687 886
687 889
687 900
687 938
687 987
688 729
688 737
688 814
688 828
688 970
689 745
689 770
689 816
689 818
689 824
689 901
689 927
689 941
689 960
689 969
689 977
689 980
689 981
689 984
691 720
691 788
691 896
691 918
691 1000
692 699
692 740
692 744
692 793
692 798
692 815
692 820
692 844
692 852
693 785
693 808
693 838
693 885
693 888
694 703
694 726
694 786
694 821
694 826
694 832
694 857
694 880
694 979
695 700
695 781
695 791
695 797
695 915
695 935
695 985
695 988
695 990
696 710
696 779
696 800
696 845
696 846
696 867
696 883
696 893
696 897
698 717
698 767
698 914
698 952
699 740
699 744
699 793
699 798
699 815
699 820
699 844
699 852
700 781
700 791
700 797
700 915
700 935
700 985
700 988
700 990
701 796
701 822
701 982
702 728
702 746
702 773
702 799
702 817
702 848
702 924
702 932
702 939
702 948
702 959
703 726
703 786
703 821
703 826
703 832
703 857
703 880
703 979
704 705
704 714
704 731
704 751
704 853
704 864
704 965
705 714
705 731
705 751
705 853
705 864
705 965
708 823
708 947
709 725
709 742
709 778
709 792
709 912
710 779
710 800
710 845
710 846
710 867
710 883
710 893
710 897
712 813
712 881
712 950
712 973
714 731
714 751
714 853
714 864
714 965
715 732
715 748
715 769
715 806
715 841
715 854
715 870
715 907
715 953
715 955
717 767
717 914
717 952
718 894
719 727
719 752
719 763
719 807
719 861
719 910
719 933
719 942
719 943
720 788
720 896
720 918
720 1000
722 734
722 837
722 892
722 913
723 750
723 858
723 956
723 986
724 811
724 926
724 968
725 742
725 778
725 792
725 912
726 786
726 821
726 826
726 832
726 857
726 880
726 979
727 747
727 771
727 782
727 807
727 861
727 869
727 910
727 921
727 933
727 942
727 943
728 746
728 773
728 799
728 817
728 848
728 924
728 932
728 939
728 948
728 959
729 737
729 814
729 828
729 970
730 757
730 801
730 840
730 909
730 930
731 751
731 853
731 864
731 965
732 769
732 806
732 841
732 854
732 870
732 907
732 953
732 955
734 837
734 892
734 913
737 814
737 828
737 970
738 966
739 764
739 833
739 971
739 975
740 744
740 793
740 798
740 815
740 820
740 844
740 852
742 778
742 792
742 912
744 793
744 798
744 815
744 820
744 844
744 852
745 761
745 770
745 816
745 818
745 824
745 901
745 927
745 941
745 960
745 969
745 977
745 980
745 981
745 984
746 773
746 799
746 817
746 924
746 932
746 939
746 948
746 959
747 752
747 772
747 807
747 809
747 861
747 869
747 910
747 921
747 933
747 942
748 769
748 806
748 841
748 854
748 870
748 907
748 953
748 955
750 858
750 956
750 986
751 853
751 864
751 965
752 763
752 782
752 802
752 809
752 861
752 869
752 910
752 921
752 933
752 942
752 943
755 804
755 929
757 801
757 840
757 909
757 930
761 816
761 818
761 824
761 901
761 927
761 941
761 960
761 969
761 977
761 980
761 981
761 984
763 771
763 782
763 802
763 807
763 809
763 861
763 869
763 910
763 921
763 933
763 942
763 943
764 833
764 971
764 975
766 859
766 961
767 914
767 952
768 787
768 794
768 805
768 836
768 850
768 873
768 878
768 890
769 854
769 870
769 907
769 953
769 955
770 816
770 818
770 824
770 901
770 927
770 941
770 960
770 969
770 977
770 980
770 981
770 984
771 772
771 782
771 802
771 807
771 809
771 861
771 869
771 910
771 921
771 933
771 942
771 943
772 782
772 802
772 809
772 869
772 921
772 933
772 942
772 943
773 799
773 848
773 924
773 932
773 939
773 948
773 959
778 792
778 912
779 800
779 845
779 846
779 867
779 883
779 893
779 897
781 791
781 797
781 915
781 935
781 985
781 988
781 990
782 802
782 869
782 910
782 921
782 933
782 942
782 943
783 789
783 886
783 889
783 900
783 938
783 987
785 808
785 838
785 885
785 888
786 821
786 826
786 832
786 857
786 880
786 979
787 794
787 805
787 836
787 850
787 873
787 878
787 890
788 896
788 918
788 1000
789 886
789 889
789 900
789 938
789 987
791 797
791 915
791 935
791 985
791 988
791 990
792 912
793 798
793 815
793 820
793 844
793 852
794 805
794 836
794 850
794 873
794 878
794 890
796 822
796 982
797 915
797 935
797 985
797 988
797 990
798 815
798 820
798 844
798 852
799 817
799 848
799 924
799 932
799 939
799 948
799 959
800 845
800 846
800 867
800 883
800 893
800 897
801 840
801 909
801 930
802 807
802 809
802 861
802 869
802 910
802 921
802 942
804 929
805 836
805 850
805 873
805 878
805 890
806 854
806 870
806 907
806 953
806 955
807 809
807 861
807 910
807 921
807 933
807 942
807 943
808 838
808 885
808 888
809 861
809 869
809 910
809 921
809 933
809 942
810 855
810 967
811 926
811 968
813 881
813 950
813 973
814 828
814 970
815 820
815 844
815 852
816 818
816 824
816 901
816 927
816 941
816 960
816 969
816 977
816 980
816 981
816 984
817 848
817 924
817 932
817 939
817 948
817 959
818 824
818 901
818 927
818 941
818 960
818 969
818 977
818 980
818 981
818 984
820 844
820 852
821 826
821 832
821 857
821 880
821 979
822 982
823 947
824 901
824 927
824 941
824 960
824 969
824 977
824 980
824 981
824 984
826 832
826 857
826 880
826 979
827 863
827 876
827 884
827 922
828 970
832 857
832 880
832 979
833 971
833 975
836 850
836 873
836 878
836 890
837 892
837 913
838 885
838 888
840 909
840 930
841 854
841 870
841 907
841 953
841 955
844 852
845 846
845 867
845 883
845 893
845 897
846 867
846 883
846 893
846 897
848 924
848 932
848 939
848 948
848 959
850 873
850 878
850 890
853 864
853 965
854 870
854 907
854 953
854 955
855 967
857 880
857 979
858 956
858 986
859 961
861 869
861 910
861 921
861 933
861 942
861 943
862 875
862 898
862 928
862 934
863 876
863 884
863 922
864 965
867 883
867 893
867 897
867 990
869 910
869 921
869 933
869 942
869 943
870 907
870 953
870 955
873 878
873 890
875 898
875 928
875 934
876 884
876 922
878 890
880 979
881 950
881 973
883 893
883 897
884 922
885 888
886 889
886 900
886 938
886 987
889 900
889 938
889 987
892 913
893 897
896 918
896 1000
898 928
898 934
900 938
900 987
901 927
901 941
901 960
901 969
901 977
901 980
901 981
901 984
907 953
907 955
909 930
910 933
910 942
910 943
914 952
915 935
915 985
915 988
915 990
918 1000
921 933
921 942
921 943
924 932
924 939
924 948
924 959
926 968
927 941
927 960
927 969
927 977
927 980
927 981
927 984
928 934
932 939
932 948
932 959
933 942
933 943
935 985
935 988
935 990
938 987
939 948
939 959
941 960
941 969
941 977
941 980
941 981
941 984
942 943
948 959
950 973
953 955
956 986
960 969
960 977
960 980
960 981
960 984
969 977
969 980
969 981
969 984
971 975
977 980
977 981
977 984
980 981
980 984
981 984
985 988
985 990
988 990
