1 391
1 547
1 561
1 577
1 597
1 723
1 750
1 858
1 956
1 986
3 229
3 621
3 672
3 688
3 729
3 737
3 814
3 828
3 896
3 970
4 110
4 309
4 418
4 516
4 604
4 608
4 739
4 833
4 967
4 971
5 458
5 635
5 647
5 657
5 709
5 725
5 742
5 778
5 912
5 929
11 770
11 818
11 824
11 927
11 941
11 960
11 969
11 977
11 980
11 984
12 755
12 768
12 787
12 794
12 805
12 836
12 850
12 873
12 878
12 890
15 142
15 433
15 732
15 748
15 841
15 854
15 870
15 907
15 953
15 955
16 583
16 746
16 773
16 817
16 822
16 924
16 932
16 939
16 948
16 959
20 138
20 407
20 412
20 498
20 517
20 570
20 731
20 751
20 853
20 864
22 391
22 421
22 561
22 585
22 597
22 723
22 750
22 858
22 956
22 986
24 446
24 450
24 540
24 679
24 713
24 716
24 796
24 901
24 961
24 965
25 39
25 413
25 692
25 727
25 793
25 811
25 884
25 925
25 997
25 1000
26 594
26 607
26 610
26 638
26 693
26 785
26 808
26 838
26 885
26 888
27 62
27 284
27 295
27 341
27 368
27 592
27 633
27 636
27 711
27 933
28 448
28 773
28 817
28 822
28 913
28 924
28 932
28 939
28 948
28 959
31 335
31 453
31 467
31 611
31 732
31 854
31 870
31 907
31 953
31 955
32 755
32 768
32 787
32 794
32 805
32 836
32 850
32 873
32 878
32 890
33 755
33 768
33 787
33 794
33 805
33 836
33 850
33 873
33 878
33 890
36 458
36 635
36 647
36 657
36 709
36 725
36 742
36 778
36 912
36 929
37 344
37 399
37 474
37 536
37 543
37 687
37 783
37 886
37 889
37 987
38 458
38 635
38 647
38 657
38 709
38 725
38 742
38 778
38 912
38 929
39 406
39 692
39 727
39 793
39 811
39 884
39 925
39 997
39 1000
40 75
40 406
40 692
40 727
40 793
40 811
40 884
40 925
40 997
40 1000
42 395
42 897
44 478
44 534
44 622
44 627
44 674
44 721
44 863
44 900
44 949
44 998
46 303
46 438
46 508
46 532
46 562
46 628
46 697
46 882
46 928
46 983
47 438
47 455
47 508
47 532
47 562
47 628
47 697
47 882
47 928
47 983
48 563
48 564
48 670
48 671
48 698
48 717
48 767
48 845
48 952
49 547
49 577
49 585
49 597
49 723
49 750
49 858
49 956
49 986
50 634
50 694
50 703
50 726
50 766
50 786
50 832
50 857
50 880
50 979
51 183
51 232
51 240
51 272
51 414
51 428
51 466
51 720
51 788
51 918
52 259
52 307
52 326
52 432
52 523
52 612
52 614
52 651
52 678
52 718
53 200
53 455
53 508
53 532
53 562
53 628
53 697
53 882
53 928
53 983
54 594
54 607
54 610
54 638
54 693
54 785
54 808
54 838
54 885
54 888
56 799
56 817
56 822
56 848
56 913
56 924
56 932
56 939
56 948
56 959
57 524
57 545
57 728
57 773
57 913
57 924
57 932
57 939
57 948
57 959
59 289
59 317
59 329
59 330
59 520
59 572
59 804
59 862
59 875
59 898
62 284
62 295
62 341
62 368
62 592
62 633
62 636
62 711
62 933
64 603
64 615
64 695
64 781
64 791
64 915
64 975
64 985
64 988
64 990
65 203
65 410
65 672
65 684
65 688
65 729
65 814
65 828
65 896
65 970
66 69
66 230
66 813
66 859
66 1000
67 594
67 607
67 610
67 638
67 693
67 785
67 808
67 838
67 885
67 888
68 635
68 647
68 657
68 709
68 725
68 742
68 778
68 912
68 929
69 230
69 813
69 859
70 406
70 413
70 692
70 727
70 793
70 811
70 884
70 925
70 997
70 1000
73 220
73 241
73 333
73 429
73 656
73 691
73 834
73 866
73 894
73 964
75 413
75 692
75 727
75 793
75 811
75 884
75 925
75 997
75 1000
76 386
76 470
76 611
76 616
76 732
76 806
76 841
76 907
76 953
76 955
77 364
77 435
77 447
77 475
77 548
77 588
77 738
77 789
77 797
77 966
78 338
78 355
78 432
78 523
78 612
78 614
78 651
78 678
78 718
79 435
79 443
79 475
79 548
79 588
79 738
79 789
79 797
79 966
81 345
81 423
81 456
81 493
81 578
81 724
81 869
81 892
81 914
81 968
82 94
82 433
82 531
82 616
82 748
82 806
82 841
82 907
82 953
82 955
83 746
83 822
83 848
83 913
83 924
83 932
83 939
83 948
83 959
85 357
85 443
85 447
85 475
85 548
85 588
85 738
85 789
85 797
85 966
86 289
86 317
86 329
86 330
86 520
86 572
86 804
86 862
86 875
86 898
87 602
87 702
87 728
87 848
87 913
87 924
87 932
87 939
87 948
87 959
90 631
90 694
90 703
90 726
90 766
90 786
90 832
90 857
90 880
90 979
92 202
92 407
92 412
92 498
92 517
92 570
92 731
92 751
92 853
92 864
93 385
93 501
93 822
93 848
93 913
93 924
93 932
93 939
93 948
93 959
94 452
94 470
94 531
94 748
94 806
94 841
94 907
94 953
94 955
96 571
96 620
96 644
96 710
96 779
96 800
96 846
96 867
96 883
96 893
98 640
98 705
98 730
98 757
98 801
98 840
98 909
98 930
98 935
98 938
99 619
99 694
99 703
99 726
99 766
99 786
99 832
99 857
99 880
99 979
101 446
101 450
101 540
101 679
101 713
101 716
101 796
101 901
101 961
101 965
103 452
103 495
103 506
103 509
103 715
103 769
103 854
103 907
103 953
103 955
104 745
104 761
104 824
104 927
104 941
104 960
104 969
104 977
104 980
104 984
105 213
105 296
105 374
105 430
105 468
105 500
105 661
105 827
105 876
105 922
109 233
109 458
109 635
109 647
109 657
109 709
109 725
109 742
109 778
109 912
109 929
110 226
110 309
110 418
110 516
110 604
110 608
110 739
110 833
110 967
110 971
112 119
112 250
112 294
112 436
112 488
112 522
112 598
112 642
112 701
112 764
112 982
113 745
113 816
113 818
113 824
113 927
113 941
113 960
113 969
113 977
113 980
113 984
114 116
114 131
114 557
114 624
114 646
114 740
114 744
114 815
114 820
114 844
114 852
115 164
115 226
115 309
115 418
115 516
115 604
115 608
115 739
115 833
115 967
115 971
116 297
116 557
116 624
116 646
116 740
116 744
116 815
116 820
116 844
116 852
118 704
118 770
118 816
118 818
118 927
118 941
118 960
118 969
118 977
118 980
118 984
119 294
119 339
119 436
119 488
119 522
119 598
119 642
119 701
119 764
119 982
120 550
120 571
120 673
120 696
120 710
120 779
120 800
120 846
120 867
120 883
120 893
122 291
122 515
122 563
122 564
122 670
122 671
122 698
122 717
122 767
122 845
122 952
123 575
123 640
123 705
123 730
123 757
123 801
123 840
123 909
123 930
123 935
123 938
124 380
124 384
124 580
124 672
124 684
124 688
124 737
124 814
124 828
124 896
124 970
125 159
125 547
125 561
125 577
125 585
125 597
125 723
125 750
125 858
125 956
125 986
126 170
126 366
126 672
126 684
126 688
126 729
126 737
126 814
126 828
126 896
126 970
127 233
127 458
127 635
127 647
127 657
127 709
127 725
127 742
127 778
127 912
127 929
128 262
128 385
128 667
128 746
128 848
128 913
128 924
128 932
128 939
128 948
128 959
131 297
131 557
131 624
131 646
131 740
131 744
131 815
131 820
131 844
131 852
132 631
132 634
132 694
132 703
132 726
132 766
132 786
132 832
132 857
132 880
132 979
133 229
133 322
133 366
133 684
133 688
133 729
133 737
133 814
133 828
133 896
133 970
134 689
134 816
134 818
134 824
134 927
134 941
134 960
134 969
134 977
134 980
134 984
135 170
135 239
135 410
135 621
135 672
135 729
135 737
135 814
135 828
135 896
135 970
136 761
136 816
136 818
136 824
136 927
136 941
136 960
136 969
136 977
136 980
136 984
137 308
137 515
137 563
137 564
137 670
137 671
137 698
137 717
137 767
137 845
137 952
138 202
138 407
138 412
138 498
138 517
138 570
138 731
138 751
138 853
138 864
139 238
139 515
139 563
139 564
139 670
139 671
139 698
139 717
139 767
139 845
139 952
140 181
140 192
140 220
140 356
140 429
140 656
140 691
140 834
140 866
140 894
140 964
141 291
141 515
141 563
141 564
141 670
141 671
141 698
141 717
141 767
141 845
141 952
142 212
142 453
142 732
142 748
142 806
142 870
142 907
142 953
142 955
143 229
143 380
143 580
143 672
143 684
143 729
143 737
143 814
143 828
143 896
143 970
144 186
144 406
144 413
144 692
144 727
144 793
144 811
144 884
144 925
144 997
144 1000
145 153
145 446
145 450
145 540
145 679
145 713
145 716
145 796
145 901
145 961
145 965
146 560
146 594
146 607
146 610
146 638
146 693
146 785
146 808
146 838
146 885
146 888
147 188
147 289
147 317
147 329
147 330
147 520
147 572
147 804
147 862
147 875
147 898
148 172
148 297
148 557
148 624
148 646
148 740
148 744
148 815
148 820
148 844
148 852
150 307
150 326
150 338
150 355
150 432
150 523
150 612
150 614
150 651
150 678
150 718
151 573
151 667
151 817
151 822
151 848
151 913
151 924
151 932
151 939
151 948
151 959
152 342
152 470
152 509
152 611
152 715
152 841
152 854
152 870
152 907
152 953
152 955
153 215
153 332
153 540
153 679
153 713
153 716
153 796
153 901
153 961
153 965
154 291
154 515
154 563
154 564
154 670
154 671
154 698
154 717
154 767
154 845
154 952
155 560
155 594
155 607
155 610
155 638
155 693
155 785
155 808
155 838
155 885
155 888
156 201
156 336
156 352
156 474
156 536
156 543
156 687
156 783
156 886
156 889
156 987
159 547
159 561
159 577
159 585
159 597
159 723
159 750
159 858
159 956
159 986
161 239
161 366
161 384
161 621
161 684
161 729
161 737
161 814
161 828
161 896
161 970
164 226
164 309
164 418
164 516
164 604
164 608
164 739
164 833
164 967
164 971
170 580
170 672
170 684
170 688
170 737
170 814
170 828
170 896
170 970
172 297
172 557
172 624
172 646
172 740
172 744
172 815
172 820
172 844
172 852
176 207
176 294
176 339
176 436
176 488
176 522
176 598
176 642
176 701
176 764
176 982
178 714
178 755
178 768
178 787
178 794
178 805
178 836
178 850
178 873
178 878
178 890
181 241
181 333
181 356
181 429
181 656
181 691
181 834
181 866
181 894
181 964
183 232
183 240
183 272
183 414
183 428
183 466
183 720
183 788
183 918
185 567
185 573
185 667
185 702
185 799
185 822
185 924
185 932
185 939
185 948
185 959
186 406
186 413
186 692
186 727
186 793
186 811
186 884
186 925
186 997
186 1000
188 289
188 317
188 329
188 330
188 520
188 572
188 804
188 862
188 875
188 898
189 221
189 345
189 423
189 456
189 493
189 578
189 724
189 869
189 892
189 914
189 968
192 231
192 333
192 356
192 429
192 656
192 691
192 834
192 866
192 894
192 964
193 266
193 421
193 561
193 577
193 585
193 597
193 723
193 750
193 858
193 956
193 986
195 761
195 770
195 816
195 824
195 927
195 941
195 960
195 969
195 977
195 980
195 984
198 545
198 746
198 799
198 817
198 848
198 913
198 924
198 932
198 939
198 948
198 959
200 438
200 455
200 508
200 532
200 562
200 628
200 697
200 882
200 928
200 983
201 269
201 336
201 352
201 536
201 543
201 687
201 783
201 886
201 889
201 987
202 407
202 412
202 498
202 517
202 570
202 731
202 751
202 853
202 864
203 229
203 380
203 621
203 688
203 729
203 737
203 814
203 828
203 896
203 970
205 745
205 816
205 818
205 824
205 927
205 941
205 960
205 969
205 977
205 980
205 984
206 332
206 446
206 450
206 540
206 679
206 713
206 716
206 796
206 901
206 961
206 965
207 250
207 339
207 436
207 488
207 522
207 598
207 642
207 701
207 764
207 982
210 213
210 234
210 296
210 374
210 430
210 468
210 500
210 661
210 827
210 876
210 922
211 451
211 464
211 473
211 699
211 700
211 722
211 734
211 747
211 798
211 821
211 837
212 342
212 470
212 616
212 748
212 769
212 841
212 854
212 870
212 953
212 955
213 234
213 296
213 374
213 430
213 468
213 500
213 661
213 827
213 876
213 922
214 457
214 478
214 534
214 622
214 627
214 674
214 721
214 863
214 900
214 949
214 998
215 332
215 446
215 450
215 540
215 679
215 713
215 716
215 796
215 901
215 961
215 965
216 476
216 482
216 528
216 620
216 673
216 696
216 779
216 800
216 846
216 867
216 883
216 893
219 619
219 631
219 634
219 694
219 703
219 726
219 766
219 786
219 832
219 857
219 880
219 979
220 231
220 241
220 356
220 429
220 656
220 691
220 834
220 866
220 894
220 964
221 345
221 423
221 456
221 493
221 578
221 724
221 869
221 892
221 914
221 968
224 357
224 364
224 435
224 443
224 447
224 475
224 548
224 588
224 738
224 789
224 797
224 966
225 247
225 316
225 452
225 509
225 531
225 732
225 841
225 854
225 870
225 907
225 953
225 955
226 309
226 418
226 516
226 604
226 608
226 739
226 833
226 967
226 971
229 684
229 688
229 729
229 737
229 814
229 828
229 896
229 970
230 813
230 859
231 241
231 333
231 356
231 429
231 656
231 691
231 834
231 866
231 894
231 964
232 240
232 272
232 414
232 428
232 466
232 720
232 788
232 918
233 458
233 635
233 647
233 657
233 709
233 725
233 742
233 778
233 912
233 929
234 296
234 374
234 430
234 468
234 500
234 661
234 827
234 876
234 922
235 452
235 611
235 715
235 732
235 748
235 769
235 841
235 854
235 870
235 907
235 953
235 955
236 391
236 421
236 547
236 561
236 577
236 585
236 597
236 723
236 750
236 858
236 956
236 986
238 308
238 515
238 563
238 564
238 670
238 671
238 698
238 717
238 767
238 845
238 952
239 366
239 380
239 580
239 684
239 729
239 737
239 814
239 828
239 896
239 970
240 272
240 414
240 428
240 466
240 720
240 788
240 918
241 333
241 356
241 656
241 691
241 834
241 866
241 894
241 964
246 357
246 364
246 435
246 443
246 447
246 475
246 548
246 588
246 738
246 789
246 797
246 966
247 509
247 715
247 732
247 769
247 806
247 841
247 854
247 870
247 907
247 953
247 955
250 294
250 339
250 436
250 488
250 522
250 598
250 642
250 701
250 764
250 982
251 379
251 451
251 464
251 473
251 699
251 700
251 722
251 734
251 747
251 798
251 821
251 837
255 449
255 528
255 644
255 673
255 696
255 710
255 779
255 800
255 846
255 867
255 883
255 893
259 307
259 326
259 338
259 355
259 432
259 523
259 612
259 614
259 651
259 678
259 718
262 404
262 602
262 702
262 773
262 799
262 848
262 913
262 932
262 939
262 948
262 959
264 311
264 437
264 528
264 673
264 696
264 710
264 779
264 800
264 846
264 867
264 883
264 893
266 421
266 547
266 561
266 577
266 585
266 597
266 723
266 750
266 858
266 956
266 986
267 269
267 306
267 336
267 399
267 474
267 536
267 543
267 687
267 783
267 886
267 889
267 987
269 280
269 306
269 474
269 536
269 543
269 687
269 783
269 886
269 889
269 987
270 274
270 303
270 438
270 455
270 508
270 532
270 562
270 628
270 697
270 882
270 928
270 983
272 414
272 428
272 466
272 720
272 788
272 918
274 303
274 438
274 455
274 508
274 532
274 562
274 628
274 697
274 882
274 928
274 983
275 477
275 549
275 603
275 615
275 695
275 781
275 791
275 915
275 975
275 985
275 988
275 990
278 619
278 631
278 634
278 694
278 703
278 726
278 766
278 786
278 832
278 857
278 880
278 979
279 544
279 575
279 640
279 705
279 730
279 757
279 801
279 840
279 909
279 930
279 935
279 938
280 306
280 336
280 399
280 474
280 536
280 543
280 687
280 783
280 886
280 889
280 987
281 476
281 550
281 571
281 673
281 696
281 710
281 779
281 800
281 846
281 867
281 883
281 893
283 365
283 382
283 560
283 594
283 607
283 610
283 638
283 693
283 785
283 808
283 838
283 885
283 888
284 295
284 341
284 368
284 592
284 633
284 636
284 711
284 933
286 583
286 667
286 728
286 773
286 799
286 817
286 848
286 913
286 924
286 932
286 939
286 948
286 959
289 317
289 329
289 330
289 520
289 572
289 804
289 862
289 875
289 898
290 704
290 761
290 770
290 816
290 818
290 824
290 927
290 941
290 960
290 969
290 977
290 980
290 984
291 308
291 563
291 564
291 670
291 671
291 698
291 717
291 767
291 845
291 952
294 339
294 436
294 488
294 522
294 598
294 642
294 701
294 764
294 982
295 341
295 368
295 592
295 633
295 636
295 711
295 933
296 374
296 430
296 468
296 500
296 661
296 827
296 876
296 922
297 557
297 624
297 646
297 740
297 744
297 815
297 820
297 844
297 852
303 438
303 455
303 508
303 532
303 562
303 628
303 697
303 882
303 928
303 983
305 444
305 477
305 549
305 603
305 615
305 695
305 781
305 791
305 915
305 975
305 985
305 988
305 990
306 344
306 399
306 474
306 536
306 543
306 687
306 783
306 886
306 889
306 987
307 326
307 338
307 355
307 432
307 523
307 612
307 614
307 651
307 678
307 718
308 515
308 563
308 564
308 670
308 671
308 698
308 717
308 767
308 845
308 952
309 418
309 516
309 604
309 608
309 739
309 833
309 967
309 971
311 437
311 620
311 644
311 673
311 710
311 779
311 800
311 846
311 867
311 883
311 893
313 476
313 528
313 550
313 571
313 620
313 644
313 696
313 779
313 800
313 846
313 867
313 883
313 893
315 584
315 619
315 631
315 634
315 694
315 703
315 726
315 766
315 786
315 832
315 857
315 880
315 979
316 335
316 386
316 433
316 732
316 748
316 769
316 806
316 854
316 870
316 907
316 953
316 955
317 329
317 330
317 520
317 572
317 804
317 862
317 875
317 898
318 370
318 372
318 457
318 478
318 534
318 622
318 627
318 674
318 721
318 863
318 900
318 949
318 998
319 370
319 372
319 457
319 478
319 534
319 622
319 627
319 674
319 721
319 863
319 900
319 949
319 998
321 649
321 654
321 714
321 755
321 768
321 787
321 794
321 805
321 836
321 850
321 873
321 878
321 890
322 366
322 384
322 580
322 621
322 672
322 684
322 688
322 729
322 814
322 828
322 896
322 970
325 365
325 382
325 560
325 594
325 607
325 610
325 638
325 693
325 785
325 808
325 838
325 885
325 888
326 338
326 355
326 432
326 523
326 612
326 614
326 651
326 678
326 718
329 330
329 520
329 572
329 804
329 862
329 875
329 898
330 520
330 572
330 804
330 862
330 875
330 898
332 446
332 450
332 540
332 679
332 713
332 716
332 796
332 901
332 961
332 965
333 356
333 429
333 656
333 691
333 834
333 866
333 894
333 964
335 433
335 467
335 470
335 506
335 732
335 769
335 841
335 854
335 907
335 953
335 955
336 344
336 352
336 399
336 543
336 687
336 783
336 886
336 889
336 987
337 480
337 544
337 575
337 640
337 705
337 730
337 757
337 801
337 840
337 909
337 930
337 935
337 938
338 355
338 432
338 523
338 612
338 614
338 651
338 678
338 718
339 436
339 488
339 522
339 598
339 642
339 701
339 764
339 982
341 368
341 592
341 633
341 636
341 711
341 933
342 452
342 453
342 470
342 715
342 748
342 806
342 841
342 870
342 907
342 953
342 955
343 649
343 654
343 714
343 755
343 768
343 787
343 794
343 805
343 836
343 850
343 873
343 878
343 890
344 352
344 399
344 474
344 536
344 543
344 687
344 783
344 886
344 889
344 987
345 423
345 456
345 493
345 578
345 724
345 869
345 892
345 914
345 968
352 399
352 474
352 536
352 543
352 687
352 783
352 886
352 889
352 987
355 432
355 523
355 612
355 614
355 651
355 678
355 718
356 429
356 656
356 691
356 834
356 866
356 894
356 964
357 364
357 435
357 443
357 447
357 475
357 548
357 588
357 738
357 789
357 797
357 966
358 454
358 480
358 544
358 575
358 640
358 705
358 730
358 757
358 801
358 840
358 909
358 930
358 935
358 938
363 689
363 704
363 745
363 761
363 770
363 816
363 818
363 927
363 941
363 960
363 969
363 977
363 980
363 984
364 435
364 443
364 447
364 475
364 548
364 588
364 738
364 789
364 797
364 966
365 382
365 560
365 594
365 607
365 610
365 638
365 693
365 785
365 808
365 838
365 885
365 888
366 621
366 672
366 684
366 688
366 729
366 814
366 828
366 896
366 970
368 592
368 633
368 636
368 711
368 933
370 372
370 457
370 478
370 534
370 622
370 627
370 674
370 721
370 863
370 900
370 949
370 998
372 457
372 478
372 534
372 622
372 627
372 674
372 721
372 863
372 900
372 949
372 998
373 538
373 584
373 619
373 631
373 634
373 694
373 703
373 726
373 766
373 786
373 832
373 857
373 880
373 979
374 430
374 468
374 500
374 661
374 827
374 876
374 922
379 451
379 464
379 473
379 699
379 700
379 722
379 734
379 747
379 798
379 821
379 837
380 410
380 580
380 621
380 672
380 688
380 737
380 814
380 828
380 896
380 970
382 560
382 594
382 607
382 610
382 638
382 693
382 785
382 808
382 838
382 885
382 888
384 580
384 621
384 672
384 684
384 688
384 729
384 737
384 814
384 828
384 896
384 970
385 587
385 602
385 667
385 746
385 773
385 817
385 913
385 924
385 932
385 939
385 948
385 959
386 467
386 495
386 506
386 531
386 715
386 769
386 806
386 854
386 870
386 907
386 953
386 955
391 421
391 547
391 561
391 577
391 585
391 597
391 723
391 750
391 858
391 956
391 986
395 897
397 538
397 584
397 619
397 631
397 634
397 694
397 703
397 726
397 766
397 786
397 832
397 857
397 880
397 979
399 474
399 536
399 687
399 783
399 886
399 889
399 987
404 492
404 587
404 728
404 746
404 799
404 822
404 848
404 913
404 924
404 932
404 939
404 948
404 959
405 556
405 649
405 654
405 714
405 755
405 768
405 787
405 794
405 805
405 836
405 850
405 873
405 878
405 890
406 413
406 692
406 727
406 793
406 811
406 884
406 925
406 997
406 1000
407 412
407 498
407 517
407 570
407 731
407 751
407 853
407 864
410 580
410 621
410 672
410 684
410 688
410 729
410 737
410 814
410 828
410 896
410 970
412 498
412 517
412 570
412 731
412 751
412 853
412 864
413 692
413 727
413 793
413 811
413 884
413 925
413 997
413 1000
414 428
414 466
414 720
414 788
414 918
418 516
418 604
418 608
418 739
418 833
418 967
418 971
421 547
421 561
421 577
421 585
421 597
421 723
421 750
421 858
421 956
421 986
423 429
423 456
423 493
423 578
423 724
423 869
423 892
423 914
423 968
424 689
424 704
424 745
424 761
424 770
424 816
424 818
424 824
424 927
424 941
424 960
424 969
424 977
424 980
424 984
425 689
425 704
425 745
425 761
425 770
425 816
425 818
425 824
425 927
425 941
425 960
425 969
425 977
425 980
425 984
426 433
426 470
426 531
426 616
426 715
426 732
426 748
426 769
426 806
426 841
426 854
426 870
426 907
426 953
426 955
428 466
428 720
428 788
428 918
429 656
429 691
429 834
429 866
429 894
429 964
430 468
430 500
430 661
430 827
430 876
430 922
432 523
432 612
432 614
432 651
432 678
432 718
433 495
433 506
433 611
433 715
433 769
433 854
433 870
433 907
433 953
433 955
435 443
435 447
435 475
435 548
435 588
435 738
435 789
435 797
435 966
436 488
436 522
436 598
436 642
436 701
436 764
436 982
437 449
437 528
437 571
437 620
437 673
437 696
437 710
437 779
437 800
437 846
437 867
437 883
437 893
438 455
438 508
438 532
438 562
438 628
438 697
438 882
438 928
438 983
442 590
442 689
442 745
442 761
442 770
442 816
442 818
442 824
442 927
442 941
442 960
442 969
442 977
442 980
442 984
443 447
443 475
443 548
443 588
443 738
443 789
443 797
443 966
444 477
444 549
444 603
444 615
444 695
444 781
444 791
444 915
444 975
444 985
444 988
444 990
446 450
446 540
446 679
446 713
446 716
446 796
446 901
446 961
446 965
447 475
447 548
447 588
447 738
447 789
447 797
447 966
448 459
448 524
448 567
448 602
448 746
448 799
448 817
448 822
448 848
448 924
448 932
448 939
448 948
448 959
449 482
449 550
449 571
449 644
449 673
449 696
449 710
449 779
449 800
449 846
449 867
449 883
449 893
450 540
450 679
450 713
450 716
450 796
450 901
450 961
450 965
451 464
451 473
451 699
451 700
451 722
451 734
451 747
451 798
451 821
451 837
452 467
452 506
452 531
452 769
452 841
452 854
452 870
452 907
452 953
452 955
453 467
453 470
453 506
453 748
453 769
453 806
453 841
453 854
453 870
453 907
453 953
453 955
454 480
454 544
454 575
454 640
454 705
454 730
454 757
454 801
454 840
454 909
454 930
454 935
454 938
455 508
455 532
455 562
455 628
455 697
455 882
455 928
455 983
456 493
456 578
456 724
456 869
456 892
456 914
456 968
457 478
457 534
457 622
457 627
457 674
457 721
457 863
457 900
457 949
457 998
458 635
458 647
458 657
458 709
458 725
458 742
458 778
458 912
458 929
459 501
459 567
459 667
459 702
459 773
459 799
459 817
459 848
459 913
459 924
459 932
459 939
459 948
459 959
461 556
461 569
461 649
461 654
461 714
461 755
461 768
461 787
461 794
461 805
461 836
461 850
461 873
461 878
461 890
464 473
464 699
464 700
464 722
464 734
464 747
464 798
464 821
464 837
466 720
466 788
466 918
467 470
467 611
467 616
467 806
467 841
467 854
467 870
467 907
467 953
467 955
468 500
468 661
468 827
468 876
468 922
470 748
470 806
470 854
470 907
470 953
470 955
473 699
473 700
473 722
473 734
473 747
473 798
473 821
473 837
474 536
474 543
474 687
474 783
474 886
474 889
474 987
475 548
475 588
475 738
475 789
475 797
475 966
476 528
476 550
476 620
476 644
476 673
476 696
476 710
476 779
476 800
476 846
476 867
476 883
476 893
477 549
477 603
477 615
477 695
477 781
477 791
477 915
477 975
477 985
477 988
477 990
478 534
478 622
478 627
478 674
478 721
478 863
478 900
478 949
478 998
480 544
480 575
480 640
480 705
480 730
480 757
480 801
480 840
480 909
480 930
480 935
480 938
482 528
482 550
482 571
482 620
482 644
482 673
482 696
482 710
482 779
482 800
482 846
482 867
482 883
482 893
488 522
488 598
488 642
488 701
488 764
488 982
492 524
492 545
492 573
492 702
492 728
492 746
492 773
492 817
492 822
492 848
492 913
492 924
492 939
492 948
492 959
493 578
493 724
493 869
493 892
493 914
493 968
495 509
495 611
495 715
495 732
495 748
495 769
495 806
495 841
495 854
495 870
495 907
495 953
495 955
498 517
498 570
498 731
498 751
498 853
498 864
500 661
500 827
500 876
500 922
501 524
501 602
501 702
501 728
501 746
501 773
501 799
501 848
501 913
501 924
501 932
501 939
501 948
501 959
506 611
506 715
506 748
506 806
506 841
506 854
506 870
506 907
506 953
506 955
508 532
508 562
508 628
508 697
508 882
508 928
508 983
509 611
509 616
509 715
509 732
509 769
509 806
509 841
509 870
509 907
509 953
509 955
512 590
512 689
512 704
512 745
512 761
512 770
512 816
512 818
512 824
512 927
512 941
512 960
512 969
512 977
512 980
512 984
513 556
513 569
513 649
513 654
513 714
513 755
513 768
513 787
513 794
513 805
513 836
513 850
513 873
513 878
513 890
515 563
515 564
515 670
515 671
515 698
515 717
515 767
515 845
515 952
516 604
516 608
516 739
516 833
516 967
516 971
517 570
517 731
517 751
517 853
517 864
520 572
520 804
520 862
520 875
520 898
522 598
522 642
522 701
522 764
522 982
523 612
523 614
523 651
523 678
523 718
524 545
524 583
524 602
524 702
524 728
524 746
524 822
524 913
524 924
524 932
524 939
524 948
524 959
528 550
528 644
528 673
528 696
528 779
528 800
528 846
528 867
528 883
528 893
531 611
531 616
531 715
531 732
531 748
531 806
531 854
531 870
531 907
531 953
531 955
532 562
532 628
532 697
532 882
532 928
532 983
534 622
534 627
534 674
534 721
534 863
534 900
534 949
534 998
536 543
536 687
536 783
536 886
536 889
536 987
538 584
538 619
538 631
538 634
538 694
538 703
538 726
538 766
538 786
538 832
538 857
538 880
538 979
540 679
540 713
540 716
540 796
540 901
540 961
540 965
543 687
543 783
543 886
543 889
543 987
544 575
544 640
544 705
544 730
544 757
544 801
544 840
544 909
544 930
544 935
544 938
545 587
545 667
545 702
545 799
545 817
545 822
545 848
545 913
545 924
545 932
545 939
545 948
545 959
547 561
547 577
547 585
547 597
547 723
547 750
547 858
547 956
547 986
548 588
548 738
548 789
548 797
548 966
549 603
549 615
549 695
549 781
549 791
549 915
549 975
549 985
549 988
549 990
550 620
550 644
550 696
550 710
550 779
550 800
550 846
550 867
550 883
550 893
555 590
555 689
555 704
555 745
555 761
555 770
555 816
555 818
555 824
555 927
555 941
555 960
555 969
555 977
555 980
555 984
556 569
556 649
556 654
556 714
556 755
556 768
556 787
556 794
556 805
556 836
556 850
556 873
556 878
556 890
557 624
557 646
557 740
557 744
557 815
557 820
557 844
557 852
560 594
560 607
560 610
560 638
560 693
560 785
560 808
560 838
560 885
560 888
561 577
561 585
561 597
561 723
561 750
561 858
561 956
561 986
562 628
562 697
562 882
562 928
562 983
563 564
563 670
563 671
563 698
563 717
563 767
563 845
563 952
564 670
564 671
564 698
564 717
564 767
564 845
564 952
567 573
567 583
567 587
567 667
567 702
567 746
567 773
567 799
567 817
567 913
567 924
567 932
567 939
567 948
567 959
569 649
569 654
569 714
569 755
569 768
569 787
569 794
569 805
569 836
569 850
569 873
569 878
569 890
570 731
570 751
570 853
570 864
571 620
571 644
571 673
571 696
571 710
571 779
571 800
571 846
571 867
571 883
571 893
572 804
572 862
572 875
572 898
573 587
573 602
573 702
573 728
573 773
573 799
573 822
573 848
573 913
573 924
573 932
573 939
573 948
573 959
575 640
575 705
575 730
575 757
575 801
575 840
575 909
575 930
575 935
575 938
577 585
577 597
577 723
577 750
577 858
577 956
577 986
578 724
578 869
578 892
578 914
578 968
580 621
580 672
580 684
580 688
580 729
580 737
580 814
580 828
580 896
580 970
583 587
583 667
583 728
583 746
583 799
583 817
583 822
583 848
583 913
583 924
583 932
583 939
583 948
583 959
584 619
584 631
584 634
584 694
584 703
584 726
584 766
584 786
584 832
584 857
584 880
584 979
585 597
585 723
585 750
585 858
585 956
585 986
587 728
587 773
587 799
587 817
587 822
587 848
587 913
587 924
587 932
587 939
587 948
587 959
588 738
588 789
588 797
588 966
590 689
590 704
590 745
590 761
590 770
590 816
590 818
590 824
590 927
590 941
590 960
590 969
590 977
590 980
590 984
592 633
592 636
592 711
592 933
594 607
594 610
594 638
594 693
594 785
594 808
594 838
594 885
594 888
597 723
597 750
597 858
597 956
597 986
598 642
598 701
598 764
598 982
602 667
602 746
602 773
602 817
602 822
602 848
602 913
602 924
602 932
602 939
602 948
602 959
603 615
603 695
603 781
603 791
603 915
603 975
603 985
603 988
603 990
604 608
604 739
604 833
604 967
604 971
607 610
607 638
607 693
607 785
607 808
607 838
607 885
607 888
608 739
608 833
608 967
608 971
610 638
610 693
610 785
610 808
610 838
610 885
610 888
611 616
611 715
611 769
611 841
611 854
611 870
611 907
611 953
611 955
612 614
612 651
612 678
612 718
614 651
614 678
614 718
615 695
615 781
615 791
615 915
615 975
615 985
615 988
615 990
616 715
616 732
616 748
616 769
616 806
616 841
616 854
616 870
616 907
616 953
616 955
619 631
619 634
619 694
619 703
619 726
619 766
619 786
619 832
619 857
619 880
619 979
620 644
620 673
620 696
620 710
620 779
620 800
620 846
620 867
620 883
620 893
621 672
621 684
621 688
621 729
621 737
621 814
621 828
621 896
621 970
622 627
622 674
622 721
622 863
622 900
622 933
622 949
622 998
624 646
624 740
624 744
624 815
624 820
624 844
624 852
627 674
627 721
627 863
627 900
627 949
627 998
628 697
628 882
628 928
628 983
631 634
631 694
631 703
631 726
631 766
631 786
631 832
631 857
631 880
631 979
633 636
633 711
633 933
634 694
634 703
634 726
634 766
634 786
634 832
634 857
634 880
634 979
635 647
635 657
635 709
635 725
635 742
635 778
635 912
635 929
636 711
636 933
638 693
638 785
638 808
638 838
638 885
638 888
640 705
640 730
640 757
640 801
640 840
640 909
640 930
640 935
640 938
642 701
642 764
642 982
644 673
644 696
644 710
644 779
644 800
644 846
644 867
644 883
644 893
646 740
646 744
646 815
646 820
646 844
646 852
647 657
647 709
647 725
647 742
647 778
647 912
647 929
649 654
649 714
649 755
649 768
649 787
649 794
649 805
649 836
649 850
649 873
649 878
649 890
651 678
651 718
654 714
654 755
654 768
654 787
654 794
654 805
654 836
654 850
654 873
654 878
654 890
656 691
656 834
656 866
656 894
656 964
657 709
657 725
657 742
657 778
657 912
657 929
661 827
661 876
661 922
667 728
667 773
667 799
667 817
667 822
667 913
667 924
667 932
667 939
667 948
667 959
670 671
670 698
670 717
670 767
670 845
670 952
671 698
671 717
671 767
671 845
671 952
672 684
672 688
672 737
672 814
672 828
672 896
672 970
673 710
673 779
673 800
673 846
673 867
673 883
673 893
674 721
674 863
674 900
674 949
674 998
678 718
679 713
679 716
679 796
679 901
679 961
679 965
684 729
684 737
684 814
684 828
684 896
684 970
687 783
687 886
687 889
687 987
688 729
688 737
688 814
688 828
688 896
688 970
689 704
689 745
689 761
689 770
689 816
689 818
689 824
689 927
689 941
689 960
689 969
689 977
689 980
689 984
691 834
691 866
691 894
691 964
692 727
692 793
692 811
692 884
692 925
692 997
692 1000
693 785
693 808
693 838
693 885
693 888
694 703
694 726
694 766
694 786
694 832
694 857
694 880
694 979
695 781
695 791
695 915
695 975
695 985
695 988
695 990
696 710
696 779
696 800
696 846
696 867
696 883
696 893
697 882
697 928
697 983
698 717
698 767
698 845
698 952
699 700
699 722
699 734
699 747
699 798
699 821
699 837
700 722
700 734
700 747
700 798
700 821
700 837
701 764
701 982
702 728
702 746
702 773
702 799
702 817
702 848
702 913
702 924
702 932
702 939
702 948
702 959
703 726
703 766
703 786
703 832
703 857
703 880
703 979
704 745
704 761
704 770
704 816
704 818
704 824
704 927
704 941
704 960
704 969
704 977
704 980
704 984
705 730
705 757
705 801
705 840
705 909
705 930
705 935
705 938
709 725
709 742
709 778
709 912
709 929
710 779
710 800
710 846
710 867
710 883
710 893
711 933
713 716
713 796
713 901
713 961
713 965
714 755
714 768
714 787
714 794
714 805
714 836
714 850
714 873
714 878
714 890
715 732
715 769
715 806
715 841
715 854
715 870
715 907
715 953
715 955
716 796
716 901
716 961
716 965
717 767
717 845
717 952
720 788
720 918
721 863
721 900
721 949
721 998
722 734
722 747
722 798
722 821
722 837
723 750
723 858
723 956
723 986
724 869
724 892
724 914
724 968
725 742
725 778
725 912
725 929
726 766
726 786
726 832
726 857
726 880
726 979
727 793
727 811
727 884
727 925
727 997
727 1000
728 746
728 773
728 817
728 822
728 848
728 913
728 924
728 932
728 939
728 948
728 959
729 737
729 814
729 828
729 896
729 970
730 757
730 801
730 840
730 909
730 930
730 935
730 938
731 751
731 853
731 864
732 748
732 769
732 806
732 841
732 854
732 870
732 907
732 953
732 955
734 747
734 798
734 821
734 837
737 814
737 828
737 896
737 970
738 789
738 797
738 966
739 833
739 967
739 971
740 744
740 815
740 820
740 844
740 852
742 778
742 912
742 929
744 815
744 820
744 844
744 852
745 761
745 770
745 816
745 818
745 824
745 927
745 941
745 960
745 969
745 977
745 980
745 984
746 799
746 817
746 822
746 848
746 913
746 932
746 939
746 948
746 959
747 798
747 821
747 837
748 769
748 806
748 841
748 854
748 870
748 907
748 953
748 955
750 858
750 956
750 986
751 853
751 864
755 768
755 787
755 794
755 805
755 836
755 850
755 873
755 878
755 890
757 801
757 840
757 909
757 930
757 935
757 938
761 770
761 816
761 818
761 824
761 927
761 941
761 960
761 969
761 977
761 980
761 984
764 982
766 786
766 832
766 857
766 880
766 979
767 845
767 952
768 787
768 794
768 805
768 836
768 850
768 873
768 878
768 890
769 806
769 841
769 854
769 870
769 907
769 953
769 955
770 816
770 818
770 824
770 927
770 941
770 960
770 969
770 977
770 980
770 984
773 799
773 817
773 822
773 848
773 913
773 924
773 932
773 939
773 948
773 959
778 912
778 929
779 800
779 846
779 867
779 883
779 893
781 791
781 915
781 975
781 985
781 988
781 990
783 886
783 889
783 987
785 808
785 838
785 885
785 888
786 832
786 857
786 880
786 979
787 794
787 805
787 836
787 850
787 873
787 878
787 890
788 918
789 797
789 966
791 915
791 975
791 985
791 988
791 990
793 811
793 884
793 925
793 997
793 1000
794 805
794 836
794 850
794 873
794 878
794 890
796 901
796 961
796 965
797 966
798 821
798 837
799 817
799 822
799 848
799 913
799 924
799 932
799 939
799 948
799 959
800 846
800 867
800 883
800 893
801 840
801 909
801 930
801 935
801 938
804 862
804 875
804 898
805 836
805 850
805 873
805 878
805 890
806 841
806 854
806 870
806 907
806 953
806 955
808 838
808 885
808 888
811 884
811 925
811 997
811 1000
813 859
814 828
814 896
814 970
815 820
815 844
815 852
816 818
816 824
816 927
816 941
816 960
816 969
816 977
816 980
816 984
817 848
817 913
817 924
817 932
817 939
817 948
817 959
818 824
818 927
818 941
818 960
818 969
818 977
818 980
818 984
820 844
820 852
821 837
822 848
822 913
822 924
822 932
822 939
822 948
822 959
824 927
824 941
824 960
824 969
824 977
824 980
824 984
827 876
827 922
828 896
828 970
832 857
832 880
832 979
833 967
833 971
834 866
834 894
834 964
836 850
836 873
836 878
836 890
838 885
838 888
840 909
840 930
840 935
840 938
841 854
841 870
841 907
841 953
841 955
844 852
845 952
846 867
846 883
846 893
848 924
848 932
848 939
848 948
848 959
850 873
850 878
850 890
853 864
854 870
854 953
854 955
857 880
857 979
858 956
858 986
862 875
862 898
863 900
863 949
863 998
866 894
866 964
867 883
867 893
869 892
869 914
869 968
870 907
870 953
870 955
873 878
873 890
875 898
876 922
878 890
880 979
882 928
882 983
883 893
884 925
884 997
884 1000
885 888
886 889
886 987
889 987
892 914
892 968
894 964
896 970
900 949
900 998
901 961
901 965
907 953
907 955
909 930
909 935
909 938
912 929
913 924
913 932
913 939
913 948
913 959
914 968
915 975
915 985
915 988
915 990
924 932
924 939
924 948
924 959
925 997
925 1000
927 941
927 960
927 969
927 977
927 980
927 984
928 983
930 935
930 938
932 939
932 948
932 959
935 938
939 948
939 959
941 960
941 969
941 977
941 980
941 984
948 959
949 998
953 955
956 982
956 986
960 969
960 977
960 980
960 984
961 965
967 971
969 977
969 980
969 984
975 985
975 988
975 990
977 980
977 984
980 984
985 988
985 990
988 990
997 1000
