1 513
1 547
1 577
1 585
1 597
1 838
1 858
1 925
1 956
1 986
3 492
3 580
3 684
3 688
3 729
3 737
3 814
3 828
3 896
3 970
4 115
4 226
4 309
4 604
4 608
4 702
4 833
4 953
4 967
5 544
5 635
5 647
5 657
5 671
5 709
5 725
5 742
5 778
5 912
11 739
11 761
11 770
11 927
11 941
11 960
11 969
11 977
11 980
11 984
16 56
16 646
16 667
16 817
16 848
16 924
16 929
16 939
16 948
16 959
20 138
20 306
20 407
20 412
20 517
20 570
20 731
20 791
20 853
20 864
24 33
24 42
24 211
24 866
24 897
24 971
25 498
25 638
25 692
25 727
25 755
25 793
25 811
25 884
25 997
25 1000
26 325
26 365
26 428
26 474
26 594
26 607
26 785
26 808
26 885
26 888
27 188
27 221
27 317
27 330
27 506
27 520
27 572
27 804
27 862
27 898
28 587
28 693
28 746
28 773
28 848
28 924
28 929
28 939
28 948
28 959
33 42
33 211
33 866
33 897
33 971
36 140
36 220
36 333
36 356
36 429
36 560
36 834
36 836
36 894
36 964
37 146
37 325
37 428
37 474
37 594
37 607
37 785
37 808
37 885
37 888
38 544
38 635
38 647
38 657
38 671
38 709
38 725
38 742
38 778
38 912
39 498
39 638
39 692
39 727
39 755
39 793
39 811
39 884
39 997
39 1000
40 449
40 643
40 655
40 719
40 813
40 816
40 826
40 917
40 932
40 974
42 211
42 866
42 897
42 971
43 213
43 218
43 228
43 324
43 633
43 716
43 747
43 758
43 860
43 875
44 372
44 622
44 674
44 689
44 721
44 724
44 863
44 900
44 949
44 998
48 141
48 352
48 563
48 564
48 670
48 698
48 717
48 767
48 845
48 952
49 266
49 547
49 577
49 585
49 597
49 838
49 858
49 925
49 956
49 986
50 694
50 726
50 766
50 786
50 832
50 857
50 880
50 933
50 979
50 983
51 183
51 232
51 240
51 272
51 421
51 466
51 720
51 751
51 788
52 294
52 339
52 436
52 488
52 522
52 598
52 642
52 701
52 764
52 982
53 622
53 627
53 674
53 689
53 721
53 724
53 863
53 900
53 949
53 998
54 67
54 365
54 428
54 474
54 594
54 607
54 785
54 808
54 885
54 888
56 459
56 583
56 587
56 773
56 924
56 929
56 939
56 948
56 959
57 583
57 646
57 773
57 799
57 817
57 924
57 929
57 939
57 948
57 959
62 295
62 341
62 368
62 592
62 636
62 711
64 477
64 549
64 603
64 615
64 695
64 713
64 781
64 915
64 985
64 990
65 414
65 672
65 684
65 688
65 729
65 737
65 814
65 828
65 896
65 970
66 85
66 432
66 575
66 651
66 801
66 859
66 878
67 230
67 283
67 474
67 594
67 607
67 785
67 808
67 885
67 888
68 544
68 635
68 647
68 657
68 671
68 709
68 725
68 742
68 778
68 912
69 192
69 220
69 333
69 356
69 429
69 560
69 834
69 836
69 894
69 964
70 105
70 110
70 234
70 296
70 500
70 661
70 744
70 827
70 876
73 140
73 181
73 220
73 356
73 429
73 560
73 834
73 836
73 894
73 964
75 498
75 638
75 692
75 727
75 755
75 793
75 811
75 884
75 997
75 1000
77 443
77 447
77 475
77 548
77 588
77 738
77 789
77 797
77 922
77 966
78 259
78 307
78 326
78 338
78 355
78 523
78 612
78 614
78 678
78 718
79 475
79 516
79 548
79 588
79 738
79 789
79 797
79 922
79 966
83 567
83 746
83 773
83 799
83 848
83 924
83 929
83 939
83 948
83 959
85 432
85 575
85 651
85 801
85 859
85 878
86 382
86 465
86 486
86 571
86 750
86 762
86 774
86 821
86 923
87 583
87 773
87 799
87 817
87 848
87 924
87 929
87 939
87 948
87 959
90 627
90 674
90 689
90 721
90 724
90 863
90 900
90 949
90 998
93 524
93 573
93 646
93 667
93 728
93 924
93 929
93 939
93 948
93 959
94 357
94 364
94 516
94 548
94 588
94 738
94 789
94 797
94 922
94 966
96 620
96 673
96 696
96 710
96 779
96 800
96 846
96 867
96 883
96 893
98 358
98 454
98 480
98 640
98 705
98 757
98 840
98 909
98 935
98 938
99 694
99 726
99 766
99 786
99 832
99 857
99 880
99 933
99 979
99 983
104 770
104 818
104 824
104 927
104 941
104 960
104 969
104 977
104 980
104 984
105 110
105 234
105 296
105 500
105 661
105 744
105 827
105 876
109 450
109 544
109 635
109 647
109 657
109 671
109 709
109 725
109 742
109 778
109 912
110 234
110 296
110 500
110 661
110 744
110 827
110 876
112 207
112 267
112 294
112 436
112 488
112 522
112 598
112 642
112 701
112 764
112 982
113 761
113 770
113 818
113 824
113 927
113 941
113 960
113 969
113 977
113 980
113 984
115 226
115 309
115 604
115 608
115 702
115 833
115 953
115 967
118 590
118 745
118 818
118 824
118 927
118 941
118 960
118 969
118 977
118 980
118 984
119 176
119 294
119 339
119 436
119 488
119 522
119 598
119 642
119 701
119 764
119 982
120 528
120 620
120 644
120 696
120 710
120 779
120 800
120 846
120 867
120 883
120 893
122 154
122 515
122 563
122 564
122 670
122 698
122 717
122 767
122 845
122 952
123 337
123 358
123 454
123 480
123 640
123 705
123 757
123 840
123 909
123 935
123 938
124 251
124 263
124 382
124 465
124 486
124 571
124 750
124 762
124 774
124 821
124 923
125 236
125 513
125 547
125 577
125 585
125 597
125 838
125 858
125 925
125 956
125 986
126 458
126 498
126 638
126 692
126 727
126 755
126 793
126 811
126 884
126 997
126 1000
127 450
127 544
127 635
127 647
127 657
127 671
127 709
127 725
127 742
127 778
127 912
128 251
128 263
128 382
128 465
128 486
128 571
128 750
128 762
128 774
128 821
128 923
132 694
132 703
132 726
132 766
132 786
132 832
132 857
132 880
132 933
132 979
132 983
133 411
133 449
133 643
133 655
133 719
133 813
133 816
133 826
133 917
133 932
133 974
134 745
134 761
134 818
134 824
134 927
134 941
134 960
134 969
134 977
134 980
134 984
135 143
135 384
135 410
135 492
135 621
135 729
135 737
135 814
135 828
135 896
135 970
136 739
136 745
136 761
136 824
136 927
136 941
136 960
136 969
136 977
136 980
136 984
137 139
137 303
137 352
137 563
137 564
137 670
137 698
137 717
137 767
137 845
137 952
138 202
138 306
138 407
138 412
138 517
138 570
138 731
138 791
138 853
138 864
139 308
139 515
139 563
139 564
139 670
139 698
139 717
139 767
139 845
139 952
140 181
140 333
140 356
140 429
140 560
140 834
140 836
140 894
140 964
141 308
141 515
141 563
141 564
141 670
141 698
141 717
141 767
141 845
141 952
142 164
142 213
142 284
142 324
142 327
142 633
142 716
142 747
142 758
142 860
142 875
143 229
143 239
143 621
143 672
143 684
143 737
143 814
143 828
143 896
143 970
144 189
144 345
144 423
144 456
144 493
144 578
144 869
144 892
144 914
144 968
146 283
146 365
146 428
146 474
146 594
146 607
146 785
146 808
146 885
146 888
150 259
150 307
150 326
150 338
150 355
150 523
150 612
150 614
150 678
150 718
151 501
151 567
151 773
151 799
151 817
151 848
151 924
151 929
151 939
151 948
151 959
154 291
154 515
154 563
154 564
154 670
154 698
154 717
154 767
154 845
154 952
155 395
155 435
155 656
155 675
155 691
155 712
155 730
155 735
155 844
155 856
155 913
156 399
156 418
156 536
156 543
156 562
156 687
156 783
156 886
156 889
156 987
158 321
158 430
158 499
158 589
158 610
158 722
158 723
158 809
158 837
158 902
158 965
159 391
159 513
159 547
159 577
159 585
159 597
159 838
159 858
159 925
159 956
159 986
161 229
161 492
161 621
161 672
161 688
161 729
161 737
161 814
161 828
161 896
161 970
164 430
164 499
164 589
164 610
164 722
164 723
164 809
164 837
164 902
164 965
170 380
170 580
170 621
170 684
170 688
170 729
170 737
170 814
170 828
170 896
170 970
176 207
176 267
176 436
176 488
176 522
176 598
176 642
176 701
176 764
176 982
181 192
181 333
181 356
181 429
181 560
181 834
181 836
181 894
181 964
182 329
182 430
182 499
182 589
182 610
182 722
182 723
182 809
182 837
182 902
182 965
183 232
183 240
183 272
183 421
183 466
183 720
183 751
183 788
185 448
185 646
185 693
185 773
185 817
185 848
185 924
185 929
185 939
185 948
185 959
186 329
186 430
186 499
186 589
186 610
186 722
186 723
186 809
186 837
186 902
186 965
188 210
188 221
188 317
188 330
188 506
188 520
188 572
188 804
188 862
188 898
189 345
189 423
189 456
189 493
189 578
189 869
189 892
189 914
189 968
190 411
190 449
190 643
190 655
190 719
190 813
190 816
190 826
190 917
190 932
190 974
192 220
192 333
192 356
192 429
192 560
192 834
192 836
192 894
192 964
193 391
193 513
193 547
193 577
193 585
193 597
193 838
193 858
193 925
193 956
193 986
195 739
195 761
195 818
195 824
195 927
195 941
195 960
195 969
195 977
195 980
195 984
198 501
198 728
198 773
198 799
198 817
198 848
198 924
198 929
198 939
198 948
198 959
200 457
200 622
200 627
200 674
200 689
200 721
200 724
200 863
200 900
200 949
200 998
201 280
201 399
201 418
201 536
201 543
201 562
201 687
201 783
201 886
201 889
201 987
202 306
202 407
202 412
202 517
202 570
202 731
202 791
202 853
202 864
203 218
203 228
203 271
203 284
203 327
203 633
203 716
203 747
203 758
203 860
203 875
205 704
205 745
205 818
205 824
205 927
205 941
205 960
205 969
205 977
205 980
205 984
207 339
207 436
207 488
207 522
207 598
207 642
207 701
207 764
207 982
210 221
210 317
210 330
210 506
210 520
210 572
210 804
210 862
210 898
211 866
211 897
211 971
213 218
213 271
213 324
213 327
213 633
213 716
213 747
213 758
213 860
213 875
214 318
214 534
214 622
214 627
214 674
214 689
214 721
214 724
214 863
214 900
214 949
214 998
216 482
216 620
216 644
216 673
216 696
216 710
216 779
216 800
216 846
216 867
216 883
216 893
218 271
218 284
218 324
218 633
218 716
218 747
218 758
218 860
218 875
219 631
219 694
219 703
219 726
219 766
219 786
219 832
219 857
219 880
219 933
219 979
219 983
220 333
220 356
220 429
220 560
220 834
220 836
220 894
220 964
221 226
221 317
221 330
221 506
221 520
221 572
221 804
221 862
221 898
224 357
224 443
224 447
224 475
224 516
224 548
224 588
224 738
224 789
224 797
224 922
224 966
226 309
226 604
226 608
226 702
226 833
226 953
226 967
228 271
228 284
228 324
228 327
228 633
228 716
228 747
228 758
228 860
228 875
229 366
229 492
229 621
229 684
229 688
229 737
229 814
229 828
229 896
229 970
230 283
230 325
230 365
230 428
230 474
230 594
230 607
230 785
230 808
230 885
230 888
231 250
231 411
231 449
231 643
231 655
231 719
231 813
231 816
231 826
231 917
231 932
231 974
232 240
232 272
232 421
232 466
232 720
232 751
232 788
233 450
233 544
233 635
233 647
233 657
233 671
233 709
233 725
233 742
233 778
233 912
234 296
234 500
234 661
234 744
234 827
234 876
236 391
236 513
236 547
236 577
236 585
236 597
236 838
236 858
236 925
236 956
236 986
239 322
239 366
239 492
239 672
239 688
239 729
239 737
239 814
239 828
239 896
239 970
240 272
240 421
240 466
240 720
240 751
240 788
241 512
241 739
241 761
241 770
241 818
241 927
241 941
241 960
241 969
241 977
241 980
241 984
246 364
246 443
246 447
246 475
246 516
246 548
246 588
246 738
246 789
246 797
246 922
246 966
250 411
250 449
250 643
250 655
250 719
250 813
250 816
250 826
250 917
250 932
250 974
251 263
251 382
251 465
251 486
251 571
251 750
251 762
251 774
251 821
251 923
255 311
255 437
255 476
255 673
255 696
255 710
255 779
255 800
255 846
255 867
255 883
255 893
259 307
259 326
259 338
259 355
259 523
259 612
259 614
259 678
259 718
262 448
262 646
262 746
262 773
262 799
262 817
262 848
262 924
262 929
262 939
262 948
262 959
263 382
263 465
263 486
263 571
263 750
263 762
263 774
263 821
263 923
264 482
264 550
264 644
264 673
264 696
264 710
264 779
264 800
264 846
264 867
264 883
264 893
266 391
266 513
266 547
266 577
266 585
266 597
266 838
266 858
266 925
266 956
266 986
267 294
267 339
267 436
267 488
267 522
267 598
267 642
267 701
267 764
267 982
269 336
269 344
269 399
269 418
269 536
269 543
269 562
269 687
269 783
269 886
269 889
269 987
271 284
271 327
271 633
271 716
271 747
271 758
271 860
271 875
272 421
272 466
272 720
272 751
272 788
275 305
275 444
275 477
275 549
275 603
275 615
275 695
275 713
275 781
275 915
275 985
275 990
278 631
278 694
278 703
278 726
278 766
278 786
278 832
278 857
278 880
278 933
278 979
278 983
279 337
279 358
279 454
279 480
279 640
279 705
279 757
279 840
279 909
279 935
279 938
280 336
280 344
280 418
280 536
280 543
280 562
280 687
280 783
280 886
280 889
280 987
281 476
281 528
281 550
281 620
281 673
281 710
281 779
281 800
281 846
281 867
281 883
281 893
283 325
283 365
283 428
283 474
283 594
283 607
283 785
283 808
283 885
283 888
284 324
284 327
284 633
284 716
284 747
284 758
284 860
284 875
286 448
286 545
286 667
286 728
286 746
286 773
286 817
286 848
286 924
286 929
286 939
286 948
286 959
289 322
289 380
289 414
289 580
289 621
289 672
289 684
289 688
289 729
289 814
289 828
289 896
289 970
290 704
290 739
290 745
290 770
290 818
290 824
290 927
290 941
290 960
290 969
290 977
290 980
290 984
291 303
291 308
291 352
291 515
291 563
291 564
291 670
291 698
291 717
291 767
291 845
291 952
293 315
293 360
293 395
293 435
293 656
293 675
293 691
293 712
293 730
293 735
293 844
293 856
293 913
294 339
294 436
294 488
294 522
294 598
294 642
294 701
294 764
294 982
295 341
295 368
295 592
295 636
295 711
296 500
296 661
296 744
296 827
296 876
303 308
303 352
303 515
303 563
303 564
303 670
303 698
303 717
303 767
303 845
303 952
305 444
305 477
305 549
305 603
305 615
305 695
305 713
305 781
305 915
305 985
305 990
306 407
306 412
306 517
306 570
306 731
306 791
306 853
306 864
307 326
307 338
307 355
307 523
307 612
307 614
307 678
307 718
308 515
308 563
308 564
308 670
308 698
308 717
308 767
308 845
308 952
309 604
309 608
309 702
309 833
309 953
309 967
311 313
311 476
311 644
311 673
311 696
311 710
311 779
311 800
311 846
311 867
311 883
311 893
313 437
313 620
313 644
313 673
313 696
313 710
313 779
313 800
313 846
313 867
313 883
313 893
315 340
315 360
315 435
315 656
315 675
315 691
315 712
315 730
315 735
315 844
315 856
315 913
317 330
317 506
317 520
317 572
317 804
317 862
317 898
318 478
318 534
318 622
318 627
318 674
318 689
318 721
318 724
318 863
318 900
318 949
318 998
319 457
319 478
319 534
319 622
319 627
319 674
319 689
319 721
319 724
319 863
319 900
319 949
319 998
321 329
321 430
321 499
321 589
321 610
321 722
321 723
321 809
321 837
321 902
321 965
322 384
322 414
322 580
322 672
322 684
322 688
322 737
322 814
322 828
322 896
322 970
324 327
324 633
324 716
324 747
324 758
324 860
324 875
325 365
325 428
325 474
325 594
325 607
325 785
325 808
325 885
325 888
326 338
326 355
326 523
326 612
326 614
326 678
326 718
327 633
327 716
327 747
327 758
327 860
327 875
329 430
329 499
329 589
329 610
329 722
329 723
329 809
329 837
329 902
329 965
330 506
330 520
330 572
330 804
330 862
330 898
333 356
333 429
333 560
333 834
333 836
333 894
333 964
336 344
336 399
336 418
336 536
336 543
336 562
336 687
336 783
336 886
336 889
336 987
337 358
337 454
337 480
337 640
337 705
337 757
337 840
337 909
337 935
337 938
338 355
338 523
338 612
338 614
338 678
338 718
339 436
339 488
339 522
339 598
339 642
339 701
339 764
339 982
340 360
340 395
340 435
340 656
340 675
340 691
340 712
340 730
340 735
340 844
340 856
340 913
341 368
341 592
341 636
341 711
344 399
344 418
344 536
344 543
344 562
344 687
344 783
344 886
344 889
344 987
345 423
345 456
345 493
345 578
345 869
345 892
345 914
345 968
352 515
352 563
352 564
352 670
352 698
352 717
352 767
352 845
352 952
355 523
355 612
355 614
355 678
355 718
356 429
356 560
356 834
356 836
356 894
356 964
357 364
357 443
357 447
357 475
357 516
357 548
357 588
357 738
357 789
357 797
357 922
357 966
358 454
358 480
358 640
358 705
358 757
358 840
358 909
358 935
358 938
360 395
360 435
360 656
360 675
360 691
360 712
360 730
360 735
360 844
360 856
360 913
363 704
363 739
363 745
363 761
363 770
363 818
363 824
363 927
363 941
363 960
363 969
363 977
363 980
363 984
364 443
364 447
364 475
364 516
364 548
364 588
364 738
364 789
364 797
364 922
364 966
365 428
365 474
365 594
365 607
365 785
365 808
365 885
365 888
366 384
366 414
366 580
366 672
366 684
366 688
366 729
366 737
366 814
366 828
366 896
366 970
368 592
368 636
368 711
370 372
370 457
370 478
370 534
370 622
370 627
370 674
370 689
370 721
370 724
370 863
370 900
370 949
370 998
372 478
372 534
372 622
372 627
372 674
372 689
372 721
372 724
372 863
372 900
372 949
372 998
373 584
373 619
373 631
373 694
373 703
373 726
373 766
373 786
373 832
373 857
373 880
373 933
373 979
373 983
379 451
379 464
379 473
379 699
379 700
379 734
380 410
380 580
380 621
380 672
380 684
380 688
380 729
380 737
380 814
380 828
380 896
380 970
382 465
382 486
382 571
382 750
382 762
382 774
382 821
382 923
384 580
384 621
384 672
384 684
384 688
384 729
384 737
384 814
384 828
384 896
384 970
385 545
385 573
385 587
385 693
385 728
385 746
385 773
385 817
385 848
385 924
385 929
385 939
385 948
385 959
391 513
391 547
391 577
391 585
391 597
391 838
391 858
391 925
391 956
391 986
395 435
395 656
395 675
395 691
395 712
395 730
395 735
395 844
395 856
395 913
397 584
397 619
397 631
397 694
397 703
397 726
397 766
397 786
397 832
397 857
397 880
397 933
397 979
397 983
399 418
399 536
399 543
399 562
399 687
399 783
399 886
399 889
399 987
404 468
404 573
404 587
404 667
404 693
404 773
404 799
404 817
404 848
404 924
404 929
404 939
404 948
404 959
406 413
406 458
406 498
406 638
406 692
406 727
406 755
406 793
406 811
406 884
406 997
406 1000
407 412
407 517
407 570
407 731
407 791
407 853
407 864
410 492
410 580
410 621
410 672
410 684
410 688
410 729
410 737
410 814
410 828
410 896
410 970
411 449
411 643
411 655
411 719
411 813
411 816
411 826
411 917
411 932
411 974
412 517
412 570
412 731
412 791
412 853
412 864
413 458
413 498
413 638
413 692
413 727
413 755
413 793
413 811
413 884
413 997
413 1000
414 672
414 684
414 688
414 729
414 737
414 814
414 828
414 896
414 970
418 536
418 543
418 562
418 687
418 783
418 886
418 889
418 987
421 466
421 720
421 751
421 788
423 456
423 493
423 578
423 869
423 892
423 914
423 968
424 590
424 704
424 739
424 745
424 761
424 770
424 818
424 824
424 927
424 941
424 960
424 969
424 977
424 980
424 984
425 555
425 704
425 739
425 745
425 761
425 770
425 818
425 824
425 927
425 941
425 960
425 969
425 977
425 980
425 984
428 474
428 594
428 607
428 785
428 808
428 885
428 888
429 560
429 834
429 836
429 894
429 964
430 499
430 589
430 610
430 722
430 723
430 809
430 837
430 902
430 965
432 575
432 651
432 801
432 859
432 878
435 656
435 675
435 691
435 712
435 730
435 735
435 844
435 856
435 913
436 488
436 522
436 598
436 642
436 701
436 764
436 982
437 528
437 550
437 620
437 644
437 673
437 696
437 710
437 779
437 800
437 846
437 867
437 883
437 893
442 555
442 590
442 704
442 739
442 761
442 770
442 818
442 824
442 927
442 941
442 960
442 969
442 977
442 980
442 984
443 447
443 475
443 516
443 548
443 588
443 738
443 789
443 797
443 922
443 966
444 477
444 549
444 603
444 615
444 695
444 713
444 781
444 915
444 985
444 990
447 475
447 516
447 548
447 588
447 738
447 789
447 797
447 922
447 966
448 468
448 587
448 746
448 773
448 799
448 817
448 848
448 924
448 929
448 939
448 948
448 959
449 643
449 655
449 719
449 813
449 816
449 826
449 917
449 932
449 974
450 544
450 635
450 647
450 657
450 671
450 709
450 725
450 742
450 778
450 912
451 464
451 473
451 699
451 700
451 734
454 480
454 640
454 705
454 757
454 840
454 909
454 935
454 938
456 493
456 578
456 869
456 892
456 914
456 968
457 478
457 534
457 622
457 627
457 674
457 689
457 721
457 724
457 863
457 900
457 949
457 998
458 498
458 638
458 692
458 727
458 755
458 793
458 811
458 884
458 997
458 1000
459 567
459 646
459 667
459 693
459 728
459 746
459 773
459 817
459 848
459 924
459 929
459 939
459 948
459 959
464 473
464 699
464 700
464 734
465 486
465 571
465 750
465 762
465 774
465 821
465 923
466 720
466 751
466 788
468 524
468 545
468 567
468 667
468 728
468 746
468 817
468 848
468 924
468 929
468 939
468 948
468 959
473 699
473 700
473 734
474 594
474 607
474 785
474 808
474 885
474 888
475 516
475 548
475 588
475 738
475 789
475 797
475 922
475 966
476 482
476 528
476 550
476 644
476 673
476 696
476 710
476 779
476 800
476 846
476 867
476 883
476 893
477 549
477 603
477 615
477 695
477 713
477 781
477 915
477 985
477 990
478 534
478 622
478 627
478 674
478 689
478 721
478 724
478 863
478 900
478 949
478 998
480 640
480 705
480 757
480 840
480 909
480 935
480 938
482 528
482 550
482 620
482 644
482 673
482 696
482 710
482 779
482 800
482 846
482 867
482 883
482 893
486 571
486 750
486 762
486 774
486 821
486 923
488 522
488 598
488 642
488 701
488 764
488 778
488 982
492 580
492 672
492 684
492 688
492 729
492 737
492 814
492 828
492 896
492 970
493 578
493 869
493 892
493 914
493 968
498 638
498 692
498 727
498 755
498 793
498 811
498 884
498 997
498 1000
499 589
499 610
499 722
499 723
499 809
499 837
499 902
499 965
500 661
500 744
500 827
500 876
501 524
501 567
501 587
501 667
501 693
501 728
501 799
501 817
501 848
501 924
501 929
501 939
501 948
501 959
506 520
506 572
506 804
506 862
506 898
512 555
512 590
512 704
512 739
512 745
512 770
512 818
512 824
512 927
512 941
512 960
512 969
512 977
512 980
512 984
513 547
513 577
513 585
513 597
513 838
513 858
513 925
513 956
513 986
515 563
515 564
515 670
515 698
515 717
515 767
515 845
515 952
516 548
516 588
516 738
516 789
516 797
516 922
516 966
517 570
517 731
517 791
517 853
517 864
520 572
520 804
520 862
520 898
522 598
522 642
522 701
522 764
522 982
523 612
523 614
523 678
523 718
524 567
524 646
524 667
524 693
524 728
524 746
524 799
524 817
524 848
524 924
524 929
524 939
524 948
524 959
528 550
528 620
528 644
528 673
528 696
528 710
528 779
528 800
528 846
528 867
528 883
528 893
534 622
534 627
534 674
534 689
534 721
534 724
534 863
534 900
534 949
534 998
536 543
536 562
536 687
536 783
536 886
536 889
536 987
538 584
538 619
538 631
538 694
538 703
538 726
538 766
538 786
538 832
538 857
538 880
538 933
538 979
538 983
543 562
543 687
543 783
543 886
543 889
543 987
544 635
544 647
544 657
544 671
544 709
544 725
544 742
544 778
544 912
545 573
545 583
545 587
545 693
545 728
545 746
545 773
545 799
545 848
545 924
545 929
545 939
545 948
545 959
547 577
547 585
547 597
547 838
547 858
547 925
547 956
547 986
548 588
548 738
548 789
548 797
548 922
548 966
549 603
549 615
549 695
549 713
549 781
549 915
549 985
549 990
550 620
550 644
550 673
550 696
550 710
550 779
550 800
550 846
550 867
550 883
550 893
555 590
555 704
555 745
555 761
555 770
555 818
555 824
555 927
555 941
555 960
555 969
555 977
555 980
555 984
560 834
560 836
560 894
560 964
562 687
562 783
562 886
562 889
562 987
563 564
563 670
563 698
563 717
563 767
563 845
563 952
564 670
564 698
564 717
564 767
564 845
564 952
567 583
567 646
567 667
567 693
567 728
567 773
567 799
567 924
567 929
567 939
567 948
567 959
570 731
570 791
570 853
570 864
571 750
571 762
571 774
571 821
571 923
572 804
572 862
572 898
573 583
573 587
573 646
573 667
573 746
573 773
573 799
573 817
573 848
573 924
573 929
573 939
573 948
573 959
575 651
575 801
575 859
575 878
577 585
577 597
577 838
577 858
577 925
577 956
577 986
578 869
578 892
578 914
578 968
580 621
580 672
580 688
580 729
580 737
580 814
580 828
580 896
580 970
583 693
583 728
583 746
583 773
583 799
583 817
583 848
583 924
583 929
583 939
583 948
583 959
584 619
584 631
584 694
584 703
584 726
584 766
584 786
584 832
584 857
584 880
584 933
584 979
584 983
585 597
585 838
585 858
585 925
585 956
585 986
587 693
587 746
587 799
587 817
587 848
587 924
587 929
587 939
587 948
587 959
588 738
588 789
588 797
588 922
588 966
589 610
589 722
589 723
589 809
589 837
589 902
589 965
590 704
590 739
590 745
590 761
590 770
590 818
590 824
590 927
590 941
590 960
590 969
590 977
590 980
590 984
592 636
592 711
594 607
594 785
594 808
594 885
594 888
597 838
597 858
597 925
597 956
597 986
598 642
598 701
598 764
598 982
603 615
603 695
603 713
603 781
603 915
603 985
603 990
604 608
604 702
604 833
604 953
604 967
607 785
607 808
607 885
607 888
608 702
608 833
608 953
608 967
610 722
610 723
610 809
610 837
610 902
610 965
612 614
612 678
612 718
614 678
614 718
615 695
615 713
615 781
615 915
615 985
615 990
619 631
619 694
619 703
619 726
619 766
619 786
619 832
619 857
619 880
619 933
619 979
619 983
620 644
620 673
620 696
620 710
620 779
620 800
620 846
620 867
620 883
620 893
621 672
621 684
621 688
621 729
621 737
621 814
621 828
621 896
621 970
622 627
622 674
622 689
622 721
622 724
622 863
622 900
622 949
622 998
627 674
627 689
627 721
627 724
627 863
627 900
627 949
627 998
631 694
631 703
631 726
631 766
631 786
631 832
631 857
631 880
631 933
631 979
631 983
633 716
633 747
633 758
633 860
633 875
635 647
635 657
635 671
635 709
635 725
635 742
635 778
635 912
636 711
638 692
638 727
638 755
638 793
638 811
638 884
638 997
638 1000
640 705
640 757
640 840
640 909
640 935
640 938
642 701
642 764
642 982
643 655
643 719
643 813
643 816
643 826
643 917
643 932
643 974
644 673
644 696
644 710
644 779
644 800
644 846
644 867
644 883
644 893
646 667
646 728
646 746
646 799
646 817
646 848
646 924
646 929
646 939
646 948
646 959
647 657
647 671
647 709
647 725
647 742
647 778
647 912
651 801
651 859
651 878
655 719
655 813
655 816
655 826
655 917
655 932
655 974
656 675
656 691
656 712
656 730
656 735
656 844
656 856
656 913
657 671
657 709
657 725
657 742
657 778
657 912
661 744
661 827
661 876
667 693
667 728
667 746
667 799
667 817
667 924
667 929
667 939
667 948
667 959
670 698
670 717
670 767
670 845
670 952
671 709
671 725
671 742
671 778
671 912
672 684
672 729
672 737
672 814
672 828
672 896
672 970
673 696
673 779
673 800
673 846
673 867
673 883
673 893
674 689
674 721
674 724
674 863
674 900
674 949
674 998
675 691
675 712
675 730
675 735
675 844
675 856
675 913
678 718
684 688
684 729
684 737
684 814
684 828
684 896
684 970
687 783
687 886
687 889
687 987
688 729
688 814
688 828
688 896
688 970
689 721
689 724
689 863
689 900
689 949
689 998
691 712
691 730
691 735
691 844
691 856
691 913
692 727
692 755
692 793
692 811
692 884
692 997
692 1000
693 728
693 746
693 799
693 817
693 848
693 924
693 929
693 939
693 948
693 959
694 703
694 726
694 766
694 786
694 832
694 857
694 880
694 933
694 979
694 983
695 713
695 781
695 915
695 985
695 990
696 710
696 779
696 800
696 846
696 867
696 883
696 893
698 717
698 767
698 845
698 952
699 700
699 734
700 734
701 764
701 982
702 833
702 953
702 967
703 726
703 766
703 786
703 832
703 857
703 880
703 933
703 979
703 983
704 739
704 745
704 761
704 770
704 818
704 824
704 927
704 941
704 960
704 969
704 977
704 980
704 984
705 757
705 840
705 909
705 935
705 938
709 725
709 742
709 778
709 912
710 779
710 800
710 846
710 867
710 883
710 893
712 730
712 735
712 844
712 856
712 913
713 781
713 915
713 985
713 990
716 747
716 758
716 860
716 875
717 767
717 845
717 952
719 813
719 816
719 826
719 917
719 932
719 974
720 751
720 788
721 724
721 863
721 900
721 949
721 998
722 723
722 809
722 837
722 902
722 965
723 809
723 837
723 902
723 965
724 863
724 900
724 949
724 998
725 742
725 778
725 912
726 766
726 786
726 832
726 857
726 880
726 933
726 979
726 983
727 755
727 793
727 811
727 884
727 997
727 1000
728 746
728 799
728 817
728 848
728 924
728 929
728 939
728 948
728 959
729 737
729 814
729 828
729 896
729 970
730 735
730 844
730 856
730 913
731 791
731 853
731 864
735 844
735 856
735 913
737 814
737 828
737 896
737 970
738 789
738 797
738 922
738 966
739 745
739 761
739 770
739 818
739 824
739 927
739 941
739 960
739 969
739 977
739 980
739 984
742 778
742 912
744 827
744 876
745 761
745 770
745 818
745 824
745 927
745 941
745 960
745 969
745 977
745 980
745 984
746 799
746 848
746 924
746 929
746 939
746 948
746 959
747 758
747 860
747 875
750 762
750 774
750 821
750 923
751 788
755 793
755 811
755 884
755 997
755 1000
757 840
757 909
757 935
757 938
758 860
758 875
761 770
761 818
761 824
761 927
761 941
761 960
761 969
761 977
761 980
761 984
762 774
762 821
762 923
764 982
766 786
766 832
766 857
766 880
766 933
766 979
766 983
767 845
767 952
770 818
770 824
770 927
770 941
770 960
770 969
770 977
770 980
770 984
773 799
773 817
773 848
773 924
773 929
773 939
773 948
773 959
774 821
774 923
778 912
779 800
779 846
779 867
779 883
779 893
781 915
781 985
781 990
783 886
783 889
783 987
785 808
785 885
785 888
786 832
786 857
786 880
786 933
786 979
786 983
789 797
789 922
789 966
791 853
791 864
793 811
793 884
793 997
793 1000
797 922
797 966
799 848
799 924
799 929
799 939
799 948
799 959
800 846
800 867
800 883
800 893
801 859
801 878
801 880
804 862
804 898
808 885
808 888
809 837
809 902
809 965
811 884
811 997
811 1000
813 816
813 826
813 917
813 932
813 974
814 828
814 896
814 970
816 826
816 917
816 932
816 974
817 924
817 929
817 939
817 948
817 959
818 824
818 927
818 941
818 960
818 969
818 977
818 980
818 984
821 923
824 927
824 941
824 960
824 969
824 977
824 980
824 984
826 917
826 932
826 974
827 876
828 896
828 970
832 857
832 880
832 933
832 979
832 983
833 953
833 967
834 836
834 894
834 964
836 894
836 964
837 902
837 965
838 858
838 925
838 956
838 986
840 909
840 935
840 938
844 856
844 913
845 952
846 867
846 883
846 893
848 924
848 929
848 939
848 948
848 959
853 864
856 913
857 880
857 933
857 979
857 983
858 925
858 956
858 986
859 878
860 875
862 898
863 900
863 949
863 998
866 897
866 971
867 883
867 893
869 892
869 914
869 968
880 933
880 979
880 983
883 893
884 997
884 1000
885 888
886 889
886 987
889 987
892 914
892 968
894 964
896 970
897 971
900 949
900 998
902 965
909 935
909 938
914 968
915 985
915 990
917 932
917 974
922 966
924 929
924 939
924 948
924 959
925 956
925 986
927 941
927 960
927 969
927 977
927 980
927 984
929 939
929 948
929 959
932 974
933 979
933 983
935 938
939 948
939 959
941 960
941 969
941 977
941 980
941 984
948 959
949 998
953 967
956 986
960 969
960 977
960 980
960 984
969 977
969 980
969 984
977 980
977 984
979 983
980 984
985 990
986 998
997 1000
