1 125
1 159
1 193
1 513
1 577
1 597
1 838
1 858
1 956
1 986
3 239
3 322
3 492
3 580
3 684
3 688
3 737
3 828
3 896
3 970
5 450
5 647
5 657
5 671
5 692
5 709
5 720
5 725
5 742
5 778
9 288
9 295
9 444
9 495
9 499
9 600
9 809
9 877
9 892
9 904
13 417
13 467
13 476
13 566
13 614
13 729
13 751
13 825
13 912
13 930
16 286
16 524
16 583
16 817
16 848
16 924
16 929
16 939
16 948
16 959
20 42
20 202
20 407
20 412
20 517
20 570
20 731
20 866
24 288
24 341
24 444
24 495
24 499
24 600
24 809
24 877
24 892
24 904
25 458
25 498
25 633
25 638
25 744
25 755
25 793
25 884
25 997
25 1000
26 365
26 428
26 474
26 592
26 594
26 785
26 808
26 853
26 885
26 888
27 134
27 185
27 203
27 221
27 272
27 520
27 572
27 761
27 804
27 898
28 693
28 728
28 783
28 799
28 817
28 924
28 929
28 939
28 948
28 959
29 386
29 392
29 465
29 466
29 482
29 610
29 664
29 719
29 886
29 946
33 210
33 232
33 240
33 816
33 971
36 66
36 138
36 266
36 333
36 356
36 429
36 560
36 724
36 834
36 964
37 430
37 604
37 722
37 723
37 837
37 864
37 894
37 902
37 965
38 327
38 399
38 465
38 466
38 482
38 610
38 664
38 719
38 886
38 946
39 458
39 498
39 633
39 638
39 744
39 755
39 793
39 884
39 997
39 1000
40 449
40 451
40 643
40 655
40 813
40 826
40 862
40 917
40 932
40 974
42 202
42 407
42 412
42 517
42 570
42 731
42 866
43 312
43 387
43 512
43 558
43 623
43 656
43 668
43 774
43 840
43 995
44 478
44 534
44 622
44 674
44 689
44 863
44 900
44 914
44 949
44 998
48 295
48 341
48 444
48 495
48 499
48 600
48 809
48 877
48 892
48 904
49 125
49 159
49 193
49 513
49 577
49 597
49 838
49 858
49 956
49 986
50 631
50 694
50 703
50 717
50 786
50 832
50 880
50 933
50 979
50 983
51 69
51 138
51 220
51 333
51 356
51 429
51 560
51 724
51 834
51 964
52 119
52 436
52 488
52 522
52 598
52 608
52 642
52 701
52 764
52 857
53 417
53 467
53 476
53 566
53 614
53 729
53 751
53 825
53 912
53 930
54 325
54 428
54 474
54 592
54 594
54 785
54 808
54 853
54 885
54 888
56 646
56 728
56 746
56 783
56 799
56 924
56 929
56 939
56 948
56 959
57 404
57 573
57 728
57 746
57 817
57 924
57 929
57 939
57 948
57 959
62 312
62 387
62 512
62 558
62 623
62 656
62 668
62 774
62 840
62 995
65 322
65 492
65 621
65 672
65 684
65 688
65 737
65 828
65 896
65 970
66 138
66 192
66 220
66 333
66 356
66 560
66 724
66 834
66 964
67 365
67 428
67 474
67 592
67 594
67 785
67 808
67 853
67 885
67 888
68 450
68 647
68 657
68 671
68 692
68 709
68 720
68 725
68 742
68 778
69 138
69 220
69 266
69 356
69 429
69 560
69 724
69 834
69 964
70 417
70 467
70 476
70 566
70 614
70 729
70 751
70 825
70 912
70 930
73 181
73 192
73 220
73 333
73 356
73 429
73 560
73 724
73 834
73 964
75 458
75 498
75 633
75 638
75 744
75 755
75 793
75 884
75 997
75 1000
77 443
77 447
77 698
77 726
77 727
77 738
77 789
77 797
77 922
77 966
78 293
78 338
78 355
78 395
78 464
78 523
78 587
78 678
78 718
78 897
79 447
79 516
79 588
79 726
79 727
79 738
79 789
79 797
79 922
79 966
81 473
81 506
81 532
81 606
81 658
81 704
81 831
81 923
81 982
81 987
83 151
83 693
83 746
83 773
83 799
83 924
83 929
83 939
83 948
83 959
85 432
85 575
85 651
85 801
85 859
85 878
86 379
86 382
86 486
86 571
86 721
86 750
86 762
86 766
86 821
87 728
87 746
87 773
87 783
87 848
87 924
87 929
87 939
87 948
87 959
90 534
90 622
90 674
90 689
90 863
90 900
90 914
90 949
90 998
93 448
93 667
93 728
93 773
93 848
93 924
93 929
93 939
93 948
93 959
94 447
94 475
94 698
94 726
94 727
94 738
94 789
94 797
94 922
94 966
98 312
98 387
98 512
98 558
98 623
98 656
98 668
98 774
98 840
98 995
99 631
99 694
99 703
99 717
99 786
99 832
99 880
99 933
99 979
99 983
105 473
105 506
105 532
105 606
105 658
105 704
105 831
105 923
105 982
105 987
109 233
109 450
109 647
109 657
109 671
109 692
109 709
109 720
109 725
109 742
109 778
110 288
110 295
110 341
110 444
110 495
110 499
110 600
110 809
110 877
110 892
110 904
119 294
119 436
119 488
119 522
119 598
119 608
119 642
119 701
119 764
119 857
122 154
122 303
122 308
122 515
122 563
122 564
122 661
122 670
122 767
122 845
122 952
123 279
123 337
123 358
123 454
123 640
123 705
123 757
123 909
123 935
123 938
124 251
124 345
124 379
124 382
124 486
124 571
124 721
124 750
124 762
124 766
124 821
125 159
125 193
125 513
125 577
125 597
125 838
125 858
125 956
125 986
126 413
126 458
126 498
126 633
126 638
126 744
126 755
126 793
126 884
126 997
126 1000
127 233
127 450
127 647
127 657
127 671
127 692
127 709
127 720
127 725
127 742
127 778
128 263
128 345
128 379
128 382
128 486
128 571
128 721
128 750
128 762
128 766
128 821
132 619
132 631
132 694
132 703
132 717
132 786
132 832
132 880
132 933
132 979
132 983
134 185
134 188
134 203
134 221
134 272
134 520
134 572
134 761
134 804
134 898
135 312
135 387
135 512
135 558
135 623
135 656
135 668
135 774
135 840
135 995
137 291
137 308
137 330
137 515
137 563
137 564
137 661
137 670
137 767
137 845
137 952
138 266
138 333
138 429
138 560
138 724
138 834
138 964
139 141
139 291
139 303
139 515
139 563
139 564
139 661
139 670
139 767
139 845
139 952
141 236
141 303
141 515
141 563
141 564
141 661
141 670
141 767
141 845
141 952
142 218
142 228
142 324
142 716
142 747
142 758
142 860
142 875
143 239
143 544
143 621
143 672
143 684
143 688
143 737
143 828
143 896
143 970
144 189
144 380
144 423
144 456
144 493
144 578
144 869
144 968
146 325
146 365
146 428
146 474
146 592
146 594
146 785
146 808
146 853
146 885
146 888
150 307
150 326
150 338
150 355
150 395
150 464
150 523
150 587
150 678
150 718
150 897
151 524
151 573
151 693
151 817
151 848
151 924
151 929
151 939
151 948
151 959
154 236
154 330
154 515
154 563
154 564
154 661
154 670
154 767
154 845
154 952
155 340
155 360
155 435
155 675
155 691
155 712
155 730
155 735
155 844
155 856
155 913
158 186
158 321
158 430
158 604
158 722
158 723
158 837
158 864
158 894
158 902
158 965
159 193
159 513
159 577
159 597
159 838
159 858
159 956
159 986
160 473
160 477
160 506
160 532
160 606
160 658
160 704
160 831
160 923
160 982
160 987
161 239
161 384
161 544
161 621
161 672
161 684
161 688
161 737
161 828
161 896
161 970
164 321
164 329
164 430
164 604
164 722
164 723
164 837
164 864
164 894
164 902
164 965
170 275
170 317
170 410
170 492
170 621
170 684
170 688
170 737
170 828
170 896
170 970
172 386
172 392
172 399
172 465
172 466
172 482
172 610
172 664
172 719
172 886
172 946
176 294
176 339
176 436
176 488
176 522
176 598
176 608
176 642
176 701
176 764
176 857
177 473
177 477
177 506
177 532
177 606
177 658
177 704
177 831
177 923
177 982
177 987
181 192
181 220
181 266
181 333
181 356
181 429
181 560
181 724
181 834
181 964
182 321
182 329
182 430
182 604
182 722
182 723
182 837
182 864
182 894
182 902
182 965
183 473
183 477
183 506
183 532
183 606
183 658
183 704
183 831
183 923
183 982
183 987
185 188
185 203
185 221
185 272
185 520
185 572
185 761
185 804
185 898
186 329
186 430
186 604
186 722
186 723
186 837
186 864
186 894
186 902
186 965
188 203
188 221
188 272
188 520
188 572
188 761
188 804
188 898
189 380
189 423
189 456
189 493
189 578
189 869
189 968
190 411
190 449
190 451
190 643
190 655
190 813
190 826
190 862
190 917
190 932
190 974
192 220
192 333
192 356
192 429
192 560
192 724
192 834
192 964
193 513
193 577
193 597
193 838
193 858
193 956
193 986
198 524
198 667
198 783
198 799
198 817
198 848
198 924
198 929
198 939
198 948
198 959
200 214
200 478
200 534
200 622
200 674
200 689
200 863
200 900
200 914
200 949
200 998
202 407
202 412
202 517
202 570
202 731
202 866
203 221
203 272
203 520
203 572
203 761
203 804
203 898
207 267
207 339
207 436
207 488
207 522
207 598
207 608
207 642
207 701
207 764
207 857
210 232
210 240
210 816
210 971
211 246
211 548
211 607
211 698
211 726
211 727
211 738
211 789
211 797
211 922
211 966
213 231
213 411
213 449
213 451
213 643
213 655
213 813
213 826
213 862
213 917
213 932
213 974
214 370
214 457
214 534
214 622
214 674
214 689
214 863
214 900
214 914
214 949
214 998
218 228
218 324
218 716
218 747
218 758
218 860
218 875
219 584
219 619
219 631
219 694
219 703
219 717
219 786
219 832
219 880
219 933
219 979
219 983
220 266
220 429
220 560
220 724
220 834
220 964
221 272
221 520
221 572
221 761
221 804
221 898
224 447
224 548
224 588
224 607
224 698
224 726
224 727
224 738
224 789
224 797
224 922
224 966
228 324
228 716
228 747
228 758
228 860
228 875
229 289
229 317
229 322
229 366
229 492
229 621
229 672
229 684
229 737
229 828
229 896
229 970
230 475
230 548
230 588
230 607
230 698
230 726
230 727
230 738
230 789
230 797
230 922
230 966
231 411
231 449
231 451
231 643
231 655
231 813
231 826
231 862
231 917
231 932
231 974
232 240
232 422
232 816
232 971
233 450
233 647
233 657
233 671
233 692
233 709
233 720
233 725
233 742
233 778
234 296
234 305
234 827
236 291
236 308
236 515
236 563
236 564
236 661
236 670
236 767
236 845
236 952
239 322
239 544
239 621
239 672
239 688
239 737
239 828
239 896
239 970
240 816
240 971
246 443
246 588
246 607
246 698
246 726
246 727
246 738
246 789
246 797
246 922
246 966
250 411
250 449
250 451
250 643
250 655
250 813
250 826
250 862
250 917
250 932
250 974
251 263
251 345
251 379
251 382
251 486
251 571
251 721
251 750
251 762
251 766
251 821
259 293
259 307
259 326
259 338
259 355
259 395
259 464
259 523
259 587
259 678
259 718
259 897
263 345
263 379
263 382
263 486
263 571
263 721
263 750
263 762
263 766
263 821
266 356
266 429
266 560
266 724
266 834
266 964
267 294
267 339
267 436
267 488
267 522
267 598
267 608
267 642
267 701
267 764
267 857
272 520
272 572
272 761
272 804
272 898
275 366
275 384
275 492
275 580
275 672
275 684
275 688
275 737
275 828
275 896
275 970
278 443
278 475
278 588
278 607
278 698
278 726
278 727
278 738
278 789
278 797
278 922
278 966
279 337
279 358
279 454
279 640
279 705
279 757
279 909
279 935
279 938
283 325
283 365
283 428
283 474
283 592
283 594
283 785
283 808
283 853
283 885
283 888
286 459
286 468
286 545
286 693
286 799
286 817
286 848
286 924
286 929
286 939
286 948
286 959
288 295
288 341
288 444
288 495
288 499
288 600
288 809
288 877
288 892
288 904
289 384
289 410
289 492
289 544
289 580
289 672
289 684
289 688
289 737
289 828
289 896
289 970
291 303
291 330
291 515
291 563
291 564
291 661
291 670
291 767
291 845
291 952
293 307
293 326
293 338
293 355
293 395
293 464
293 523
293 587
293 678
293 718
293 897
294 339
294 436
294 488
294 522
294 598
294 608
294 642
294 701
294 764
294 857
295 341
295 444
295 495
295 499
295 600
295 809
295 877
295 892
295 904
296 305
296 827
303 308
303 330
303 563
303 564
303 661
303 670
303 767
303 845
303 952
305 827
306 315
306 340
306 360
306 435
306 675
306 691
306 712
306 730
306 735
306 844
306 856
306 913
307 326
307 338
307 355
307 395
307 464
307 523
307 587
307 678
307 718
307 897
308 330
308 515
308 563
308 564
308 661
308 670
308 767
308 845
308 952
312 387
312 512
312 558
312 623
312 656
312 668
312 774
312 840
312 995
315 340
315 360
315 435
315 675
315 691
315 712
315 730
315 735
315 844
315 856
315 913
317 384
317 492
317 580
317 621
317 672
317 684
317 688
317 737
317 828
317 896
317 970
318 319
318 372
318 457
318 478
318 534
318 622
318 674
318 689
318 863
318 900
318 914
318 949
318 998
319 370
319 372
319 457
319 478
319 622
319 674
319 689
319 863
319 900
319 914
319 949
319 998
321 329
321 430
321 604
321 722
321 723
321 837
321 864
321 894
321 902
321 965
322 580
322 621
322 672
322 684
322 688
322 737
322 828
322 896
322 970
324 716
324 747
324 758
324 860
324 875
325 365
325 428
325 474
325 592
325 594
325 785
325 808
325 853
325 885
325 888
326 338
326 355
326 395
326 464
326 523
326 587
326 678
326 718
326 897
327 352
327 386
327 392
327 399
327 465
327 466
327 482
327 610
327 664
327 719
327 886
327 946
329 430
329 604
329 722
329 723
329 837
329 864
329 894
329 902
329 965
330 515
330 563
330 564
330 661
330 670
330 767
330 845
330 952
333 356
333 429
333 560
333 724
333 834
333 964
337 358
337 454
337 640
337 705
337 757
337 909
337 935
337 938
338 395
338 464
338 523
338 587
338 678
338 718
338 897
339 436
339 488
339 522
339 598
339 608
339 642
339 701
339 764
339 857
340 360
340 435
340 675
340 691
340 712
340 730
340 735
340 844
340 856
340 913
341 444
341 495
341 499
341 600
341 809
341 877
341 892
341 904
345 379
345 382
345 486
345 571
345 721
345 750
345 762
345 766
345 821
352 386
352 392
352 399
352 465
352 466
352 482
352 610
352 664
352 719
352 886
352 946
355 395
355 464
355 523
355 587
355 678
355 718
355 897
356 429
356 560
356 724
356 834
356 964
358 454
358 640
358 705
358 757
358 909
358 935
358 938
360 435
360 675
360 691
360 712
360 730
360 735
360 844
360 856
360 913
364 443
364 475
364 516
364 548
364 588
364 607
364 698
364 726
364 727
364 738
364 789
364 797
364 922
364 966
365 428
365 474
365 592
365 594
365 785
365 808
365 853
365 885
365 888
366 384
366 410
366 544
366 580
366 621
366 672
366 684
366 688
366 737
366 828
366 896
366 970
368 612
368 711
368 876
370 372
370 457
370 478
370 534
370 622
370 674
370 689
370 863
370 900
370 914
370 949
370 998
372 457
372 478
372 534
372 622
372 674
372 689
372 863
372 900
372 914
372 949
372 998
373 538
373 584
373 589
373 619
373 631
373 694
373 703
373 717
373 786
373 832
373 880
373 933
373 979
373 983
374 414
374 417
374 422
374 467
374 476
374 566
374 614
374 729
374 751
374 825
374 912
374 930
379 382
379 486
379 571
379 721
379 750
379 762
379 766
379 821
380 423
380 456
380 493
380 578
380 869
380 968
382 486
382 571
382 721
382 750
382 762
382 766
382 821
384 410
384 544
384 580
384 684
384 688
384 737
384 828
384 896
384 970
385 583
385 646
385 693
385 746
385 773
385 783
385 799
385 817
385 848
385 924
385 929
385 939
385 948
385 959
386 392
386 399
386 465
386 466
386 482
386 610
386 664
386 719
386 886
386 946
387 512
387 558
387 623
387 656
387 668
387 774
387 840
387 995
392 399
392 465
392 466
392 482
392 610
392 664
392 719
392 886
392 946
395 464
395 523
395 587
395 678
395 718
395 897
397 538
397 584
397 589
397 619
397 631
397 694
397 703
397 717
397 786
397 832
397 880
397 933
397 979
397 983
399 465
399 466
399 482
399 610
399 664
399 719
399 886
399 946
404 524
404 573
404 583
404 646
404 773
404 783
404 799
404 848
404 924
404 929
404 939
404 948
404 959
406 413
406 458
406 498
406 633
406 638
406 744
406 755
406 793
406 884
406 997
406 1000
407 412
407 517
407 570
407 731
407 866
410 544
410 580
410 621
410 672
410 684
410 688
410 737
410 828
410 896
410 970
411 449
411 451
411 643
411 655
411 813
411 826
411 862
411 917
411 932
411 974
412 517
412 570
412 731
412 866
413 458
413 498
413 633
413 638
413 744
413 755
413 793
413 884
413 997
413 1000
414 417
414 422
414 467
414 476
414 566
414 614
414 729
414 751
414 825
414 912
414 930
417 422
417 467
417 476
417 566
417 614
417 729
417 751
417 825
417 912
417 930
422 467
422 476
422 566
422 614
422 729
422 751
422 825
422 912
422 930
423 456
423 493
423 578
423 869
423 968
428 474
428 592
428 594
428 785
428 808
428 853
428 885
428 888
429 560
429 724
429 834
429 964
430 604
430 722
430 723
430 837
430 864
430 894
430 902
430 965
432 575
432 651
432 801
432 859
432 878
435 675
435 691
435 712
435 730
435 735
435 844
435 856
435 913
436 488
436 522
436 598
436 608
436 642
436 701
436 764
436 857
443 516
443 588
443 607
443 698
443 726
443 727
443 738
443 789
443 797
443 922
443 966
444 495
444 499
444 600
444 809
444 877
444 892
444 904
447 516
447 548
447 607
447 698
447 726
447 727
447 738
447 789
447 797
447 922
447 966
448 459
448 501
448 545
448 693
448 773
448 783
448 799
448 817
448 848
448 924
448 929
448 939
448 948
448 959
449 451
449 643
449 655
449 813
449 826
449 862
449 917
449 932
449 974
450 647
450 657
450 671
450 692
450 709
450 720
450 725
450 742
450 778
451 643
451 655
451 813
451 826
451 862
451 917
451 932
451 974
454 640
454 705
454 757
454 909
454 935
454 938
456 493
456 578
456 869
456 968
457 478
457 534
457 622
457 674
457 689
457 863
457 900
457 914
457 949
457 998
458 498
458 633
458 638
458 744
458 755
458 793
458 884
458 997
458 1000
459 545
459 583
459 646
459 773
459 783
459 799
459 817
459 848
459 924
459 929
459 939
459 948
459 959
464 523
464 587
464 678
464 718
464 897
465 466
465 482
465 610
465 664
465 719
465 886
465 946
466 482
466 610
466 664
466 719
466 886
466 946
467 476
467 566
467 614
467 729
467 751
467 825
467 912
467 930
468 524
468 567
468 573
468 646
468 667
468 693
468 746
468 773
468 848
468 924
468 929
468 939
468 948
468 959
473 477
473 506
473 532
473 606
473 658
473 704
473 831
473 923
473 982
473 987
474 592
474 594
474 785
474 808
474 853
474 885
474 888
475 516
475 548
475 588
475 607
475 698
475 726
475 727
475 738
475 789
475 797
475 922
475 966
476 566
476 614
476 729
476 751
476 825
476 912
476 930
477 506
477 532
477 606
477 658
477 704
477 831
477 923
477 982
477 987
478 534
478 622
478 674
478 689
478 863
478 900
478 914
478 949
478 998
482 610
482 664
482 719
482 886
482 946
486 571
486 721
486 750
486 762
486 766
486 821
488 522
488 598
488 608
488 642
488 701
488 764
488 857
492 544
492 580
492 672
492 684
492 688
492 737
492 828
492 896
492 970
493 578
493 869
493 968
495 499
495 600
495 809
495 877
495 892
495 904
498 633
498 638
498 744
498 755
498 793
498 884
498 997
498 1000
499 600
499 809
499 877
499 892
499 904
501 567
501 573
501 693
501 728
501 746
501 773
501 783
501 817
501 848
501 924
501 929
501 939
501 948
501 959
506 532
506 606
506 658
506 704
506 831
506 923
506 982
506 987
512 558
512 623
512 656
512 668
512 774
512 840
512 995
513 577
513 597
513 838
513 858
513 956
513 986
515 563
515 564
515 661
515 670
515 767
515 845
515 952
516 548
516 588
516 607
516 698
516 726
516 727
516 738
516 789
516 797
516 922
516 966
517 570
517 731
517 866
520 572
520 761
520 804
520 898
522 598
522 608
522 642
522 701
522 764
522 857
523 587
523 678
523 718
523 897
524 583
524 667
524 773
524 783
524 799
524 817
524 848
524 924
524 929
524 939
524 948
524 959
532 606
532 658
532 704
532 831
532 923
532 982
532 987
534 622
534 674
534 689
534 863
534 900
534 914
534 949
534 998
538 584
538 589
538 619
538 631
538 694
538 703
538 717
538 786
538 832
538 880
538 933
538 979
538 983
544 580
544 621
544 672
544 684
544 688
544 737
544 828
544 896
544 970
545 583
545 667
545 693
545 746
545 773
545 783
545 799
545 817
545 848
545 924
545 929
545 939
545 948
545 959
548 588
548 607
548 698
548 726
548 727
548 738
548 789
548 797
548 922
548 966
558 623
558 656
558 668
558 774
558 840
558 995
560 724
560 834
560 964
563 564
563 661
563 670
563 767
563 845
563 952
564 661
564 670
564 767
564 845
564 952
566 614
566 729
566 751
566 825
566 912
566 930
567 573
567 583
567 646
567 667
567 693
567 728
567 746
567 773
567 783
567 799
567 848
567 924
567 929
567 939
567 948
567 959
570 731
570 866
571 721
571 750
571 762
571 766
571 821
572 761
572 804
572 898
573 667
573 728
573 746
573 773
573 799
573 817
573 848
573 924
573 929
573 939
573 948
573 959
575 651
575 801
575 859
575 878
577 597
577 838
577 858
577 956
577 986
578 869
578 968
580 621
580 672
580 684
580 688
580 737
580 828
580 896
580 970
583 667
583 728
583 746
583 799
583 817
583 848
583 924
583 929
583 939
583 948
583 959
584 589
584 619
584 631
584 694
584 703
584 717
584 786
584 832
584 880
584 933
584 979
584 983
585 788
585 836
587 678
587 718
587 897
588 698
588 726
588 727
588 738
588 789
588 797
588 922
588 966
589 619
589 631
589 694
589 703
589 717
589 786
589 832
589 880
589 933
589 979
589 983
592 594
592 785
592 808
592 853
592 885
592 888
594 785
594 808
594 853
594 885
594 888
597 838
597 858
597 956
597 986
598 608
598 642
598 701
598 764
598 857
600 809
600 877
600 892
600 904
604 722
604 723
604 837
604 864
604 894
604 902
604 965
606 610
606 658
606 704
606 831
606 923
606 982
606 987
607 698
607 726
607 727
607 738
607 789
607 797
607 922
607 966
608 642
608 701
608 764
608 857
610 664
610 719
610 886
610 946
612 711
612 876
614 729
614 751
614 825
614 912
614 930
619 631
619 694
619 703
619 717
619 786
619 832
619 880
619 933
619 979
619 983
621 672
621 684
621 688
621 737
621 828
621 896
621 970
622 674
622 689
622 863
622 900
622 914
622 949
622 998
623 656
623 668
623 774
623 840
623 995
631 694
631 703
631 717
631 786
631 832
631 880
631 933
631 979
631 983
633 638
633 744
633 755
633 793
633 884
633 997
633 1000
638 744
638 755
638 793
638 884
638 997
638 1000
640 705
640 757
640 909
640 935
640 938
642 701
642 764
642 857
643 655
643 813
643 826
643 862
643 917
643 932
643 974
646 667
646 693
646 728
646 746
646 773
646 783
646 799
646 817
646 848
646 924
646 929
646 939
646 948
646 959
647 657
647 671
647 692
647 709
647 720
647 725
647 742
647 778
651 801
651 859
651 878
655 813
655 826
655 862
655 917
655 932
655 974
656 668
656 774
656 840
656 995
657 671
657 692
657 709
657 720
657 725
657 742
657 778
658 704
658 831
658 923
658 982
658 987
661 670
661 767
661 845
661 952
664 719
664 886
664 946
667 693
667 728
667 773
667 783
667 799
667 817
667 848
667 924
667 929
667 939
667 948
667 959
668 774
668 840
668 995
670 767
670 845
670 952
671 692
671 709
671 720
671 725
671 742
671 778
672 684
672 688
672 737
672 828
672 896
672 970
674 689
674 863
674 900
674 914
674 949
674 998
675 691
675 712
675 730
675 735
675 844
675 856
675 913
678 718
678 897
684 737
684 828
684 896
684 970
688 737
688 828
688 896
688 970
689 863
689 900
689 914
689 949
689 998
691 712
691 730
691 735
691 809
691 844
691 856
691 913
692 709
692 720
692 725
692 742
692 778
693 728
693 746
693 783
693 817
693 848
693 924
693 929
693 939
693 948
693 959
694 703
694 717
694 786
694 832
694 880
694 933
694 979
694 983
698 726
698 727
698 738
698 789
698 797
698 922
698 966
699 700
699 734
700 734
701 764
701 857
703 717
703 786
703 832
703 880
703 933
703 979
703 983
704 831
704 923
704 982
704 987
705 757
705 909
705 935
705 938
709 720
709 725
709 742
709 778
711 876
712 730
712 735
712 844
712 856
712 913
716 747
716 758
716 860
716 875
717 786
717 832
717 880
717 933
717 979
717 983
718 897
719 886
719 946
720 725
720 742
720 778
721 750
721 762
721 766
721 821
722 723
722 837
722 864
722 894
722 902
722 965
723 837
723 864
723 894
723 902
723 965
724 834
724 964
725 742
725 778
726 727
726 738
726 789
726 797
726 922
726 966
727 738
727 789
727 797
727 922
727 966
728 746
728 773
728 783
728 799
728 817
728 848
728 924
728 929
728 939
728 948
728 959
729 751
729 825
729 912
729 930
730 735
730 844
730 856
730 913
731 866
735 844
735 856
735 913
737 828
737 896
737 970
738 789
738 797
738 922
738 966
742 778
744 755
744 793
744 884
744 997
744 1000
746 773
746 783
746 799
746 817
746 848
746 924
746 929
746 939
746 948
746 959
747 758
747 860
747 875
750 762
750 766
750 821
751 825
751 912
751 930
755 793
755 884
755 997
755 1000
757 909
757 935
757 938
758 860
758 875
761 804
761 898
762 766
762 821
764 857
766 821
767 845
767 952
773 783
773 799
773 817
773 848
773 924
773 929
773 939
773 948
773 959
774 840
774 995
783 799
783 817
783 848
783 924
783 929
783 939
783 948
783 959
785 808
785 853
785 885
785 888
786 832
786 880
786 933
786 979
786 983
788 836
789 797
789 922
789 966
793 884
793 997
793 1000
797 922
797 966
799 817
799 848
799 924
799 929
799 939
799 948
799 959
801 859
801 878
804 898
808 853
808 885
808 888
809 877
809 892
809 904
813 826
813 862
813 917
813 932
813 974
816 971
817 848
817 924
817 929
817 939
817 948
817 959
825 912
825 930
826 862
826 917
826 932
826 974
828 896
828 970
831 923
831 982
831 987
832 880
832 933
832 979
832 983
834 964
837 864
837 894
837 902
837 965
838 858
838 956
838 986
840 900
840 995
844 856
844 913
845 952
848 924
848 929
848 939
848 948
848 959
853 885
853 888
856 913
858 956
858 986
859 878
860 875
862 917
862 932
862 974
863 900
863 914
863 949
863 998
864 894
864 902
864 965
869 968
877 892
877 904
880 933
880 979
880 983
884 997
884 1000
885 888
886 946
892 904
894 902
894 965
896 970
900 914
900 949
900 998
902 965
909 935
909 938
912 930
914 949
914 998
917 932
917 974
922 966
923 982
923 987
924 929
924 939
924 948
924 959
929 939
929 948
929 959
932 974
933 979
933 983
935 938
939 948
939 959
948 959
949 998
956 986
979 983
982 987
997 1000
